1	1	1	1	1	1	1	1	1	1	1	1	1	1	1	1	1	1	1	1	1	1	1	1	1	1	1	1	1	1	1	1	1	1	1	1	1	1	1	1	1	1	1	1	1	1	1	1	1	1	1	0.999	1	1	1	0.999	0.998	0.998	0.997	0.998	0.997	0.998	0.995	0.994	0.994	0.986	0.986	0.982	0.978	0.978	0.977	0.968	0.943	0.952	0.939	0.938	0.929	0.902	0.909	0.899	0.897	0.873	0.838	0.846	0.8	0.805	0.778	0.78	0.722	0.708	0.685	0.634	0.644	0.621	0.576	0.588	0.543	0.539	0.527	0.508	
0	0	0	0	0	0	0	0	0	0	0	0	0	0	0	0	0	0	0	0	0	0	0	0	0	0	0	0	0	0	0	0	0	0	0	0	0	0	0	0	0	0	0	0	0	0	0	0	0	0	0	0	0	0	0	0	0	0	0	0	0	0	0	0	0	0	0	0	0	0	0	0	0	0	0	0	0	0	0	0	0	0	0	0	0	0	0	0	0	0	0	0	0	0	0	0	0	0	0	0	
1	1	1	1	1	1	1	1	1	1	1	1	1	1	1	1	1	1	1	1	1	1	1	1	1	1	1	1	1	1	1	1	1	1	1	1	1	1	1	1	1	1	1	1	1	1	1	1	1	1	1	1	0.999	1	1	1	0.999	0.998	1	0.996	0.999	0.999	0.995	0.995	0.995	0.989	0.989	0.991	0.988	0.979	0.978	0.97	0.962	0.954	0.949	0.907	0.916	0.876	0.87	0.837	0.811	0.801	0.756	0.721	0.69	0.653	0.629	0.559	0.539	0.531	0.479	0.467	0.411	0.399	0.338	0.357	0.313	0.282	0.278	0.25	
1	1	1	1	1	1	1	1	1	1	1	1	1	1	1	1	1	1	1	1	1	1	1	1	1	1	1	1	1	1	1	1	1	1	1	1	1	1	1	1	1	1	1	1	1	1	1	1	1	1	1	1	1	1	1	1	1	1	1	0.999	1	1	1	1	0.999	0.999	0.999	0.998	0.998	0.997	0.999	0.997	0.997	0.994	0.994	0.996	0.997	0.996	0.994	0.994	0.988	0.986	0.992	0.986	0.987	0.977	0.967	0.965	0.951	0.945	0.93	0.894	0.891	0.871	0.84	0.805	0.763	0.705	0.706	0.634	
1	1	1	1	1	1	1	1	1	1	1	1	1	1	1	1	1	1	1	1	1	1	1	1	1	1	1	1	1	1	0.999	1	1	1	1	0.999	1	1	1	1	1	1	1	1	0.999	0.998	1	0.999	1	1	1	0.998	1	0.999	1	1	1	0.999	1	0.999	1	1	1	1	0.998	1	1	0.999	0.998	0.998	0.999	0.998	0.995	0.997	0.996	0.996	0.998	0.995	0.997	0.996	0.994	0.997	0.994	0.993	0.995	0.994	0.996	0.987	0.992	0.988	0.983	0.988	0.972	0.98	0.959	0.947	0.934	0.922	0.901	0.883	
0.39	0.368	0.337	0.3	0.31	0.276	0.274	0.252	0.255	0.223	0.215	0.215	0.201	0.187	0.162	0.173	0.151	0.146	0.137	0.167	0.13	0.134	0.132	0.118	0.108	0.12	0.094	0.099	0.088	0.077	0.075	0.079	0.072	0.05	0.055	0.065	0.06	0.052	0.058	0.045	0.048	0.049	0.043	0.05	0.031	0.039	0.035	0.033	0.037	0.024	0.03	0.033	0.024	0.036	0.023	0.024	0.028	0.022	0.03	0.021	0.018	0.02	0.021	0.024	0.02	0.016	0.024	0.013	0.021	0.019	0.024	0.013	0.013	0.015	0.021	0.02	0.014	0.025	0.019	0.015	0.021	0.02	0.026	0.019	0.029	0.014	0.018	0.025	0.017	0.019	0.022	0.019	0.012	0.03	0.02	0.025	0.016	0.016	0.024	0.022	
0.31	0.313	0.297	0.276	0.3	0.3	0.285	0.32	0.303	0.291	0.289	0.276	0.276	0.293	0.292	0.268	0.298	0.279	0.275	0.269	0.286	0.293	0.275	0.296	0.26	0.26	0.266	0.255	0.255	0.239	0.288	0.257	0.25	0.247	0.234	0.255	0.224	0.246	0.249	0.238	0.223	0.223	0.218	0.228	0.239	0.225	0.197	0.223	0.185	0.213	0.194	0.2	0.197	0.208	0.191	0.18	0.162	0.173	0.17	0.182	0.186	0.15	0.153	0.142	0.147	0.164	0.155	0.15	0.133	0.123	0.143	0.118	0.116	0.115	0.099	0.095	0.104	0.077	0.092	0.073	0.059	0.07	0.066	0.055	0.052	0.036	0.044	0.042	0.039	0.027	0.02	0.029	0.017	0.015	0.01	0.01	0.007	0.006	0.005	0.005	
1	1	0.998	0.999	1	0.997	0.997	0.99	0.996	0.996	0.994	0.999	0.995	0.995	0.989	0.986	0.989	0.986	0.977	0.979	0.983	0.963	0.971	0.972	0.957	0.956	0.946	0.948	0.938	0.943	0.941	0.916	0.922	0.912	0.909	0.889	0.888	0.888	0.889	0.886	0.86	0.849	0.862	0.838	0.825	0.792	0.832	0.791	0.788	0.778	0.782	0.756	0.738	0.709	0.728	0.725	0.661	0.69	0.684	0.671	0.628	0.638	0.618	0.604	0.595	0.564	0.591	0.525	0.548	0.529	0.537	0.514	0.484	0.468	0.466	0.454	0.452	0.467	0.441	0.434	0.403	0.413	0.432	0.43	0.408	0.355	0.418	0.373	0.408	0.422	0.388	0.41	0.415	0.425	0.437	0.406	0.401	0.388	0.436	0.386	
0.031	0.012	0.019	0.025	0.017	0.026	0.015	0.016	0.016	0.014	0.013	0.007	0.009	0.009	0.012	0.009	0.008	0.01	0.007	0.011	0.011	0.011	0.01	0.007	0.008	0.004	0.004	0.008	0.006	0.003	0.005	0.003	0.003	0.003	0.003	0.004	0.007	0.001	0.002	0	0	0.004	0.005	0	0.001	0.002	0.001	0	0.001	0	0.001	0.001	0	0.001	0	0	0	0.001	0	0	0	0.001	0.001	0.001	0	0.001	0	0	0	0	0.001	0	0	0	0	0	0.001	0	0	0	0	0	0	0	0	0	0	0	0	0	0	0	0	0	0	0	0.001	0	0	0	
1	1	1	1	1	1	1	1	1	1	1	1	1	1	1	1	1	1	1	1	1	1	1	1	1	1	0.999	0.999	0.998	1	1	1	0.998	1	1	0.999	0.999	1	0.999	0.997	0.999	0.996	0.995	0.994	0.997	0.997	0.995	0.99	0.995	0.994	0.991	0.988	0.98	0.981	0.983	0.977	0.978	0.976	0.977	0.974	0.959	0.958	0.956	0.959	0.951	0.948	0.931	0.923	0.926	0.922	0.912	0.897	0.895	0.889	0.859	0.861	0.853	0.841	0.817	0.798	0.779	0.793	0.771	0.71	0.712	0.662	0.655	0.645	0.606	0.599	0.547	0.532	0.473	0.473	0.433	0.392	0.365	0.335	0.298	0.279	
1	1	1	1	1	1	1	1	1	1	1	1	1	1	1	1	1	1	1	1	1	1	1	1	1	1	1	1	1	1	1	1	1	1	1	1	1	1	1	1	1	1	1	0.999	1	1	1	0.999	1	0.999	0.998	0.998	0.997	0.997	0.992	0.998	0.997	0.992	0.987	0.993	0.986	0.974	0.972	0.966	0.956	0.935	0.935	0.914	0.903	0.862	0.838	0.816	0.769	0.747	0.686	0.666	0.652	0.562	0.538	0.487	0.413	0.38	0.325	0.303	0.26	0.191	0.173	0.147	0.106	0.062	0.059	0.038	0.033	0.011	0.009	0.009	0.002	0	0.002	0	
0	0	0	0	0	0	0	0	0	0	0	0	0	0	0	0	0	0	0	0	0	0	0	0	0	0	0	0	0	0	0	0	0	0	0	0	0	0	0	0	0	0	0	0	0.001	0	0	0.003	0.001	0.002	0.003	0.003	0.001	0.004	0.007	0.009	0.008	0.008	0.011	0.011	0.009	0.014	0.014	0.018	0.023	0.041	0.039	0.045	0.051	0.056	0.066	0.077	0.101	0.085	0.107	0.107	0.138	0.133	0.158	0.171	0.19	0.197	0.183	0.193	0.201	0.223	0.205	0.201	0.193	0.192	0.206	0.203	0.166	0.17	0.156	0.15	0.161	0.146	0.143	0.117	
1	0.999	1	1	0.999	0.998	0.998	0.999	0.996	0.997	0.994	0.992	0.998	0.993	0.988	0.997	0.99	0.987	0.987	0.987	0.981	0.976	0.975	0.97	0.976	0.967	0.966	0.974	0.965	0.961	0.954	0.952	0.952	0.955	0.943	0.928	0.931	0.939	0.941	0.915	0.925	0.918	0.917	0.9	0.893	0.884	0.902	0.863	0.876	0.869	0.832	0.851	0.827	0.84	0.833	0.837	0.791	0.807	0.776	0.766	0.764	0.769	0.741	0.739	0.736	0.723	0.732	0.703	0.701	0.695	0.663	0.671	0.681	0.671	0.658	0.646	0.659	0.626	0.627	0.606	0.613	0.601	0.589	0.605	0.596	0.615	0.57	0.57	0.551	0.551	0.559	0.523	0.524	0.539	0.521	0.48	0.49	0.442	0.416	0.411	
0.346	0.293	0.312	0.302	0.305	0.316	0.339	0.318	0.311	0.32	0.311	0.304	0.283	0.3	0.294	0.305	0.301	0.294	0.296	0.322	0.33	0.321	0.345	0.336	0.348	0.337	0.347	0.353	0.335	0.353	0.349	0.358	0.377	0.374	0.349	0.39	0.395	0.373	0.354	0.4	0.41	0.406	0.425	0.389	0.404	0.42	0.416	0.446	0.404	0.404	0.414	0.459	0.406	0.422	0.417	0.392	0.37	0.399	0.354	0.384	0.371	0.351	0.346	0.308	0.305	0.311	0.277	0.258	0.229	0.223	0.222	0.202	0.16	0.178	0.139	0.123	0.096	0.103	0.086	0.071	0.061	0.061	0.039	0.031	0.019	0.018	0.01	0.013	0.008	0.007	0.004	0.003	0.001	0.003	0.002	0.004	0.001	0.001	0.002	0.001	
1	1	1	1	0.999	0.999	0.999	0.999	1	1	0.999	0.997	0.999	0.995	0.999	0.996	0.993	0.992	0.996	0.996	0.994	0.995	0.985	0.988	0.99	0.992	0.984	0.974	0.988	0.974	0.979	0.973	0.963	0.963	0.954	0.936	0.956	0.945	0.924	0.925	0.935	0.919	0.913	0.885	0.908	0.891	0.877	0.864	0.855	0.879	0.852	0.847	0.819	0.808	0.808	0.823	0.777	0.751	0.735	0.766	0.718	0.723	0.702	0.708	0.667	0.652	0.665	0.633	0.578	0.605	0.565	0.573	0.554	0.516	0.521	0.455	0.459	0.458	0.43	0.408	0.411	0.363	0.346	0.336	0.331	0.283	0.268	0.245	0.245	0.242	0.207	0.18	0.188	0.146	0.149	0.123	0.113	0.103	0.086	0.071	
0.053	0.049	0.048	0.048	0.055	0.049	0.052	0.057	0.06	0.05	0.043	0.057	0.067	0.076	0.069	0.048	0.074	0.066	0.077	0.055	0.064	0.07	0.074	0.085	0.086	0.074	0.088	0.089	0.077	0.093	0.077	0.107	0.081	0.105	0.105	0.105	0.122	0.113	0.118	0.103	0.12	0.137	0.107	0.145	0.136	0.134	0.138	0.123	0.139	0.152	0.145	0.141	0.15	0.149	0.153	0.131	0.154	0.163	0.144	0.166	0.162	0.168	0.158	0.161	0.163	0.162	0.172	0.181	0.172	0.164	0.19	0.162	0.166	0.178	0.167	0.176	0.166	0.18	0.162	0.165	0.146	0.149	0.146	0.17	0.137	0.133	0.131	0.114	0.119	0.09	0.095	0.095	0.079	0.064	0.065	0.049	0.048	0.04	0.029	0.018	
1	1	1	1	1	1	1	1	1	1	1	1	1	1	1	1	1	1	1	1	1	1	1	1	1	1	1	1	1	1	1	1	1	1	1	1	1	1	1	1	0.999	0.999	0.997	0.998	0.999	0.995	0.999	0.998	0.998	0.997	0.99	0.992	0.993	0.987	0.979	0.982	0.974	0.979	0.978	0.969	0.95	0.948	0.94	0.937	0.933	0.916	0.896	0.878	0.874	0.841	0.806	0.792	0.79	0.775	0.75	0.69	0.699	0.645	0.614	0.595	0.547	0.546	0.493	0.46	0.423	0.368	0.351	0.33	0.282	0.264	0.218	0.186	0.186	0.121	0.102	0.077	0.062	0.056	0.033	0.031	
0.991	0.994	0.984	0.984	0.984	0.98	0.976	0.963	0.969	0.966	0.961	0.955	0.953	0.939	0.936	0.931	0.918	0.914	0.918	0.916	0.908	0.884	0.875	0.864	0.89	0.858	0.876	0.876	0.827	0.834	0.81	0.809	0.807	0.8	0.798	0.803	0.792	0.776	0.773	0.739	0.741	0.736	0.718	0.741	0.726	0.732	0.68	0.687	0.709	0.682	0.656	0.668	0.633	0.638	0.629	0.63	0.66	0.619	0.624	0.626	0.644	0.587	0.608	0.608	0.583	0.591	0.595	0.573	0.56	0.57	0.548	0.514	0.519	0.522	0.527	0.504	0.474	0.451	0.442	0.449	0.397	0.396	0.4	0.403	0.356	0.359	0.343	0.287	0.317	0.284	0.271	0.227	0.241	0.195	0.187	0.171	0.16	0.161	0.131	0.123	
1	1	1	1	1	1	1	1	1	1	1	1	1	1	1	1	1	0.998	1	0.999	0.999	1	1	0.998	1	0.998	1	0.998	0.997	0.998	0.997	0.992	0.998	0.997	0.994	1	0.994	0.995	0.993	0.988	0.99	0.983	0.981	0.987	0.978	0.978	0.967	0.963	0.971	0.968	0.954	0.953	0.949	0.934	0.917	0.915	0.905	0.914	0.889	0.901	0.875	0.869	0.856	0.834	0.813	0.804	0.761	0.772	0.723	0.73	0.711	0.693	0.66	0.668	0.629	0.576	0.563	0.544	0.499	0.433	0.457	0.414	0.373	0.344	0.289	0.262	0.249	0.222	0.147	0.137	0.126	0.078	0.071	0.062	0.04	0.018	0.022	0.012	0.012	0.006	
1	1	1	1	1	1	1	1	1	1	1	1	1	1	1	1	1	1	1	1	1	1	1	1	1	1	1	1	1	1	1	1	1	1	1	1	1	1	1	1	1	1	1	1	1	1	1	1	1	1	1	1	1	1	1	1	1	1	1	1	1	1	1	1	0.999	1	0.999	0.999	0.998	0.999	0.999	0.998	1	0.999	0.997	0.993	0.99	0.988	0.986	0.981	0.979	0.971	0.955	0.945	0.939	0.926	0.899	0.867	0.847	0.828	0.773	0.742	0.708	0.638	0.614	0.554	0.522	0.491	0.402	0.376	
0.898	0.907	0.905	0.907	0.901	0.893	0.88	0.895	0.899	0.893	0.895	0.869	0.86	0.872	0.872	0.844	0.861	0.847	0.865	0.85	0.843	0.825	0.848	0.828	0.815	0.802	0.776	0.804	0.788	0.755	0.735	0.731	0.748	0.716	0.699	0.709	0.667	0.664	0.65	0.649	0.644	0.602	0.616	0.6	0.596	0.584	0.578	0.512	0.529	0.514	0.496	0.509	0.478	0.408	0.405	0.396	0.439	0.407	0.351	0.375	0.332	0.342	0.295	0.286	0.268	0.234	0.249	0.24	0.21	0.209	0.193	0.194	0.175	0.173	0.154	0.131	0.119	0.121	0.113	0.097	0.09	0.07	0.089	0.07	0.051	0.061	0.042	0.042	0.042	0.028	0.038	0.025	0.026	0.022	0.013	0.016	0.015	0.01	0.013	0.014	
1	1	1	1	1	1	1	1	1	1	1	1	1	1	1	1	1	1	1	1	1	1	1	1	1	0.999	1	1	1	1	1	1	1	1	1	1	0.999	0.999	0.994	0.998	1	0.997	0.996	0.993	0.995	0.998	0.991	0.991	0.992	0.986	0.989	0.983	0.984	0.985	0.98	0.974	0.971	0.969	0.975	0.974	0.958	0.956	0.959	0.951	0.961	0.951	0.952	0.941	0.943	0.931	0.947	0.941	0.949	0.936	0.923	0.929	0.926	0.939	0.929	0.923	0.938	0.92	0.917	0.917	0.921	0.934	0.909	0.922	0.922	0.914	0.92	0.904	0.909	0.902	0.913	0.915	0.906	0.906	0.88	0.898	
0.402	0.382	0.368	0.354	0.308	0.309	0.299	0.281	0.288	0.275	0.265	0.236	0.234	0.225	0.213	0.175	0.203	0.159	0.169	0.152	0.156	0.15	0.143	0.12	0.116	0.121	0.104	0.13	0.111	0.103	0.101	0.098	0.092	0.093	0.076	0.075	0.065	0.082	0.065	0.076	0.064	0.076	0.07	0.072	0.057	0.067	0.072	0.072	0.062	0.061	0.057	0.066	0.065	0.052	0.061	0.074	0.064	0.056	0.051	0.063	0.068	0.056	0.064	0.076	0.077	0.072	0.088	0.081	0.063	0.076	0.065	0.089	0.085	0.084	0.1	0.087	0.092	0.094	0.108	0.126	0.094	0.113	0.118	0.105	0.1	0.136	0.11	0.123	0.121	0.115	0.098	0.112	0.096	0.082	0.069	0.059	0.055	0.051	0.033	0.031	
0.051	0.043	0.037	0.03	0.04	0.027	0.027	0.026	0.024	0.024	0.013	0.023	0.015	0.02	0.009	0.01	0.014	0.02	0.01	0.012	0.013	0.007	0.012	0.014	0.004	0.009	0.011	0.008	0.001	0.002	0.003	0.008	0.002	0.005	0.004	0.003	0.005	0.007	0	0.004	0	0.003	0.001	0.006	0.003	0	0	0	0	0	0.001	0	0	0.001	0.001	0.001	0.001	0.001	0	0.001	0.002	0.001	0.001	0	0	0.001	0	0.001	0.001	0	0	0	0	0	0.001	0	0.002	0.001	0	0.002	0.001	0.002	0.001	0.002	0.003	0	0	0.003	0.008	0.005	0.01	0.006	0.013	0.007	0.007	0.025	0.015	0.017	0.022	0.018	
0.986	0.984	0.984	0.975	0.98	0.961	0.968	0.958	0.96	0.954	0.948	0.94	0.943	0.927	0.938	0.926	0.904	0.917	0.894	0.898	0.888	0.886	0.88	0.899	0.883	0.84	0.859	0.851	0.854	0.846	0.836	0.817	0.839	0.815	0.823	0.807	0.782	0.787	0.815	0.765	0.769	0.754	0.747	0.75	0.747	0.734	0.723	0.739	0.73	0.697	0.711	0.706	0.701	0.692	0.677	0.647	0.665	0.66	0.629	0.609	0.616	0.586	0.593	0.608	0.578	0.547	0.538	0.493	0.495	0.486	0.467	0.467	0.432	0.418	0.414	0.347	0.359	0.344	0.319	0.286	0.267	0.252	0.258	0.222	0.217	0.176	0.133	0.167	0.128	0.101	0.089	0.083	0.066	0.065	0.045	0.04	0.032	0.038	0.021	0.014	
0.717	0.702	0.678	0.673	0.663	0.62	0.582	0.585	0.554	0.556	0.519	0.474	0.45	0.455	0.38	0.409	0.371	0.367	0.303	0.335	0.303	0.268	0.244	0.222	0.239	0.215	0.173	0.187	0.158	0.158	0.136	0.121	0.145	0.107	0.096	0.099	0.083	0.071	0.072	0.055	0.055	0.051	0.047	0.028	0.022	0.032	0.036	0.019	0.02	0.02	0.028	0.017	0.015	0.015	0.015	0.013	0.014	0.013	0.01	0.005	0.005	0.006	0.011	0.007	0.008	0.003	0.002	0.004	0.002	0	0.003	0.003	0.006	0.004	0.001	0.002	0.003	0	0	0.001	0.002	0	0.001	0.001	0	0	0	0.001	0	0.002	0	0	0	0.001	0	0.001	0	0.003	0.001	0	
1	1	1	1	1	1	1	1	1	1	1	1	1	1	1	1	1	1	1	1	1	1	1	1	1	1	1	1	1	1	1	1	1	1	1	1	1	1	1	1	1	1	1	1	1	1	1	1	1	1	1	1	1	1	1	1	1	1	1	1	1	1	1	1	1	1	1	1	1	1	1	1	1	1	1	1	1	1	1	0.999	1	0.999	0.997	0.997	0.996	0.995	0.986	0.982	0.966	0.953	0.944	0.917	0.855	0.823	0.761	0.715	0.645	0.525	0.473	0.378	
0.997	0.996	0.999	0.997	0.995	0.99	0.992	0.994	0.985	0.985	0.991	0.974	0.971	0.971	0.979	0.978	0.973	0.972	0.959	0.961	0.96	0.939	0.942	0.922	0.926	0.931	0.919	0.903	0.905	0.885	0.866	0.857	0.865	0.841	0.841	0.812	0.781	0.754	0.758	0.752	0.735	0.712	0.698	0.664	0.651	0.612	0.615	0.6	0.567	0.54	0.568	0.512	0.482	0.487	0.459	0.419	0.416	0.382	0.363	0.329	0.319	0.308	0.262	0.262	0.238	0.213	0.22	0.181	0.169	0.149	0.154	0.144	0.136	0.121	0.108	0.096	0.102	0.083	0.067	0.053	0.06	0.057	0.049	0.043	0.038	0.03	0.026	0.025	0.026	0.018	0.019	0.011	0.019	0.007	0.01	0.007	0.009	0.007	0.006	0.002	
1	1	1	1	1	1	1	1	1	1	1	1	1	1	1	1	1	1	1	1	1	1	1	1	1	1	1	1	1	1	1	1	1	1	1	1	1	1	1	1	1	1	1	1	1	1	0.999	1	1	1	1	1	0.999	0.998	1	1	1	0.998	0.999	0.999	0.999	1	1	0.998	1	1	1	0.996	1	0.997	1	1	0.996	0.998	0.996	0.997	0.999	0.996	0.998	0.995	0.995	0.996	0.994	0.996	0.994	0.995	0.99	0.991	0.979	0.98	0.975	0.978	0.963	0.96	0.964	0.951	0.934	0.935	0.913	0.892	
0.023	0.024	0.017	0.019	0.011	0.014	0.018	0.008	0.009	0.013	0.007	0.011	0.005	0.009	0.008	0.004	0.008	0.008	0.007	0.007	0.005	0.003	0.002	0	0.001	0.003	0.001	0	0	0.001	0	0.002	0.003	0.001	0.001	0.002	0	0	0	0	0	0	0	0.001	0	0	0	0	0	0	0	0	0	0	0	0	0	0	0	0	0	0	0	0	0	0	0	0	0	0	0	0	0	0	0	0	0	0	0	0	0	0	0	0	0	0	0	0	0	0	0	0	0	0	0	0	0	0	0	0	
1	1	1	1	1	1	1	1	1	1	1	1	1	1	1	1	1	1	1	1	1	1	1	1	1	1	1	1	1	1	1	0.999	1	1	1	1	1	0.999	1	1	1	0.999	0.999	1	0.998	0.998	0.997	0.999	0.995	0.997	0.994	0.998	0.994	0.996	0.99	0.995	0.994	0.993	0.99	0.991	0.992	0.987	0.986	0.984	0.986	0.988	0.981	0.988	0.983	0.976	0.978	0.975	0.982	0.984	0.975	0.973	0.968	0.963	0.968	0.977	0.956	0.956	0.946	0.943	0.946	0.951	0.913	0.927	0.911	0.895	0.891	0.845	0.818	0.822	0.776	0.713	0.66	0.633	0.602	0.544	
1	1	1	1	1	1	1	1	1	1	1	1	1	1	1	1	1	1	1	1	1	1	1	1	1	1	1	1	1	1	1	1	1	1	1	1	1	1	1	1	1	1	1	1	1	1	1	1	1	1	1	1	1	1	1	1	1	1	1	1	1	1	1	1	1	1	1	1	1	1	1	0.999	1	1	1	1	1	0.999	1	1	1	1	0.999	0.999	1	0.999	0.999	0.997	0.998	0.998	0.997	0.999	0.999	0.998	0.998	0.995	0.994	0.995	0.997	0.997	
1	1	1	1	1	1	1	1	1	1	1	1	1	1	1	0.999	1	1	1	1	0.998	0.999	0.999	1	1	0.999	1	0.998	0.997	0.995	0.997	0.995	0.997	0.995	0.995	0.997	0.991	0.991	0.994	0.998	0.988	0.989	0.988	0.988	0.978	0.985	0.977	0.974	0.96	0.963	0.968	0.955	0.951	0.949	0.931	0.944	0.935	0.929	0.916	0.914	0.914	0.908	0.891	0.888	0.876	0.859	0.876	0.85	0.836	0.842	0.818	0.792	0.803	0.778	0.779	0.761	0.724	0.73	0.713	0.703	0.63	0.658	0.629	0.603	0.596	0.573	0.503	0.516	0.465	0.42	0.401	0.37	0.345	0.31	0.249	0.213	0.199	0.158	0.13	0.118	
1	1	1	1	1	1	1	1	1	1	1	1	1	1	1	1	1	1	1	1	1	1	1	1	1	1	1	1	1	1	1	1	1	1	1	1	1	1	1	1	1	1	1	1	1	1	1	1	1	1	1	1	1	1	1	1	1	1	1	1	1	1	1	1	1	1	0.999	1	1	1	1	1	1	0.997	1	1	1	0.997	0.998	0.996	0.999	0.998	0.999	0.995	0.992	0.996	0.995	0.992	0.984	0.988	0.985	0.988	0.97	0.97	0.964	0.958	0.944	0.951	0.929	0.908	
0.053	0.043	0.047	0.026	0.033	0.027	0.027	0.031	0.025	0.026	0.022	0.021	0.016	0.018	0.017	0.019	0.017	0.012	0.013	0.011	0.013	0.015	0.007	0.009	0.01	0.009	0.013	0.01	0.005	0.011	0.006	0.006	0.008	0.01	0.001	0.009	0.008	0.018	0.005	0.007	0.011	0.012	0.01	0.004	0.008	0.008	0.018	0.014	0.009	0.013	0.023	0.011	0.014	0.012	0.013	0.016	0.023	0.019	0.02	0.025	0.022	0.029	0.016	0.026	0.023	0.035	0.026	0.032	0.036	0.031	0.047	0.041	0.031	0.061	0.046	0.052	0.057	0.061	0.052	0.047	0.07	0.063	0.064	0.043	0.051	0.041	0.054	0.049	0.045	0.039	0.043	0.042	0.046	0.036	0.023	0.034	0.02	0.016	0.016	0.021	
0.998	1	1	0.999	0.996	0.999	1	0.997	0.997	0.995	0.996	0.993	0.986	0.997	0.992	0.988	0.985	0.987	0.981	0.973	0.982	0.975	0.975	0.973	0.98	0.958	0.953	0.95	0.956	0.94	0.935	0.943	0.926	0.92	0.886	0.917	0.899	0.882	0.876	0.872	0.86	0.847	0.843	0.826	0.822	0.793	0.784	0.748	0.788	0.75	0.716	0.671	0.705	0.681	0.684	0.639	0.638	0.628	0.587	0.578	0.545	0.534	0.521	0.462	0.469	0.468	0.424	0.402	0.37	0.351	0.32	0.298	0.255	0.266	0.24	0.209	0.197	0.19	0.144	0.164	0.125	0.091	0.089	0.079	0.056	0.058	0.039	0.034	0.025	0.015	0.009	0.014	0.012	0.009	0.002	0.004	0.006	0.003	0.001	0.002	
0.933	0.913	0.9	0.916	0.898	0.898	0.923	0.876	0.885	0.878	0.884	0.904	0.864	0.841	0.857	0.856	0.841	0.842	0.853	0.848	0.815	0.825	0.821	0.813	0.812	0.828	0.815	0.819	0.79	0.795	0.775	0.784	0.77	0.779	0.764	0.782	0.758	0.74	0.738	0.725	0.73	0.732	0.738	0.708	0.729	0.706	0.7	0.681	0.684	0.678	0.634	0.671	0.654	0.65	0.652	0.65	0.639	0.638	0.608	0.617	0.593	0.571	0.588	0.569	0.563	0.552	0.56	0.517	0.52	0.482	0.513	0.48	0.469	0.453	0.427	0.435	0.408	0.394	0.372	0.407	0.325	0.373	0.288	0.304	0.316	0.268	0.259	0.228	0.228	0.192	0.198	0.168	0.169	0.158	0.127	0.109	0.108	0.096	0.075	0.058	
1	1	1	1	1	1	1	1	1	1	1	1	1	1	1	1	1	1	1	1	1	1	1	1	1	1	1	1	1	1	1	1	1	1	1	1	1	1	1	1	1	1	1	1	1	1	1	1	1	0.999	1	0.999	0.999	0.999	1	1	0.998	1	0.999	0.997	0.996	0.997	0.997	0.998	0.998	0.995	0.992	0.993	0.991	0.99	0.991	0.989	0.985	0.977	0.986	0.977	0.979	0.974	0.971	0.976	0.962	0.955	0.952	0.961	0.949	0.933	0.923	0.921	0.92	0.882	0.875	0.883	0.854	0.846	0.818	0.771	0.763	0.733	0.704	0.672	
0.482	0.471	0.481	0.487	0.492	0.472	0.51	0.475	0.492	0.494	0.525	0.476	0.476	0.472	0.498	0.517	0.5	0.485	0.506	0.52	0.525	0.528	0.524	0.525	0.544	0.548	0.533	0.594	0.544	0.566	0.58	0.597	0.601	0.589	0.559	0.577	0.615	0.6	0.599	0.617	0.63	0.659	0.664	0.658	0.676	0.649	0.681	0.689	0.701	0.731	0.732	0.735	0.746	0.707	0.752	0.753	0.763	0.794	0.809	0.815	0.806	0.823	0.836	0.847	0.859	0.867	0.879	0.872	0.898	0.907	0.927	0.928	0.936	0.943	0.94	0.958	0.974	0.966	0.969	0.971	0.98	0.981	0.985	0.98	0.988	0.996	0.993	0.995	0.996	0.997	0.996	0.994	0.997	0.997	0.999	0.998	0.998	0.999	0.995	0.995	
1	1	1	1	1	1	1	1	1	1	0.999	1	1	0.996	1	0.996	0.995	0.998	0.996	0.999	0.996	0.993	0.993	0.994	0.994	0.991	0.99	0.988	0.993	0.985	0.986	0.982	0.979	0.973	0.968	0.971	0.967	0.961	0.96	0.941	0.942	0.941	0.931	0.925	0.922	0.927	0.912	0.909	0.908	0.889	0.889	0.879	0.855	0.874	0.858	0.832	0.837	0.841	0.812	0.813	0.788	0.809	0.769	0.782	0.747	0.75	0.722	0.728	0.691	0.68	0.668	0.687	0.667	0.674	0.638	0.644	0.617	0.597	0.552	0.547	0.536	0.496	0.516	0.486	0.479	0.427	0.447	0.444	0.394	0.376	0.347	0.357	0.325	0.3	0.278	0.255	0.233	0.214	0.204	0.172	
0.121	0.122	0.119	0.104	0.133	0.126	0.128	0.118	0.143	0.157	0.15	0.169	0.19	0.16	0.171	0.193	0.2	0.217	0.204	0.231	0.24	0.249	0.224	0.274	0.267	0.258	0.271	0.289	0.289	0.304	0.308	0.318	0.315	0.344	0.338	0.325	0.358	0.375	0.371	0.402	0.409	0.391	0.381	0.411	0.444	0.441	0.416	0.443	0.427	0.47	0.431	0.49	0.476	0.481	0.52	0.487	0.503	0.51	0.536	0.514	0.508	0.548	0.524	0.534	0.505	0.507	0.547	0.504	0.508	0.533	0.53	0.526	0.525	0.544	0.497	0.541	0.522	0.504	0.509	0.502	0.519	0.456	0.464	0.449	0.445	0.413	0.429	0.419	0.383	0.395	0.383	0.344	0.345	0.328	0.301	0.326	0.271	0.285	0.25	0.247	
1	1	1	1	1	1	1	1	1	1	1	1	1	1	1	1	1	1	1	1	1	1	1	1	1	1	1	1	1	1	1	1	1	1	1	1	1	1	1	1	1	1	0.999	1	1	1	1	1	1	1	1	1	1	1	1	1	0.999	1	0.999	0.998	1	0.998	0.999	0.997	0.995	0.999	0.997	0.997	0.996	0.997	0.995	0.994	0.988	0.989	0.985	0.986	0.987	0.978	0.982	0.972	0.973	0.968	0.967	0.946	0.948	0.922	0.925	0.94	0.907	0.891	0.873	0.868	0.85	0.84	0.806	0.754	0.78	0.733	0.71	0.679	
0.006	0.005	0.003	0.003	0.003	0.001	0.006	0.002	0.004	0.002	0.002	0.001	0.002	0.002	0.001	0.001	0.001	0.001	0	0	0	0	0	0	0	0.001	0	0	0	0	0	0	0	0	0	0	0	0.001	0	0	0	0	0	0	0	0	0	0	0	0	0	0	0	0	0	0	0	0	0	0	0	0	0	0	0	0	0	0	0	0	0	0	0	0	0	0	0	0	0	0	0	0	0	0	0	0	0	0	0	0	0	0	0	0	0	0	0	0	0	0	
0.884	0.9	0.882	0.852	0.863	0.847	0.821	0.798	0.803	0.777	0.75	0.716	0.754	0.715	0.702	0.687	0.675	0.657	0.655	0.64	0.622	0.586	0.624	0.561	0.562	0.526	0.56	0.536	0.546	0.491	0.492	0.474	0.473	0.456	0.462	0.442	0.41	0.421	0.407	0.389	0.375	0.367	0.372	0.366	0.355	0.315	0.33	0.312	0.304	0.282	0.298	0.28	0.265	0.284	0.273	0.25	0.222	0.229	0.215	0.218	0.21	0.199	0.174	0.21	0.166	0.152	0.154	0.147	0.135	0.136	0.131	0.132	0.123	0.108	0.104	0.094	0.083	0.081	0.081	0.058	0.075	0.045	0.044	0.045	0.044	0.038	0.024	0.014	0.009	0.011	0.013	0.011	0.004	0.007	0.005	0.001	0.006	0.001	0.001	0	
0.867	0.892	0.878	0.868	0.851	0.827	0.846	0.827	0.811	0.824	0.813	0.798	0.782	0.798	0.775	0.771	0.789	0.768	0.752	0.745	0.746	0.747	0.715	0.71	0.682	0.693	0.69	0.669	0.675	0.642	0.648	0.631	0.622	0.574	0.61	0.594	0.586	0.58	0.537	0.555	0.51	0.531	0.494	0.506	0.497	0.471	0.46	0.458	0.48	0.425	0.439	0.42	0.403	0.399	0.41	0.383	0.378	0.329	0.354	0.325	0.297	0.314	0.308	0.265	0.275	0.27	0.244	0.258	0.229	0.204	0.172	0.173	0.162	0.143	0.152	0.152	0.128	0.117	0.125	0.102	0.091	0.074	0.074	0.059	0.054	0.042	0.04	0.021	0.022	0.016	0.011	0.012	0.009	0.005	0.007	0.002	0.002	0.001	0.003	0	
1	1	1	1	1	1	1	1	1	1	1	1	1	1	1	1	1	1	1	1	1	1	1	1	1	1	1	1	1	1	1	1	1	1	1	1	1	1	1	1	1	1	1	1	1	1	1	1	1	1	1	1	1	1	1	1	1	1	1	1	1	1	1	1	1	1	1	1	0.998	1	0.999	1	0.998	0.998	0.999	1	1	0.998	0.999	0.999	0.999	0.998	0.995	1	0.997	0.999	0.997	0.997	0.994	0.988	0.996	0.993	0.992	0.99	0.992	0.985	0.976	0.975	0.974	0.98	
1	1	1	1	1	1	1	1	1	1	1	1	1	1	1	1	1	1	1	1	1	1	1	1	1	1	1	1	1	1	1	1	1	0.999	1	1	1	1	1	0.999	0.998	0.999	0.999	0.993	0.995	0.997	0.994	0.993	0.988	0.984	0.993	0.981	0.977	0.982	0.968	0.964	0.965	0.959	0.936	0.947	0.927	0.914	0.895	0.876	0.882	0.843	0.839	0.817	0.764	0.75	0.752	0.717	0.715	0.641	0.638	0.6	0.564	0.513	0.447	0.443	0.409	0.379	0.316	0.275	0.241	0.234	0.197	0.167	0.143	0.089	0.08	0.082	0.053	0.039	0.023	0.02	0.012	0.009	0.003	0.002	
1	1	1	1	1	1	1	1	1	1	1	1	1	1	1	1	1	0.999	1	0.999	1	1	1	0.997	0.998	0.999	0.996	0.998	0.995	0.995	0.987	0.991	0.994	0.985	0.99	0.985	0.981	0.985	0.977	0.974	0.965	0.958	0.952	0.951	0.949	0.946	0.932	0.912	0.919	0.911	0.912	0.913	0.91	0.866	0.863	0.84	0.819	0.842	0.806	0.794	0.795	0.817	0.774	0.752	0.741	0.74	0.704	0.74	0.713	0.649	0.649	0.654	0.645	0.609	0.589	0.587	0.543	0.532	0.489	0.48	0.463	0.439	0.381	0.354	0.319	0.31	0.292	0.262	0.232	0.209	0.193	0.154	0.128	0.128	0.092	0.09	0.089	0.067	0.058	0.042	
0.999	0.998	0.998	0.998	0.996	0.999	0.996	0.996	0.994	0.988	0.991	0.99	0.991	0.983	0.983	0.98	0.978	0.967	0.97	0.962	0.952	0.948	0.939	0.913	0.918	0.901	0.879	0.878	0.876	0.847	0.816	0.814	0.768	0.753	0.748	0.71	0.691	0.658	0.615	0.6	0.555	0.531	0.496	0.458	0.427	0.407	0.365	0.322	0.309	0.253	0.231	0.224	0.193	0.16	0.128	0.122	0.123	0.094	0.063	0.075	0.047	0.044	0.024	0.029	0.021	0.017	0.011	0.009	0.009	0.007	0.008	0.004	0	0.003	0.001	0.002	0.002	0.001	0.001	0.001	0	0	0	0	0.001	0	0.002	0	0	0	0	0	0	0	0	0	0	0	0	0	
0.583	0.597	0.614	0.587	0.619	0.602	0.582	0.603	0.626	0.587	0.59	0.596	0.608	0.614	0.624	0.641	0.628	0.616	0.627	0.637	0.604	0.624	0.616	0.624	0.623	0.641	0.623	0.639	0.61	0.601	0.627	0.603	0.595	0.603	0.631	0.599	0.59	0.603	0.603	0.583	0.592	0.553	0.574	0.585	0.55	0.518	0.57	0.523	0.526	0.581	0.546	0.546	0.509	0.496	0.513	0.503	0.501	0.478	0.469	0.507	0.47	0.475	0.47	0.481	0.466	0.44	0.451	0.406	0.413	0.417	0.422	0.431	0.377	0.372	0.356	0.376	0.362	0.351	0.318	0.32	0.307	0.275	0.289	0.26	0.263	0.259	0.222	0.217	0.194	0.207	0.188	0.187	0.172	0.166	0.176	0.159	0.177	0.14	0.156	0.179	
0.998	0.998	0.994	0.998	0.995	0.997	0.996	0.989	0.993	0.98	0.983	0.982	0.978	0.976	0.974	0.962	0.958	0.957	0.951	0.953	0.946	0.94	0.908	0.91	0.896	0.902	0.896	0.883	0.855	0.859	0.849	0.846	0.825	0.799	0.798	0.804	0.775	0.76	0.761	0.733	0.754	0.726	0.722	0.707	0.707	0.672	0.68	0.622	0.625	0.629	0.611	0.615	0.602	0.598	0.555	0.58	0.545	0.553	0.53	0.531	0.546	0.485	0.51	0.5	0.482	0.463	0.452	0.457	0.419	0.421	0.451	0.433	0.432	0.419	0.41	0.419	0.413	0.397	0.408	0.389	0.388	0.417	0.4	0.402	0.418	0.37	0.398	0.384	0.391	0.393	0.374	0.354	0.342	0.35	0.359	0.319	0.318	0.283	0.302	0.291	
0.816	0.817	0.812	0.795	0.783	0.794	0.807	0.784	0.767	0.768	0.795	0.787	0.781	0.769	0.787	0.773	0.79	0.75	0.786	0.784	0.767	0.792	0.774	0.798	0.804	0.784	0.79	0.779	0.812	0.805	0.803	0.787	0.816	0.813	0.829	0.856	0.813	0.837	0.83	0.842	0.833	0.848	0.85	0.842	0.848	0.862	0.863	0.875	0.878	0.853	0.866	0.893	0.857	0.901	0.906	0.872	0.895	0.887	0.886	0.885	0.89	0.893	0.888	0.896	0.875	0.889	0.872	0.893	0.883	0.875	0.883	0.87	0.85	0.863	0.844	0.859	0.805	0.834	0.809	0.797	0.79	0.793	0.767	0.766	0.738	0.721	0.714	0.71	0.679	0.657	0.664	0.612	0.596	0.601	0.593	0.587	0.544	0.515	0.516	0.492	
1	1	1	1	1	1	1	1	1	1	1	1	1	1	1	1	1	1	1	1	1	1	1	1	1	1	1	1	1	1	1	1	1	1	1	1	1	1	1	1	1	1	1	1	1	1	1	1	1	1	1	1	1	1	1	1	0.999	1	0.997	0.999	1	1	0.999	1	0.998	1	0.999	0.998	0.999	0.998	0.998	0.998	0.999	0.995	0.998	0.999	0.996	0.992	0.994	0.992	0.991	0.991	0.984	0.986	0.986	0.984	0.978	0.972	0.965	0.972	0.963	0.966	0.963	0.944	0.932	0.944	0.918	0.932	0.916	0.885	
0.834	0.812	0.777	0.767	0.75	0.75	0.737	0.708	0.689	0.694	0.672	0.655	0.607	0.619	0.61	0.58	0.603	0.575	0.539	0.56	0.498	0.538	0.519	0.489	0.446	0.453	0.443	0.391	0.451	0.385	0.396	0.395	0.378	0.361	0.292	0.317	0.356	0.313	0.337	0.287	0.296	0.248	0.247	0.257	0.232	0.26	0.208	0.222	0.193	0.217	0.196	0.185	0.193	0.165	0.138	0.127	0.157	0.116	0.125	0.127	0.107	0.118	0.086	0.099	0.088	0.082	0.07	0.052	0.062	0.04	0.034	0.027	0.029	0.03	0.016	0.02	0.021	0.013	0.011	0.012	0.006	0.003	0.002	0.002	0.001	0.001	0.001	0.001	0.001	0	0.001	0.001	0	0	0	0	0	0	0	0	
1	1	1	1	1	1	1	1	1	1	1	1	1	1	1	1	1	1	1	1	1	1	1	1	1	1	1	1	1	1	1	1	1	1	1	1	1	1	1	1	1	0.999	1	1	1	1	0.998	1	0.999	0.999	0.999	1	0.998	0.995	1	0.996	0.999	0.998	0.992	0.99	0.996	0.987	0.991	0.986	0.993	0.988	0.989	0.983	0.988	0.981	0.983	0.975	0.977	0.965	0.963	0.961	0.962	0.949	0.959	0.951	0.952	0.946	0.935	0.926	0.919	0.934	0.911	0.913	0.904	0.897	0.886	0.878	0.872	0.867	0.845	0.805	0.824	0.805	0.78	0.739	
1	1	1	1	1	1	1	1	1	1	1	1	1	1	1	1	1	1	1	1	1	1	1	1	1	1	1	1	1	1	1	1	1	1	1	1	1	1	1	1	1	1	1	1	1	1	1	1	1	1	1	1	1	1	1	1	1	1	1	1	1	1	1	1	1	1	1	1	1	1	1	1	1	1	1	1	1	1	1	1	1	1	1	1	1	1	1	1	1	1	1	1	1	1	1	1	1	1	1	1	
0.139	0.104	0.109	0.098	0.077	0.069	0.048	0.058	0.053	0.037	0.033	0.036	0.04	0.025	0.032	0.039	0.019	0.024	0.019	0.016	0.015	0.011	0.014	0.009	0.011	0.013	0.011	0.006	0.011	0.011	0.007	0.005	0.007	0.011	0.005	0.006	0.004	0.003	0.005	0.002	0.002	0.003	0.004	0.007	0.002	0.005	0.007	0.008	0.009	0.002	0.005	0.009	0.005	0.003	0.001	0.003	0	0.001	0.005	0.002	0.003	0.002	0.002	0	0.004	0.002	0.002	0.003	0	0.003	0.003	0.001	0.003	0.001	0.002	0.002	0	0.001	0.001	0	0	0.001	0	0	0.001	0	0	0	0	0	0	0	0	0	0	0	0	0	0	0	
0.068	0.045	0.032	0.034	0.035	0.02	0.014	0.016	0.008	0.006	0.01	0.003	0.002	0.001	0.003	0.001	0.001	0	0.001	0	0.001	0	0	0	0	0	0	0	0	0	0	0	0	0	0	0	0	0	0	0	0	0	0	0	0	0	0	0	0	0	0	0	0	0	0	0	0	0	0	0	0	0	0	0	0	0	0	0	0	0	0	0	0	0	0	0	0	0	0	0	0	0	0	0	0	0	0	0	0	0	0	0	0.001	0	0	0	0	0	0	0.001	
0.299	0.327	0.35	0.336	0.318	0.293	0.277	0.298	0.289	0.261	0.244	0.255	0.245	0.263	0.24	0.194	0.211	0.218	0.216	0.189	0.17	0.147	0.163	0.151	0.136	0.129	0.118	0.119	0.102	0.111	0.095	0.079	0.102	0.063	0.067	0.078	0.093	0.073	0.069	0.061	0.061	0.059	0.041	0.047	0.047	0.056	0.039	0.034	0.043	0.03	0.029	0.027	0.03	0.034	0.025	0.025	0.03	0.027	0.02	0.023	0.024	0.017	0.014	0.019	0.016	0.025	0.023	0.02	0.018	0.007	0.011	0.011	0.016	0.007	0.008	0.012	0.007	0.013	0.005	0.007	0.004	0.006	0.007	0.014	0.004	0.004	0.005	0.004	0.003	0.002	0.004	0.003	0.001	0.001	0.002	0.005	0.004	0.001	0.002	0.002	
0.999	0.998	0.997	0.997	0.995	0.991	0.995	0.99	0.983	0.989	0.988	0.97	0.977	0.979	0.971	0.965	0.95	0.943	0.945	0.937	0.931	0.924	0.892	0.907	0.879	0.852	0.838	0.846	0.845	0.816	0.785	0.775	0.738	0.764	0.692	0.68	0.677	0.693	0.636	0.616	0.569	0.563	0.521	0.515	0.485	0.489	0.432	0.39	0.391	0.379	0.319	0.312	0.285	0.256	0.267	0.233	0.219	0.205	0.194	0.156	0.153	0.143	0.118	0.099	0.106	0.091	0.071	0.06	0.062	0.041	0.041	0.026	0.023	0.025	0.02	0.014	0.013	0.015	0.015	0.004	0.007	0.01	0.007	0.006	0.001	0.002	0	0	0	0.001	0.001	0.001	0	0	0	0	0	0	0	0	
0.185	0.208	0.218	0.256	0.251	0.27	0.293	0.299	0.298	0.316	0.283	0.328	0.321	0.353	0.333	0.313	0.356	0.344	0.394	0.384	0.37	0.383	0.395	0.39	0.414	0.389	0.414	0.401	0.402	0.421	0.402	0.402	0.396	0.419	0.421	0.418	0.391	0.393	0.397	0.396	0.459	0.407	0.375	0.421	0.374	0.386	0.379	0.403	0.423	0.39	0.392	0.374	0.348	0.399	0.381	0.372	0.293	0.362	0.328	0.331	0.352	0.32	0.276	0.332	0.302	0.28	0.289	0.284	0.267	0.258	0.262	0.241	0.229	0.217	0.213	0.19	0.187	0.197	0.176	0.146	0.177	0.136	0.143	0.12	0.123	0.112	0.124	0.11	0.11	0.099	0.095	0.087	0.09	0.095	0.1	0.098	0.085	0.094	0.091	0.075	
0.573	0.571	0.546	0.561	0.508	0.492	0.484	0.456	0.437	0.428	0.405	0.39	0.367	0.35	0.346	0.347	0.323	0.317	0.304	0.29	0.268	0.276	0.255	0.238	0.259	0.225	0.216	0.213	0.186	0.189	0.198	0.183	0.169	0.181	0.165	0.16	0.133	0.138	0.138	0.13	0.146	0.12	0.115	0.1	0.085	0.109	0.094	0.085	0.076	0.087	0.074	0.076	0.069	0.06	0.057	0.062	0.067	0.041	0.054	0.059	0.037	0.04	0.036	0.037	0.043	0.038	0.033	0.021	0.037	0.031	0.034	0.021	0.01	0.024	0.015	0.008	0.013	0.014	0.007	0.009	0.01	0.004	0.005	0.009	0.004	0.002	0.001	0.002	0.001	0.002	0	0	0	0	0	0	0	0	0	0	
0.697	0.678	0.63	0.668	0.635	0.613	0.626	0.609	0.594	0.592	0.595	0.576	0.578	0.588	0.557	0.548	0.563	0.543	0.519	0.514	0.507	0.504	0.493	0.504	0.463	0.45	0.455	0.414	0.436	0.423	0.416	0.372	0.425	0.397	0.331	0.356	0.357	0.336	0.331	0.333	0.341	0.339	0.326	0.29	0.282	0.276	0.306	0.259	0.276	0.253	0.211	0.224	0.222	0.198	0.201	0.175	0.191	0.194	0.166	0.169	0.12	0.161	0.148	0.142	0.12	0.112	0.095	0.087	0.079	0.063	0.077	0.069	0.066	0.063	0.049	0.043	0.031	0.03	0.029	0.02	0.032	0.018	0.016	0.008	0.008	0.006	0.004	0.001	0.003	0.002	0.001	0	0.001	0	0	0	0	0.001	0	0	
0.998	0.995	0.997	0.993	0.996	0.998	0.991	0.987	0.988	0.986	0.992	0.987	0.987	0.975	0.983	0.978	0.977	0.976	0.978	0.976	0.978	0.962	0.97	0.966	0.954	0.957	0.955	0.953	0.937	0.951	0.936	0.938	0.939	0.947	0.937	0.914	0.934	0.92	0.92	0.903	0.909	0.903	0.887	0.892	0.896	0.893	0.844	0.886	0.878	0.851	0.858	0.855	0.846	0.843	0.856	0.835	0.847	0.83	0.813	0.816	0.81	0.823	0.808	0.797	0.793	0.776	0.799	0.775	0.76	0.763	0.737	0.747	0.755	0.738	0.731	0.715	0.678	0.702	0.698	0.703	0.692	0.656	0.658	0.665	0.643	0.64	0.631	0.609	0.583	0.589	0.562	0.557	0.521	0.532	0.528	0.484	0.491	0.463	0.441	0.41	
1	1	1	0.999	0.998	0.999	0.999	0.997	0.997	0.996	0.994	0.994	0.995	0.996	0.991	0.987	0.993	0.981	0.984	0.987	0.973	0.968	0.974	0.954	0.968	0.958	0.959	0.949	0.926	0.936	0.928	0.912	0.9	0.893	0.89	0.897	0.865	0.866	0.838	0.832	0.818	0.804	0.77	0.78	0.743	0.772	0.738	0.719	0.701	0.653	0.669	0.618	0.662	0.599	0.586	0.579	0.549	0.507	0.522	0.481	0.478	0.459	0.448	0.419	0.385	0.416	0.375	0.366	0.348	0.326	0.328	0.276	0.281	0.278	0.235	0.203	0.226	0.222	0.183	0.169	0.164	0.111	0.126	0.123	0.124	0.093	0.079	0.075	0.057	0.059	0.046	0.029	0.027	0.032	0.023	0.008	0.01	0.009	0.006	0.006	
1	1	1	1	1	1	1	1	1	1	1	1	1	1	1	1	1	1	1	1	1	1	1	1	1	1	1	1	1	1	1	1	1	1	1	1	1	1	1	1	1	1	1	1	1	1	1	1	1	1	1	1	1	1	1	1	1	1	1	1	1	1	1	1	1	1	1	1	1	0.999	1	0.998	1	1	1	1	0.998	0.996	0.999	1	0.999	0.998	0.998	1	0.996	0.997	0.997	0.996	0.993	0.992	0.993	0.992	0.994	0.989	0.995	0.982	0.986	0.983	0.979	0.984	
0.948	0.948	0.951	0.942	0.927	0.916	0.914	0.884	0.905	0.874	0.853	0.875	0.863	0.824	0.842	0.799	0.804	0.791	0.768	0.752	0.734	0.703	0.728	0.717	0.687	0.683	0.663	0.656	0.646	0.623	0.562	0.575	0.555	0.559	0.51	0.523	0.458	0.476	0.448	0.435	0.424	0.395	0.384	0.369	0.339	0.334	0.304	0.28	0.284	0.28	0.237	0.242	0.215	0.207	0.195	0.156	0.151	0.149	0.136	0.138	0.101	0.103	0.089	0.088	0.088	0.077	0.065	0.055	0.038	0.042	0.044	0.036	0.029	0.029	0.032	0.017	0.013	0.011	0.011	0.009	0.015	0.01	0.008	0.006	0.004	0.004	0.004	0.005	0.002	0	0.002	0.001	0.001	0.001	0.003	0.002	0	0.001	0	0	
1	1	1	1	1	1	1	1	1	1	1	1	1	1	1	1	1	1	1	1	1	1	1	1	1	1	1	1	1	1	1	1	1	1	1	1	1	1	1	1	1	1	1	1	1	1	1	1	1	1	1	1	1	1	1	1	1	1	1	1	1	1	1	1	1	1	1	1	1	1	1	1	1	1	1	1	1	1	1	1	1	1	1	1	1	1	1	1	1	1	0.999	1	1	0.999	0.997	0.999	0.998	0.993	0.992	0.99	
0.98	0.981	0.981	0.97	0.969	0.967	0.958	0.939	0.957	0.924	0.929	0.93	0.915	0.908	0.888	0.908	0.897	0.881	0.868	0.836	0.859	0.813	0.833	0.838	0.792	0.782	0.782	0.753	0.753	0.758	0.729	0.706	0.707	0.695	0.694	0.663	0.66	0.654	0.632	0.617	0.597	0.597	0.607	0.585	0.576	0.562	0.555	0.541	0.527	0.504	0.508	0.502	0.451	0.473	0.462	0.455	0.447	0.403	0.438	0.438	0.419	0.408	0.38	0.373	0.378	0.342	0.331	0.342	0.323	0.297	0.293	0.267	0.264	0.263	0.259	0.26	0.25	0.252	0.212	0.225	0.198	0.195	0.191	0.186	0.161	0.124	0.132	0.119	0.117	0.097	0.096	0.07	0.054	0.046	0.063	0.04	0.034	0.038	0.025	0.019	
0.999	1	1	1	0.999	1	0.998	0.999	0.999	0.997	1	0.996	0.996	0.997	0.995	0.996	0.997	0.998	1	0.998	0.999	0.994	0.995	0.995	0.988	0.989	0.991	0.99	0.986	0.987	0.99	0.989	0.978	0.975	0.98	0.972	0.961	0.967	0.959	0.964	0.942	0.95	0.941	0.914	0.898	0.912	0.889	0.872	0.869	0.842	0.823	0.832	0.799	0.78	0.767	0.745	0.737	0.685	0.679	0.658	0.602	0.596	0.564	0.522	0.484	0.457	0.428	0.419	0.388	0.359	0.303	0.28	0.26	0.205	0.179	0.137	0.132	0.131	0.1	0.082	0.052	0.05	0.04	0.026	0.016	0.013	0.009	0.012	0.006	0.001	0.003	0.003	0.001	0.001	0.001	0.001	0	0	0	0	
1	1	1	1	1	1	1	1	1	1	1	1	1	1	1	1	1	1	1	1	1	1	1	1	1	1	1	1	1	1	1	1	1	1	1	1	1	1	1	1	1	1	1	1	1	1	1	1	1	1	1	1	0.999	1	0.999	1	1	0.997	0.999	0.994	0.995	0.993	0.999	0.987	0.988	0.99	0.987	0.99	0.986	0.984	0.988	0.978	0.967	0.967	0.965	0.95	0.96	0.961	0.957	0.952	0.941	0.922	0.933	0.924	0.924	0.904	0.921	0.907	0.906	0.9	0.879	0.874	0.867	0.886	0.873	0.861	0.856	0.874	0.86	0.877	
0.751	0.758	0.713	0.686	0.652	0.656	0.629	0.585	0.547	0.576	0.507	0.476	0.472	0.479	0.463	0.425	0.377	0.351	0.375	0.332	0.322	0.3	0.268	0.251	0.239	0.231	0.207	0.191	0.199	0.171	0.155	0.145	0.133	0.12	0.124	0.124	0.115	0.08	0.094	0.084	0.084	0.071	0.064	0.053	0.056	0.055	0.055	0.054	0.031	0.039	0.033	0.042	0.029	0.03	0.029	0.019	0.015	0.018	0.017	0.014	0.009	0.016	0.008	0.012	0.01	0.011	0.007	0.009	0.008	0.011	0.005	0.005	0.002	0.002	0	0.001	0.002	0.002	0.001	0.001	0.001	0	0	0.001	0	0	0	0	0	0	0	0	0	0	0	0	0	0	0	0	
0.598	0.569	0.572	0.558	0.543	0.508	0.516	0.489	0.479	0.458	0.47	0.427	0.431	0.433	0.411	0.382	0.378	0.349	0.393	0.364	0.325	0.339	0.347	0.329	0.319	0.35	0.276	0.305	0.317	0.296	0.295	0.283	0.279	0.281	0.244	0.283	0.287	0.277	0.255	0.258	0.233	0.231	0.253	0.23	0.211	0.191	0.218	0.19	0.174	0.193	0.169	0.191	0.164	0.157	0.161	0.151	0.142	0.13	0.13	0.13	0.127	0.134	0.104	0.102	0.117	0.095	0.09	0.077	0.079	0.079	0.082	0.083	0.086	0.06	0.043	0.055	0.053	0.049	0.033	0.028	0.026	0.026	0.028	0.014	0.012	0.01	0.019	0.01	0.011	0.004	0.008	0.005	0.003	0.002	0	0.001	0.002	0	0.002	0	
1	1	0.999	1	1	1	0.999	0.999	1	0.999	0.995	0.999	0.993	0.994	0.995	0.991	0.992	0.988	0.987	0.974	0.986	0.975	0.97	0.962	0.95	0.945	0.937	0.908	0.922	0.909	0.863	0.869	0.849	0.863	0.814	0.83	0.795	0.773	0.753	0.736	0.739	0.721	0.712	0.701	0.706	0.652	0.618	0.628	0.619	0.597	0.598	0.547	0.546	0.566	0.5	0.498	0.49	0.434	0.478	0.42	0.434	0.393	0.405	0.392	0.386	0.379	0.37	0.368	0.344	0.327	0.326	0.33	0.327	0.352	0.313	0.292	0.318	0.293	0.302	0.303	0.308	0.298	0.302	0.273	0.296	0.295	0.284	0.305	0.293	0.249	0.272	0.249	0.249	0.214	0.232	0.24	0.247	0.251	0.24	0.232	
1	1	1	1	0.999	1	0.999	1	0.997	0.995	0.994	0.99	0.992	0.986	0.987	0.982	0.977	0.971	0.976	0.961	0.974	0.964	0.963	0.953	0.948	0.947	0.942	0.938	0.92	0.918	0.915	0.916	0.918	0.905	0.889	0.887	0.881	0.867	0.889	0.845	0.856	0.86	0.836	0.842	0.846	0.827	0.809	0.818	0.809	0.819	0.794	0.781	0.795	0.773	0.742	0.754	0.751	0.746	0.726	0.712	0.705	0.711	0.664	0.704	0.664	0.664	0.653	0.639	0.631	0.63	0.594	0.57	0.552	0.562	0.52	0.518	0.478	0.486	0.474	0.454	0.419	0.424	0.386	0.35	0.331	0.311	0.296	0.263	0.265	0.231	0.2	0.159	0.166	0.136	0.109	0.09	0.073	0.062	0.056	0.046	
0.966	0.959	0.967	0.942	0.931	0.945	0.922	0.894	0.903	0.902	0.873	0.849	0.844	0.832	0.827	0.799	0.782	0.744	0.734	0.704	0.682	0.669	0.673	0.639	0.635	0.589	0.598	0.535	0.541	0.515	0.524	0.491	0.48	0.461	0.453	0.441	0.407	0.415	0.4	0.371	0.361	0.364	0.352	0.319	0.339	0.296	0.326	0.289	0.328	0.299	0.286	0.295	0.277	0.246	0.247	0.263	0.233	0.261	0.224	0.264	0.253	0.241	0.243	0.243	0.239	0.219	0.231	0.219	0.234	0.203	0.18	0.17	0.195	0.174	0.158	0.13	0.126	0.132	0.122	0.122	0.116	0.095	0.081	0.064	0.065	0.061	0.053	0.049	0.057	0.046	0.035	0.039	0.04	0.039	0.038	0.03	0.038	0.042	0.037	0.045	
0.047	0.044	0.042	0.035	0.035	0.045	0.039	0.033	0.023	0.037	0.029	0.032	0.052	0.035	0.045	0.031	0.027	0.022	0.036	0.018	0.02	0.021	0.02	0.027	0.018	0.016	0.025	0.024	0.014	0.02	0.016	0.014	0.018	0.014	0.009	0.018	0.01	0.009	0.01	0.01	0.005	0.007	0.007	0.002	0.004	0.004	0.008	0.003	0.003	0.003	0.005	0.004	0.004	0.001	0.003	0.001	0.001	0.001	0	0	0.002	0	0.002	0.001	0.001	0	0.001	0	0	0.001	0	0	0	0	0	0	0	0	0	0	0	0	0	0	0	0	0	0	0	0	0	0	0	0	0	0	0	0	0	0	
1	1	1	1	1	1	1	1	1	1	1	1	1	1	1	1	1	1	1	1	1	1	1	1	1	1	1	1	1	1	1	1	1	1	1	1	1	1	1	1	1	1	1	1	1	1	1	1	1	1	1	1	1	1	1	1	1	1	1	1	1	1	1	1	1	1	1	1	1	1	1	1	1	1	1	1	1	1	0.999	0.998	1	0.999	0.995	0.995	0.994	0.99	0.977	0.981	0.968	0.968	0.93	0.917	0.893	0.843	0.823	0.799	0.743	0.701	0.614	0.547	
0.636	0.616	0.539	0.533	0.529	0.501	0.519	0.484	0.479	0.47	0.459	0.42	0.399	0.403	0.391	0.383	0.372	0.321	0.319	0.305	0.329	0.266	0.278	0.239	0.226	0.22	0.204	0.173	0.184	0.159	0.133	0.136	0.122	0.115	0.101	0.102	0.102	0.073	0.074	0.06	0.073	0.05	0.051	0.049	0.031	0.024	0.022	0.031	0.009	0.013	0.011	0.015	0.008	0.002	0.001	0.004	0.005	0.003	0.002	0.002	0.001	0.001	0.001	0.001	0.001	0.001	0	0.001	0	0	0	0	0	0	0	0	0	0	0	0	0	0	0	0	0	0	0	0	0	0	0	0	0	0	0	0	0	0	0	0	
1	1	0.999	1	1	1	1	1	1	1	1	1	1	1	1	1	1	1	1	1	1	1	1	1	1	1	1	1	1	1	1	0.999	1	1	1	1	1	1	1	0.999	1	1	1	1	1	0.999	0.999	0.999	0.997	0.999	1	0.997	0.996	0.996	0.997	0.995	0.995	0.997	0.991	0.998	0.987	0.987	0.986	0.983	0.982	0.96	0.956	0.966	0.952	0.95	0.946	0.918	0.913	0.892	0.881	0.877	0.869	0.843	0.822	0.786	0.768	0.762	0.735	0.739	0.695	0.681	0.62	0.632	0.576	0.58	0.548	0.515	0.46	0.463	0.395	0.386	0.366	0.303	0.247	0.24	
0.004	0.002	0.004	0.004	0.002	0.005	0.004	0.003	0.005	0.001	0.002	0.006	0.004	0.002	0.005	0.001	0.007	0.005	0.002	0.008	0.008	0.005	0.003	0.007	0.001	0.007	0.008	0.005	0.003	0.005	0.011	0.004	0.005	0.003	0.008	0.004	0.005	0.004	0.004	0.01	0.004	0.006	0.004	0.007	0.011	0.01	0.009	0.002	0.006	0.008	0.008	0.006	0.009	0.012	0.01	0.01	0.006	0.009	0.008	0.005	0.006	0.007	0.009	0.005	0.004	0.008	0.006	0.013	0.004	0.003	0.011	0.008	0.009	0.01	0.009	0.01	0.005	0.005	0.01	0.005	0.007	0.009	0.01	0.007	0.005	0.008	0.006	0.012	0.006	0.006	0.005	0.004	0.012	0.007	0.007	0.004	0.004	0.005	0.003	0.002	
0.267	0.258	0.234	0.229	0.215	0.229	0.201	0.166	0.177	0.177	0.155	0.167	0.149	0.132	0.128	0.132	0.122	0.127	0.099	0.102	0.108	0.101	0.102	0.097	0.093	0.075	0.077	0.081	0.082	0.067	0.058	0.065	0.054	0.053	0.053	0.064	0.051	0.043	0.038	0.042	0.054	0.035	0.029	0.026	0.039	0.033	0.027	0.019	0.023	0.027	0.024	0.02	0.024	0.018	0.02	0.018	0.014	0.016	0.018	0.015	0.01	0.011	0.008	0.008	0.013	0.009	0.008	0.007	0.005	0.005	0.008	0.006	0.005	0.003	0.005	0.001	0.001	0.002	0.004	0.001	0.001	0.001	0.001	0.001	0.001	0.001	0	0.001	0	0	0	0	0	0	0	0	0	0	0	0	
1	1	1	1	1	1	1	1	1	1	1	1	1	1	1	1	1	1	1	1	1	1	1	1	1	1	1	1	1	1	1	1	1	1	1	1	1	1	1	1	1	1	1	1	1	1	1	1	1	1	1	1	1	1	1	1	1	1	1	1	1	1	1	1	1	1	1	1	1	1	1	1	1	0.996	1	0.999	0.999	0.995	0.997	0.995	0.991	0.995	0.989	0.979	0.977	0.962	0.963	0.931	0.904	0.891	0.849	0.794	0.769	0.742	0.648	0.579	0.526	0.495	0.384	0.339	
1	1	1	1	1	1	1	1	1	1	1	1	1	1	1	1	1	1	1	1	1	1	1	1	1	1	1	1	1	1	1	1	1	1	1	1	1	1	1	1	1	1	1	1	1	1	1	1	1	1	1	1	1	1	1	1	1	1	1	1	1	1	1	0.999	1	1	1	1	0.999	1	1	0.999	0.999	1	0.999	0.997	0.998	0.998	0.995	0.998	0.995	0.994	0.994	0.988	0.991	0.983	0.982	0.98	0.977	0.96	0.96	0.957	0.925	0.901	0.898	0.874	0.841	0.774	0.781	0.754	
0.963	0.966	0.959	0.939	0.959	0.948	0.957	0.947	0.942	0.931	0.937	0.927	0.95	0.927	0.943	0.921	0.93	0.935	0.941	0.927	0.915	0.906	0.902	0.908	0.885	0.903	0.905	0.885	0.905	0.894	0.901	0.873	0.882	0.877	0.881	0.889	0.868	0.867	0.856	0.875	0.886	0.873	0.896	0.861	0.846	0.863	0.853	0.868	0.88	0.839	0.846	0.867	0.857	0.854	0.853	0.864	0.871	0.835	0.855	0.863	0.864	0.88	0.856	0.904	0.869	0.881	0.88	0.884	0.887	0.893	0.89	0.893	0.883	0.893	0.897	0.89	0.883	0.908	0.89	0.91	0.89	0.888	0.894	0.876	0.865	0.849	0.841	0.832	0.802	0.785	0.756	0.74	0.698	0.668	0.639	0.53	0.541	0.491	0.388	0.361	
0.494	0.46	0.445	0.415	0.419	0.386	0.368	0.357	0.348	0.329	0.323	0.301	0.282	0.241	0.23	0.22	0.227	0.18	0.169	0.165	0.157	0.14	0.141	0.126	0.108	0.095	0.107	0.076	0.082	0.058	0.063	0.071	0.065	0.045	0.047	0.036	0.036	0.036	0.025	0.023	0.021	0.009	0.015	0.013	0.003	0.013	0.007	0.003	0.006	0.006	0.004	0.005	0.001	0.001	0.002	0.001	0.001	0.001	0	0.002	0.001	0.001	0.002	0.002	0	0	0	0	0	0	0	0	0	0.001	0.001	0	0	0	0	0	0	0	0	0	0	0	0	0	0	0	0	0	0	0	0	0	0	0	0	0	
0.528	0.535	0.525	0.512	0.491	0.518	0.506	0.516	0.497	0.551	0.515	0.528	0.528	0.535	0.512	0.529	0.524	0.531	0.477	0.555	0.512	0.516	0.51	0.513	0.499	0.496	0.489	0.522	0.467	0.511	0.536	0.515	0.504	0.497	0.475	0.512	0.51	0.483	0.454	0.452	0.44	0.42	0.466	0.465	0.432	0.447	0.418	0.417	0.373	0.392	0.377	0.363	0.325	0.356	0.325	0.308	0.287	0.273	0.292	0.287	0.26	0.231	0.209	0.209	0.24	0.191	0.156	0.171	0.161	0.128	0.136	0.103	0.078	0.08	0.065	0.072	0.055	0.044	0.043	0.037	0.021	0.023	0.015	0.013	0.016	0.006	0.005	0.006	0.003	0.004	0.001	0.002	0	0	0	0	0.001	0	0	0	
0.315	0.344	0.308	0.292	0.29	0.288	0.284	0.279	0.258	0.262	0.256	0.274	0.296	0.251	0.259	0.245	0.247	0.225	0.243	0.214	0.253	0.208	0.22	0.21	0.208	0.204	0.206	0.196	0.194	0.169	0.181	0.196	0.159	0.147	0.172	0.147	0.152	0.143	0.157	0.138	0.121	0.119	0.101	0.119	0.096	0.092	0.086	0.099	0.084	0.088	0.069	0.066	0.065	0.074	0.076	0.056	0.044	0.053	0.032	0.035	0.034	0.032	0.021	0.025	0.023	0.012	0.014	0.016	0.014	0.015	0.012	0.004	0.008	0.009	0.002	0.005	0.001	0.005	0	0.001	0	0.001	0.001	0.001	0	0.001	0	0.001	0	0	0	0	0	0	0	0	0	0	0	0	
1	1	1	1	1	1	1	1	1	1	1	1	1	1	1	1	1	1	1	1	1	1	1	1	1	1	1	1	1	1	1	1	1	1	1	1	1	1	1	1	0.999	1	1	1	1	1	1	1	1	1	1	1	0.999	1	1	1	0.998	0.999	0.999	0.999	1	0.999	0.997	0.998	0.996	0.997	0.997	0.995	0.99	0.994	0.987	0.986	0.989	0.988	0.979	0.964	0.972	0.962	0.946	0.95	0.928	0.936	0.934	0.896	0.874	0.869	0.848	0.86	0.809	0.781	0.754	0.68	0.679	0.619	0.573	0.515	0.471	0.436	0.39	0.316	
0.999	0.992	0.996	0.999	0.99	0.995	0.995	0.996	0.995	0.988	0.991	0.988	0.99	0.99	0.991	0.987	0.991	0.991	0.992	0.989	0.99	0.987	0.982	0.984	0.991	0.982	0.984	0.983	0.974	0.981	0.972	0.976	0.977	0.975	0.963	0.969	0.97	0.964	0.969	0.958	0.961	0.946	0.949	0.951	0.933	0.939	0.929	0.931	0.924	0.918	0.929	0.898	0.89	0.9	0.882	0.878	0.872	0.86	0.818	0.829	0.822	0.816	0.794	0.787	0.795	0.753	0.728	0.732	0.7	0.68	0.656	0.659	0.603	0.581	0.593	0.544	0.519	0.479	0.456	0.424	0.4	0.359	0.345	0.313	0.296	0.292	0.256	0.219	0.195	0.2	0.182	0.154	0.139	0.111	0.121	0.095	0.094	0.086	0.064	0.071	
0.986	0.982	0.98	0.981	0.977	0.98	0.974	0.966	0.973	0.968	0.973	0.954	0.959	0.941	0.954	0.936	0.948	0.938	0.928	0.925	0.92	0.901	0.877	0.89	0.897	0.864	0.881	0.867	0.844	0.844	0.862	0.836	0.823	0.802	0.796	0.757	0.778	0.783	0.788	0.743	0.725	0.725	0.716	0.71	0.686	0.644	0.658	0.644	0.62	0.624	0.596	0.607	0.583	0.529	0.553	0.534	0.535	0.494	0.519	0.545	0.486	0.506	0.448	0.42	0.432	0.427	0.414	0.367	0.373	0.402	0.354	0.367	0.363	0.341	0.35	0.345	0.334	0.312	0.305	0.298	0.282	0.293	0.257	0.264	0.272	0.237	0.255	0.231	0.212	0.211	0.187	0.158	0.156	0.143	0.127	0.111	0.102	0.092	0.074	0.072	
0.011	0.006	0.004	0.002	0.004	0.001	0.003	0.002	0.003	0.002	0	0.003	0.001	0.001	0	0	0	0	0.001	0	0	0	0	0	0	0	0	0	0	0	0	0	0	0	0	0	0	0	0	0	0	0	0	0	0	0	0	0	0	0	0	0	0	0	0	0	0	0	0	0	0	0	0	0	0	0	0	0	0	0	0	0	0	0	0	0	0	0	0	0	0	0	0	0	0	0	0	0	0	0	0	0	0	0	0	0	0	0	0	0	
1	1	1	1	1	1	1	1	1	1	1	0.999	0.999	1	1	1	0.999	0.999	0.998	1	0.999	1	1	0.998	0.998	0.999	0.999	0.997	0.996	1	0.999	0.997	0.998	0.997	0.998	0.998	0.996	0.997	0.997	0.993	0.998	0.988	0.991	0.99	0.987	0.99	0.992	0.985	0.988	0.983	0.978	0.983	0.98	0.975	0.972	0.971	0.962	0.957	0.961	0.94	0.941	0.95	0.936	0.933	0.935	0.915	0.922	0.907	0.91	0.888	0.85	0.846	0.826	0.835	0.826	0.813	0.772	0.749	0.744	0.715	0.735	0.702	0.651	0.634	0.605	0.575	0.538	0.501	0.478	0.457	0.437	0.445	0.394	0.339	0.333	0.295	0.294	0.248	0.229	0.191	
0.993	0.997	0.988	0.993	0.988	0.978	0.987	0.986	0.975	0.977	0.969	0.974	0.961	0.963	0.962	0.961	0.958	0.937	0.934	0.939	0.929	0.913	0.913	0.888	0.909	0.89	0.889	0.879	0.859	0.845	0.869	0.821	0.839	0.806	0.818	0.805	0.791	0.792	0.735	0.752	0.73	0.722	0.711	0.697	0.679	0.714	0.687	0.65	0.628	0.643	0.605	0.592	0.585	0.591	0.571	0.561	0.554	0.572	0.517	0.497	0.499	0.488	0.487	0.489	0.467	0.465	0.461	0.455	0.42	0.429	0.422	0.43	0.394	0.388	0.381	0.37	0.366	0.352	0.352	0.344	0.359	0.342	0.344	0.306	0.296	0.306	0.323	0.296	0.289	0.314	0.273	0.249	0.274	0.238	0.258	0.24	0.232	0.222	0.208	0.206	
0	0	0.001	0	0	0	0.001	0	0	0.001	0	0.001	0.001	0	0	0	0.001	0	0	0	0	0	0	0	0	0	0	0	0	0	0	0	0	0	0	0	0	0	0	0	0	0	0	0	0	0	0	0	0	0	0	0	0.001	0	0	0	0	0	0	0	0	0	0	0	0	0	0	0	0	0	0	0	0	0	0	0	0	0	0	0	0	0	0	0	0	0	0	0	0	0	0	0	0	0	0	0	0	0	0	0	
0	0	0.001	0	0	0	0	0.001	0	0	0	0	0	0	0	0.001	0	0	0	0	0	0	0	0	0	0	0.001	0.001	0	0	0	0.002	0	0	0	0	0	0	0	0	0	0	0.001	0	0	0.002	0	0.001	0	0.001	0	0	0	0	0	0	0.001	0.001	0.002	0	0	0.001	0.001	0	0	0	0	0	0	0.001	0.001	0	0	0	0.001	0	0	0	0	0	0	0	0	0	0	0	0	0	0	0	0	0	0	0	0	0	0	0	0	0	
0.999	0.996	0.998	0.998	0.996	0.997	0.988	0.988	0.987	0.984	0.978	0.977	0.98	0.97	0.974	0.96	0.947	0.942	0.926	0.944	0.913	0.909	0.902	0.884	0.884	0.862	0.851	0.852	0.84	0.818	0.816	0.818	0.805	0.772	0.782	0.761	0.731	0.696	0.698	0.703	0.68	0.664	0.641	0.639	0.634	0.58	0.581	0.603	0.538	0.563	0.508	0.484	0.498	0.482	0.472	0.463	0.431	0.438	0.428	0.397	0.391	0.375	0.349	0.36	0.337	0.342	0.296	0.281	0.272	0.263	0.295	0.234	0.225	0.209	0.19	0.187	0.168	0.151	0.168	0.117	0.115	0.112	0.087	0.087	0.086	0.059	0.066	0.056	0.041	0.032	0.038	0.036	0.016	0.02	0.017	0.015	0.017	0.007	0.011	0.01	
1	1	1	1	1	1	1	1	1	1	1	1	1	1	1	1	1	1	1	1	1	1	1	1	1	1	1	1	1	1	1	1	1	1	1	1	1	1	1	1	1	1	1	1	1	1	1	1	1	1	1	1	1	1	1	1	1	1	1	1	1	1	1	0.999	1	0.999	0.999	0.999	0.997	0.998	0.999	0.998	0.996	0.997	0.999	0.997	0.993	0.992	0.992	0.995	0.991	0.989	0.98	0.983	0.979	0.982	0.98	0.972	0.963	0.943	0.943	0.918	0.914	0.885	0.848	0.821	0.79	0.736	0.679	0.622	
0.918	0.914	0.894	0.892	0.89	0.883	0.889	0.868	0.863	0.878	0.902	0.859	0.868	0.868	0.854	0.864	0.85	0.845	0.857	0.876	0.844	0.87	0.851	0.829	0.846	0.833	0.813	0.84	0.829	0.831	0.822	0.834	0.819	0.827	0.824	0.794	0.806	0.826	0.812	0.794	0.804	0.783	0.769	0.742	0.748	0.778	0.757	0.726	0.733	0.682	0.69	0.686	0.665	0.645	0.637	0.616	0.568	0.584	0.569	0.537	0.545	0.521	0.483	0.444	0.432	0.449	0.387	0.337	0.337	0.332	0.318	0.315	0.277	0.257	0.25	0.235	0.204	0.173	0.197	0.165	0.168	0.152	0.13	0.128	0.155	0.15	0.171	0.188	0.171	0.227	0.224	0.286	0.31	0.339	0.36	0.426	0.434	0.444	0.495	0.52	
0.001	0	0	0.001	0.001	0	0	0	0	0	0	0	0	0	0	0	0	0	0	0	0	0	0	0	0	0	0	0	0	0	0	0	0	0	0	0	0	0	0	0	0	0	0	0	0	0	0	0	0	0	0	0	0	0	0	0	0	0	0	0	0	0	0	0	0	0	0	0	0	0	0	0	0	0	0	0	0	0	0	0	0	0	0	0	0	0	0	0	0	0	0	0	0	0	0	0	0	0	0	0	
