1	1	1	1	1	1	1	1	1	1	1	1	1	1	1	1	1	1	1	1	1	1	1	0.998	1	0.999	1	0.999	0.998	0.999	0.999	0.998	0.999	0.994	0.999	0.994	0.991	0.994	0.987	0.991	0.988	0.985	0.987	0.977	0.982	0.98	0.976	0.978	0.966	0.954	0.954	0.965	0.945	0.942	0.939	0.924	0.924	0.926	0.91	0.903	0.894	0.896	0.901	0.878	0.857	0.855	0.851	0.852	0.815	0.798	0.832	0.808	0.817	0.794	0.813	0.802	0.782	0.778	0.778	0.757	0.782	0.795	0.78	0.788	0.771	0.805	0.808	0.788	0.793	0.82	0.84	0.861	0.835	0.862	0.873	0.866	0.879	0.885	0.882	0.852	
0.421	0.426	0.368	0.383	0.403	0.347	0.367	0.364	0.357	0.339	0.348	0.304	0.338	0.314	0.298	0.29	0.274	0.275	0.272	0.266	0.26	0.262	0.233	0.213	0.233	0.217	0.211	0.2	0.203	0.191	0.185	0.188	0.174	0.132	0.154	0.151	0.141	0.123	0.13	0.12	0.121	0.133	0.119	0.093	0.098	0.085	0.101	0.09	0.089	0.084	0.073	0.071	0.069	0.084	0.064	0.056	0.062	0.058	0.054	0.039	0.048	0.06	0.036	0.05	0.042	0.039	0.037	0.033	0.031	0.03	0.038	0.026	0.032	0.024	0.039	0.026	0.026	0.03	0.021	0.022	0.021	0.029	0.022	0.026	0.017	0.029	0.013	0.015	0.023	0.021	0.024	0.017	0.018	0.014	0.019	0.02	0.008	0.016	0.016	0.013	
1	1	1	1	1	0.998	1	0.999	1	1	0.999	0.998	0.998	0.998	0.999	1	0.998	0.997	0.995	0.998	0.993	0.991	0.993	0.987	0.992	0.99	0.979	0.99	0.981	0.985	0.969	0.974	0.968	0.967	0.959	0.969	0.95	0.955	0.948	0.948	0.942	0.93	0.936	0.93	0.915	0.912	0.91	0.914	0.893	0.858	0.885	0.845	0.861	0.865	0.829	0.8	0.811	0.808	0.771	0.771	0.777	0.749	0.757	0.718	0.682	0.686	0.67	0.654	0.623	0.63	0.599	0.582	0.605	0.536	0.519	0.504	0.498	0.458	0.462	0.417	0.404	0.374	0.359	0.328	0.327	0.311	0.282	0.248	0.268	0.208	0.165	0.185	0.168	0.167	0.136	0.138	0.115	0.12	0.088	0.087	
1	0.996	0.997	0.995	0.995	0.997	0.998	0.996	0.996	0.997	0.999	0.995	0.997	0.995	0.996	0.994	0.995	0.99	0.996	0.996	0.998	0.992	0.992	0.992	0.996	0.991	0.987	0.991	0.987	0.99	0.982	0.991	0.981	0.993	0.987	0.981	0.987	0.982	0.983	0.971	0.97	0.968	0.972	0.975	0.971	0.967	0.969	0.961	0.965	0.964	0.959	0.953	0.956	0.957	0.94	0.947	0.94	0.953	0.918	0.934	0.921	0.927	0.913	0.908	0.882	0.889	0.9	0.883	0.868	0.843	0.841	0.842	0.862	0.812	0.795	0.792	0.753	0.754	0.751	0.706	0.699	0.688	0.663	0.656	0.635	0.587	0.578	0.541	0.539	0.534	0.492	0.456	0.454	0.41	0.418	0.401	0.348	0.361	0.325	0.318	
0.366	0.369	0.385	0.426	0.392	0.391	0.377	0.442	0.422	0.437	0.439	0.431	0.473	0.473	0.483	0.472	0.468	0.493	0.516	0.523	0.49	0.526	0.537	0.535	0.527	0.567	0.564	0.608	0.589	0.6	0.608	0.573	0.628	0.614	0.598	0.62	0.628	0.623	0.604	0.601	0.614	0.604	0.598	0.562	0.557	0.56	0.574	0.516	0.558	0.534	0.492	0.469	0.451	0.431	0.44	0.426	0.402	0.363	0.368	0.332	0.308	0.303	0.277	0.257	0.215	0.206	0.187	0.168	0.144	0.149	0.129	0.121	0.086	0.085	0.076	0.064	0.059	0.046	0.039	0.03	0.033	0.023	0.016	0.02	0.011	0.006	0.003	0.013	0.01	0.008	0.002	0.008	0.007	0.01	0.007	0.005	0.008	0.006	0.005	0.005	
0.772	0.788	0.768	0.778	0.738	0.778	0.735	0.744	0.756	0.752	0.72	0.74	0.741	0.711	0.735	0.695	0.695	0.712	0.678	0.666	0.688	0.646	0.654	0.656	0.624	0.653	0.651	0.583	0.625	0.592	0.597	0.627	0.579	0.583	0.606	0.56	0.515	0.551	0.56	0.537	0.506	0.506	0.487	0.49	0.471	0.466	0.486	0.434	0.451	0.417	0.413	0.398	0.378	0.404	0.364	0.329	0.34	0.349	0.308	0.299	0.277	0.268	0.257	0.25	0.235	0.244	0.24	0.191	0.204	0.176	0.149	0.152	0.175	0.122	0.126	0.119	0.096	0.104	0.082	0.081	0.079	0.05	0.062	0.06	0.043	0.047	0.034	0.032	0.024	0.017	0.017	0.03	0.012	0.014	0.011	0.01	0.012	0.004	0.004	0.002	
0.992	0.997	0.994	0.99	0.985	0.989	0.982	0.979	0.974	0.985	0.97	0.968	0.963	0.96	0.953	0.949	0.948	0.927	0.92	0.932	0.908	0.902	0.887	0.884	0.852	0.863	0.861	0.845	0.845	0.817	0.815	0.801	0.802	0.764	0.759	0.749	0.726	0.697	0.736	0.717	0.693	0.64	0.638	0.639	0.667	0.603	0.602	0.578	0.545	0.562	0.525	0.51	0.503	0.488	0.44	0.469	0.411	0.438	0.418	0.389	0.391	0.36	0.335	0.305	0.296	0.293	0.263	0.256	0.247	0.236	0.215	0.202	0.21	0.173	0.191	0.161	0.148	0.138	0.146	0.125	0.079	0.1	0.085	0.076	0.08	0.078	0.061	0.038	0.041	0.033	0.044	0.03	0.024	0.016	0.017	0.017	0.01	0.01	0.006	0.003	
1	1	1	1	1	1	1	1	1	1	1	1	1	1	0.999	1	1	1	1	0.999	1	1	0.999	1	0.999	1	1	0.999	1	0.997	0.997	0.998	0.998	1	0.997	0.995	0.998	0.998	0.994	0.994	0.996	0.996	0.992	0.989	0.994	0.989	0.986	0.994	0.99	0.993	0.988	0.983	0.987	0.982	0.98	0.975	0.976	0.969	0.956	0.959	0.961	0.961	0.95	0.942	0.931	0.932	0.934	0.929	0.916	0.905	0.902	0.862	0.862	0.851	0.844	0.838	0.803	0.816	0.782	0.744	0.756	0.733	0.726	0.697	0.668	0.643	0.61	0.616	0.566	0.569	0.523	0.53	0.492	0.455	0.465	0.434	0.407	0.334	0.32	0.336	
0.987	0.992	0.987	0.987	0.989	0.993	0.989	0.994	0.992	0.99	0.992	0.989	0.991	0.986	0.989	0.991	0.991	0.989	0.987	0.995	0.995	0.99	0.989	0.991	0.992	0.985	0.983	0.988	0.992	0.991	0.991	0.982	0.985	0.99	0.994	0.986	0.988	0.985	0.991	0.986	0.988	0.989	0.987	0.986	0.99	0.989	0.988	0.984	0.984	0.984	0.984	0.989	0.98	0.98	0.984	0.975	0.984	0.971	0.978	0.976	0.971	0.973	0.972	0.969	0.965	0.973	0.958	0.975	0.967	0.97	0.971	0.968	0.967	0.971	0.964	0.963	0.967	0.964	0.966	0.963	0.968	0.973	0.966	0.966	0.973	0.971	0.977	0.976	0.986	0.983	0.981	0.982	0.987	0.984	0.993	0.987	0.995	0.99	0.992	0.988	
0.999	0.995	0.999	0.992	0.999	0.998	0.996	1	0.996	0.993	0.994	0.996	0.988	0.983	0.988	0.99	0.979	0.979	0.985	0.987	0.983	0.974	0.975	0.982	0.972	0.969	0.971	0.963	0.967	0.953	0.944	0.942	0.955	0.945	0.949	0.918	0.929	0.922	0.925	0.908	0.907	0.892	0.864	0.902	0.868	0.86	0.863	0.864	0.857	0.835	0.816	0.81	0.802	0.793	0.774	0.739	0.733	0.734	0.701	0.702	0.67	0.677	0.683	0.618	0.62	0.591	0.542	0.535	0.514	0.498	0.451	0.446	0.422	0.387	0.39	0.346	0.302	0.274	0.267	0.257	0.241	0.218	0.191	0.173	0.139	0.124	0.092	0.07	0.074	0.053	0.048	0.03	0.025	0.027	0.016	0.015	0.021	0.008	0.011	0.008	
0.149	0.139	0.119	0.137	0.138	0.116	0.133	0.129	0.1	0.127	0.112	0.101	0.121	0.108	0.109	0.12	0.099	0.111	0.091	0.089	0.109	0.111	0.093	0.088	0.09	0.086	0.103	0.091	0.106	0.085	0.081	0.081	0.075	0.08	0.094	0.07	0.093	0.082	0.099	0.077	0.079	0.09	0.07	0.072	0.075	0.071	0.071	0.074	0.071	0.056	0.081	0.093	0.072	0.075	0.067	0.08	0.081	0.07	0.074	0.074	0.078	0.067	0.063	0.081	0.073	0.068	0.063	0.071	0.055	0.055	0.068	0.06	0.058	0.066	0.05	0.052	0.059	0.054	0.051	0.042	0.056	0.047	0.05	0.037	0.039	0.03	0.032	0.034	0.027	0.023	0.025	0.029	0.018	0.012	0.017	0.012	0.012	0.006	0.005	0.004	
1	1	1	1	1	0.999	1	1	0.998	0.999	1	0.999	0.998	0.999	0.998	0.997	0.997	0.998	0.999	0.994	0.996	0.997	0.998	0.998	0.993	0.996	0.994	0.996	0.99	0.991	0.99	0.99	0.991	0.981	0.981	0.988	0.985	0.978	0.979	0.987	0.977	0.977	0.975	0.976	0.968	0.961	0.971	0.969	0.966	0.955	0.955	0.949	0.941	0.938	0.933	0.957	0.939	0.93	0.937	0.927	0.92	0.918	0.919	0.906	0.907	0.875	0.883	0.892	0.873	0.88	0.867	0.879	0.85	0.846	0.854	0.839	0.836	0.837	0.802	0.81	0.802	0.793	0.785	0.779	0.785	0.761	0.754	0.77	0.751	0.76	0.716	0.692	0.7	0.682	0.702	0.682	0.654	0.659	0.638	0.629	
0.421	0.393	0.392	0.381	0.352	0.316	0.321	0.328	0.277	0.255	0.244	0.238	0.209	0.228	0.21	0.222	0.184	0.176	0.178	0.16	0.149	0.118	0.125	0.134	0.116	0.101	0.111	0.106	0.092	0.095	0.109	0.081	0.094	0.066	0.065	0.083	0.078	0.064	0.068	0.063	0.044	0.054	0.05	0.039	0.042	0.053	0.043	0.025	0.031	0.04	0.029	0.029	0.031	0.031	0.023	0.039	0.032	0.028	0.029	0.01	0.025	0.027	0.021	0.024	0.022	0.022	0.018	0.021	0.021	0.02	0.024	0.014	0.017	0.018	0.022	0.015	0.025	0.024	0.027	0.029	0.012	0.027	0.02	0.018	0.017	0.02	0.025	0.033	0.034	0.039	0.036	0.056	0.04	0.049	0.053	0.051	0.06	0.07	0.078	0.081	
1	1	1	1	1	1	0.999	0.999	0.999	0.998	0.998	0.998	0.994	1	0.994	0.992	0.992	0.991	0.991	0.989	0.984	0.983	0.98	0.989	0.975	0.974	0.968	0.959	0.969	0.966	0.953	0.953	0.946	0.946	0.936	0.934	0.935	0.942	0.923	0.919	0.923	0.921	0.89	0.909	0.901	0.894	0.878	0.874	0.892	0.86	0.861	0.85	0.838	0.843	0.832	0.832	0.832	0.831	0.811	0.814	0.831	0.815	0.816	0.807	0.799	0.791	0.798	0.795	0.823	0.817	0.809	0.821	0.828	0.829	0.807	0.819	0.832	0.807	0.84	0.834	0.84	0.839	0.855	0.827	0.871	0.865	0.864	0.861	0.871	0.863	0.871	0.871	0.873	0.87	0.877	0.879	0.875	0.854	0.828	0.831	
0.81	0.826	0.778	0.767	0.744	0.787	0.75	0.755	0.746	0.728	0.728	0.691	0.703	0.707	0.694	0.684	0.674	0.684	0.692	0.683	0.684	0.695	0.698	0.67	0.653	0.69	0.626	0.631	0.636	0.621	0.657	0.637	0.622	0.663	0.664	0.659	0.657	0.632	0.634	0.675	0.644	0.62	0.637	0.654	0.663	0.658	0.653	0.667	0.673	0.688	0.679	0.67	0.679	0.671	0.683	0.691	0.711	0.707	0.714	0.728	0.708	0.727	0.761	0.734	0.739	0.753	0.771	0.76	0.788	0.789	0.772	0.802	0.818	0.849	0.834	0.818	0.829	0.855	0.872	0.855	0.866	0.879	0.898	0.905	0.895	0.901	0.906	0.918	0.938	0.934	0.939	0.959	0.944	0.947	0.969	0.956	0.97	0.974	0.97	0.967	
1	1	1	1	1	1	1	1	1	1	1	1	1	1	1	1	1	1	1	1	1	1	1	1	1	1	1	1	1	1	1	1	1	1	1	1	1	1	1	1	1	1	1	1	1	1	0.999	1	1	1	1	1	0.999	0.998	1	0.999	1	0.999	0.998	0.999	0.999	0.999	0.997	0.998	0.997	0.995	0.99	0.991	0.999	0.993	0.99	0.993	0.988	0.993	0.992	0.987	0.984	0.977	0.978	0.966	0.974	0.967	0.966	0.962	0.952	0.948	0.937	0.934	0.922	0.906	0.906	0.874	0.857	0.818	0.785	0.748	0.733	0.648	0.608	0.553	
0.647	0.666	0.655	0.634	0.618	0.643	0.625	0.62	0.59	0.578	0.612	0.577	0.619	0.579	0.568	0.559	0.553	0.544	0.53	0.547	0.575	0.53	0.552	0.523	0.506	0.521	0.525	0.501	0.516	0.503	0.507	0.501	0.504	0.493	0.504	0.494	0.497	0.501	0.488	0.488	0.471	0.46	0.471	0.447	0.473	0.457	0.438	0.438	0.48	0.448	0.442	0.454	0.439	0.452	0.455	0.415	0.443	0.45	0.456	0.463	0.441	0.441	0.454	0.399	0.446	0.432	0.422	0.413	0.407	0.434	0.41	0.424	0.43	0.41	0.44	0.405	0.419	0.436	0.449	0.43	0.429	0.407	0.394	0.395	0.398	0.363	0.357	0.323	0.309	0.276	0.259	0.273	0.215	0.199	0.168	0.144	0.129	0.096	0.091	0.072	
0.88	0.886	0.858	0.862	0.856	0.828	0.799	0.793	0.79	0.782	0.762	0.768	0.726	0.723	0.722	0.707	0.707	0.666	0.659	0.668	0.632	0.63	0.592	0.602	0.58	0.588	0.554	0.532	0.523	0.502	0.494	0.484	0.48	0.443	0.45	0.437	0.433	0.432	0.414	0.395	0.397	0.348	0.381	0.337	0.337	0.335	0.323	0.29	0.275	0.262	0.266	0.254	0.257	0.244	0.213	0.222	0.21	0.201	0.187	0.18	0.166	0.173	0.154	0.143	0.158	0.163	0.138	0.118	0.124	0.103	0.094	0.112	0.092	0.105	0.111	0.093	0.092	0.09	0.076	0.068	0.081	0.078	0.078	0.059	0.07	0.059	0.064	0.046	0.052	0.045	0.04	0.036	0.044	0.028	0.035	0.028	0.028	0.02	0.021	0.016	
1	1	1	1	1	1	1	1	1	1	1	1	1	1	1	1	1	1	1	1	1	1	1	1	1	1	1	1	1	1	1	1	1	1	1	1	1	1	1	1	1	1	1	1	1	1	1	1	1	1	1	1	1	1	1	1	1	1	1	1	1	1	1	1	1	1	1	1	1	1	1	1	1	1	1	1	1	1	1	1	1	1	1	1	1	1	1	1	1	1	1	1	1	1	1	1	1	1	1	1	
0.713	0.754	0.734	0.745	0.732	0.77	0.756	0.728	0.738	0.743	0.729	0.734	0.719	0.714	0.715	0.713	0.744	0.695	0.71	0.732	0.721	0.694	0.695	0.68	0.686	0.658	0.675	0.682	0.618	0.67	0.642	0.651	0.639	0.631	0.654	0.64	0.614	0.601	0.57	0.605	0.6	0.574	0.559	0.584	0.549	0.568	0.551	0.546	0.519	0.49	0.507	0.472	0.499	0.444	0.416	0.433	0.432	0.376	0.399	0.374	0.325	0.325	0.339	0.307	0.307	0.295	0.275	0.284	0.25	0.255	0.251	0.218	0.215	0.187	0.187	0.178	0.15	0.169	0.135	0.126	0.133	0.123	0.108	0.109	0.111	0.087	0.094	0.093	0.073	0.065	0.071	0.081	0.065	0.07	0.065	0.064	0.062	0.061	0.07	0.049	
0.019	0.015	0.011	0.023	0.015	0.02	0.017	0.016	0.025	0.026	0.027	0.034	0.023	0.033	0.027	0.03	0.022	0.027	0.03	0.036	0.025	0.033	0.036	0.032	0.024	0.037	0.047	0.044	0.037	0.035	0.044	0.048	0.049	0.042	0.057	0.065	0.053	0.065	0.059	0.061	0.061	0.075	0.075	0.07	0.081	0.08	0.056	0.077	0.075	0.1	0.087	0.104	0.089	0.091	0.104	0.099	0.114	0.103	0.099	0.103	0.113	0.109	0.129	0.121	0.107	0.125	0.125	0.136	0.131	0.157	0.145	0.168	0.146	0.164	0.162	0.147	0.191	0.186	0.204	0.185	0.205	0.223	0.261	0.264	0.274	0.273	0.312	0.321	0.326	0.385	0.383	0.389	0.434	0.45	0.484	0.487	0.504	0.528	0.558	0.568	
0.99	0.987	0.985	0.972	0.977	0.976	0.98	0.973	0.974	0.965	0.965	0.964	0.953	0.945	0.945	0.934	0.932	0.929	0.918	0.904	0.88	0.895	0.884	0.855	0.856	0.84	0.851	0.823	0.788	0.793	0.767	0.736	0.71	0.726	0.69	0.665	0.64	0.615	0.591	0.592	0.561	0.529	0.49	0.46	0.455	0.421	0.423	0.396	0.369	0.305	0.325	0.314	0.257	0.262	0.238	0.212	0.217	0.191	0.196	0.182	0.149	0.131	0.119	0.112	0.102	0.1	0.1	0.071	0.085	0.067	0.062	0.055	0.037	0.037	0.036	0.028	0.028	0.035	0.029	0.024	0.016	0.016	0.016	0.022	0.016	0.009	0.014	0.009	0.011	0.008	0.01	0.006	0.007	0.003	0.004	0.003	0.002	0.007	0.002	0.002	
1	1	1	1	1	1	1	1	1	1	1	1	1	1	1	1	1	1	1	1	1	1	1	1	1	1	1	1	1	1	1	1	1	1	1	1	1	1	1	1	1	0.999	1	1	1	1	1	1	1	0.999	1	1	1	1	1	1	1	1	1	1	0.998	0.998	1	0.999	1	0.999	0.999	0.997	0.999	0.999	0.997	0.997	0.999	0.998	0.997	0.997	0.995	0.994	0.99	0.99	0.992	0.992	0.989	0.99	0.986	0.983	0.977	0.969	0.968	0.961	0.954	0.945	0.95	0.941	0.925	0.894	0.915	0.887	0.856	0.837	
0	0	0	0.001	0.002	0.003	0.002	0.001	0	0.001	0.001	0.003	0.001	0	0.003	0.001	0.001	0.001	0	0.004	0	0.003	0.006	0.001	0.003	0.004	0.004	0.003	0	0.003	0.004	0.005	0.007	0.001	0.001	0.004	0.003	0.01	0.006	0.008	0.003	0.006	0.006	0.006	0.004	0.005	0.008	0.004	0.003	0.014	0.001	0.01	0.004	0.009	0.01	0.005	0.007	0.005	0.016	0.015	0.008	0.012	0.008	0.011	0.012	0.013	0.015	0.007	0.015	0.011	0.012	0.005	0.007	0.007	0.005	0.004	0.003	0.007	0.004	0.007	0.004	0.005	0.002	0.001	0.002	0.006	0.004	0.003	0	0.001	0	0	0.001	0	0	0.002	0.001	0.001	0.001	0.001	
0.708	0.664	0.667	0.665	0.646	0.639	0.639	0.606	0.608	0.631	0.623	0.607	0.617	0.589	0.582	0.572	0.614	0.586	0.559	0.577	0.573	0.577	0.541	0.561	0.55	0.559	0.556	0.519	0.542	0.519	0.519	0.511	0.545	0.483	0.516	0.522	0.513	0.553	0.515	0.488	0.492	0.468	0.534	0.493	0.493	0.508	0.5	0.498	0.493	0.473	0.492	0.497	0.468	0.51	0.489	0.465	0.485	0.451	0.488	0.475	0.475	0.431	0.446	0.446	0.456	0.418	0.455	0.44	0.441	0.428	0.385	0.416	0.428	0.425	0.409	0.386	0.378	0.382	0.367	0.33	0.336	0.335	0.311	0.285	0.253	0.243	0.252	0.213	0.203	0.172	0.149	0.158	0.129	0.11	0.085	0.084	0.067	0.064	0.062	0.049	
1	1	1	1	1	1	1	1	1	1	1	1	1	1	1	1	1	0.999	1	1	1	0.999	1	1	1	0.999	1	1	0.997	0.998	0.996	0.999	0.997	0.999	0.994	0.995	1	0.996	0.995	0.992	0.994	0.993	0.991	0.993	0.985	0.985	0.991	0.987	0.989	0.98	0.98	0.986	0.983	0.978	0.971	0.972	0.976	0.976	0.957	0.968	0.957	0.97	0.966	0.953	0.949	0.944	0.939	0.933	0.924	0.938	0.923	0.926	0.896	0.903	0.903	0.896	0.888	0.864	0.859	0.869	0.838	0.846	0.832	0.822	0.81	0.803	0.77	0.753	0.765	0.742	0.697	0.646	0.648	0.618	0.605	0.533	0.527	0.493	0.425	0.404	
0.222	0.259	0.254	0.245	0.251	0.241	0.25	0.258	0.255	0.259	0.228	0.248	0.242	0.267	0.283	0.25	0.287	0.298	0.292	0.291	0.29	0.275	0.295	0.288	0.283	0.29	0.298	0.307	0.278	0.287	0.287	0.296	0.306	0.306	0.306	0.317	0.3	0.32	0.306	0.298	0.291	0.278	0.294	0.288	0.332	0.297	0.311	0.271	0.289	0.276	0.294	0.292	0.292	0.273	0.269	0.285	0.285	0.277	0.292	0.282	0.27	0.271	0.282	0.265	0.285	0.248	0.264	0.269	0.252	0.242	0.223	0.254	0.241	0.248	0.261	0.235	0.233	0.243	0.256	0.229	0.255	0.24	0.24	0.239	0.22	0.226	0.219	0.219	0.206	0.205	0.217	0.193	0.218	0.165	0.17	0.134	0.151	0.116	0.111	0.11	
0.234	0.193	0.181	0.208	0.2	0.167	0.171	0.156	0.144	0.136	0.149	0.132	0.126	0.114	0.104	0.094	0.116	0.086	0.075	0.089	0.078	0.071	0.078	0.06	0.067	0.072	0.058	0.061	0.042	0.046	0.027	0.044	0.042	0.042	0.033	0.028	0.03	0.027	0.022	0.022	0.025	0.019	0.014	0.015	0.019	0.008	0.012	0.012	0.015	0.009	0.009	0.009	0.005	0.002	0.004	0.005	0.005	0.003	0.003	0.003	0	0.001	0.002	0.001	0.001	0.001	0.001	0	0.001	0.002	0.001	0	0.001	0	0	0	0	0	0	0	0	0	0	0	0	0	0	0	0	0	0	0	0	0	0	0	0	0	0	0	
0.944	0.931	0.93	0.936	0.919	0.927	0.922	0.923	0.915	0.917	0.91	0.925	0.907	0.914	0.92	0.928	0.901	0.914	0.901	0.933	0.903	0.897	0.907	0.908	0.913	0.901	0.916	0.914	0.908	0.916	0.908	0.885	0.907	0.912	0.902	0.886	0.894	0.892	0.897	0.891	0.895	0.896	0.886	0.872	0.863	0.864	0.877	0.86	0.859	0.872	0.844	0.832	0.842	0.812	0.805	0.799	0.815	0.783	0.764	0.724	0.761	0.735	0.697	0.707	0.631	0.635	0.668	0.611	0.574	0.566	0.524	0.491	0.451	0.441	0.388	0.389	0.347	0.31	0.295	0.262	0.218	0.214	0.174	0.14	0.137	0.1	0.103	0.082	0.074	0.065	0.05	0.042	0.044	0.029	0.03	0.015	0.018	0.011	0.009	0.007	
0.964	0.963	0.955	0.955	0.941	0.942	0.948	0.925	0.935	0.918	0.928	0.923	0.919	0.926	0.906	0.917	0.901	0.89	0.914	0.877	0.897	0.85	0.873	0.868	0.859	0.858	0.864	0.856	0.848	0.833	0.855	0.826	0.817	0.832	0.809	0.818	0.818	0.805	0.808	0.8	0.8	0.784	0.784	0.789	0.79	0.765	0.794	0.778	0.754	0.774	0.755	0.761	0.721	0.742	0.738	0.722	0.725	0.733	0.735	0.719	0.697	0.692	0.683	0.685	0.686	0.687	0.655	0.662	0.642	0.584	0.639	0.602	0.603	0.598	0.568	0.502	0.519	0.503	0.468	0.446	0.44	0.439	0.408	0.378	0.354	0.332	0.327	0.303	0.278	0.221	0.236	0.221	0.17	0.157	0.167	0.147	0.122	0.1	0.118	0.096	
1	1	1	1	1	1	1	1	1	1	1	1	1	1	1	1	1	1	1	1	1	1	1	1	1	1	1	1	1	1	1	1	1	1	1	1	1	1	1	1	0.998	1	1	0.999	0.998	1	0.996	0.999	0.999	0.995	0.997	0.998	0.994	0.997	0.997	0.993	0.992	0.994	0.991	0.986	0.986	0.985	0.985	0.973	0.976	0.978	0.97	0.953	0.952	0.962	0.936	0.933	0.918	0.905	0.911	0.883	0.843	0.852	0.856	0.802	0.806	0.764	0.758	0.73	0.675	0.676	0.646	0.593	0.548	0.54	0.496	0.466	0.465	0.392	0.395	0.351	0.284	0.281	0.264	0.236	
1	1	1	1	1	1	1	1	1	1	1	1	1	0.999	1	1	1	1	1	1	0.998	1	1	1	1	1	0.997	0.998	0.997	0.996	0.997	0.997	0.994	0.992	0.987	0.99	0.985	0.991	0.987	0.983	0.98	0.969	0.972	0.967	0.956	0.955	0.948	0.947	0.936	0.924	0.917	0.922	0.89	0.887	0.872	0.859	0.843	0.841	0.808	0.808	0.781	0.765	0.745	0.729	0.706	0.682	0.649	0.666	0.647	0.61	0.588	0.561	0.555	0.52	0.521	0.525	0.479	0.449	0.419	0.423	0.352	0.377	0.341	0.305	0.279	0.273	0.257	0.227	0.199	0.194	0.147	0.169	0.145	0.119	0.109	0.076	0.091	0.063	0.053	0.048	
0.001	0.002	0.002	0.002	0.003	0.003	0.001	0.001	0	0.002	0.001	0.001	0.001	0	0.001	0.001	0.001	0	0	0	0.001	0.002	0.001	0.001	0	0.003	0.001	0.001	0.003	0.001	0.002	0	0.001	0.001	0.001	0.001	0	0	0	0.002	0	0.003	0.005	0.004	0.004	0.003	0.003	0.001	0	0.001	0.001	0.006	0.002	0.002	0.001	0	0.002	0.003	0.001	0.001	0.006	0.002	0.007	0.001	0.001	0.004	0.001	0.002	0.006	0.002	0.003	0.005	0.004	0.005	0.003	0.003	0.002	0.005	0.002	0.003	0.001	0.003	0.001	0.004	0.002	0.002	0	0.001	0.002	0	0	0.002	0	0.001	0.002	0.003	0	0	0	0	
1	0.998	1	1	1	1	1	0.998	1	0.999	1	0.999	1	0.999	0.998	0.999	0.997	0.999	0.998	0.998	0.997	0.996	0.999	0.997	0.997	0.996	0.998	0.999	0.996	0.995	0.99	0.992	0.999	0.989	0.993	0.993	0.991	0.989	0.993	0.989	0.984	0.978	0.985	0.986	0.986	0.989	0.988	0.983	0.98	0.978	0.967	0.974	0.972	0.969	0.973	0.973	0.969	0.979	0.971	0.964	0.961	0.958	0.967	0.954	0.953	0.952	0.944	0.945	0.954	0.954	0.935	0.951	0.938	0.923	0.932	0.918	0.925	0.932	0.908	0.909	0.915	0.908	0.91	0.909	0.879	0.897	0.86	0.88	0.854	0.863	0.856	0.826	0.825	0.813	0.78	0.791	0.764	0.775	0.712	0.74	
0.973	0.969	0.949	0.95	0.922	0.915	0.895	0.876	0.842	0.848	0.823	0.808	0.755	0.742	0.735	0.715	0.675	0.646	0.648	0.625	0.578	0.604	0.581	0.506	0.486	0.494	0.485	0.484	0.463	0.458	0.432	0.399	0.384	0.354	0.397	0.352	0.333	0.327	0.286	0.317	0.289	0.285	0.295	0.294	0.236	0.253	0.264	0.229	0.214	0.208	0.196	0.191	0.206	0.161	0.176	0.172	0.157	0.155	0.157	0.136	0.13	0.128	0.107	0.11	0.107	0.092	0.095	0.089	0.066	0.079	0.056	0.082	0.067	0.051	0.049	0.052	0.04	0.039	0.038	0.031	0.024	0.021	0.026	0.015	0.016	0.012	0.013	0.012	0.007	0.008	0.01	0.002	0.003	0.004	0.001	0.005	0.004	0.004	0.002	0.005	
0.993	0.992	0.994	0.989	0.986	0.986	0.988	0.978	0.975	0.969	0.978	0.974	0.973	0.957	0.97	0.958	0.952	0.955	0.948	0.933	0.944	0.93	0.93	0.927	0.906	0.897	0.896	0.899	0.885	0.878	0.885	0.879	0.872	0.86	0.833	0.822	0.836	0.834	0.82	0.817	0.77	0.794	0.772	0.781	0.761	0.751	0.75	0.725	0.721	0.729	0.709	0.71	0.683	0.693	0.66	0.658	0.661	0.626	0.62	0.623	0.588	0.587	0.589	0.588	0.563	0.553	0.556	0.512	0.495	0.479	0.463	0.418	0.423	0.409	0.422	0.391	0.344	0.351	0.302	0.295	0.283	0.278	0.242	0.219	0.166	0.166	0.149	0.136	0.115	0.084	0.095	0.08	0.075	0.055	0.039	0.022	0.016	0.018	0.01	0.014	
1	1	1	1	1	1	1	1	1	1	1	1	1	1	1	1	1	1	1	1	1	1	1	1	1	1	1	1	1	1	1	1	1	1	1	1	1	1	1	1	1	1	1	1	1	1	1	1	1	1	1	1	1	1	1	1	1	1	1	1	1	1	1	1	1	1	1	1	1	1	1	1	1	1	1	1	1	1	1	1	1	0.999	1	1	1	0.999	1	0.999	1	1	1	1	0.999	1	0.999	0.997	1	0.997	0.997	0.995	
0.995	0.993	0.986	0.985	0.983	0.986	0.987	0.988	0.982	0.981	0.975	0.97	0.973	0.98	0.977	0.976	0.967	0.967	0.964	0.953	0.958	0.959	0.965	0.969	0.939	0.942	0.938	0.951	0.936	0.938	0.939	0.929	0.93	0.924	0.927	0.917	0.896	0.9	0.905	0.9	0.888	0.875	0.863	0.908	0.865	0.863	0.852	0.85	0.864	0.825	0.816	0.827	0.824	0.806	0.8	0.788	0.779	0.736	0.751	0.739	0.724	0.698	0.711	0.692	0.667	0.642	0.626	0.63	0.6	0.587	0.599	0.557	0.517	0.537	0.507	0.492	0.432	0.413	0.389	0.375	0.364	0.315	0.342	0.273	0.299	0.263	0.239	0.237	0.232	0.21	0.203	0.181	0.172	0.13	0.119	0.12	0.107	0.087	0.07	0.068	
1	1	1	1	1	1	1	1	1	1	1	1	1	0.999	1	1	0.999	1	1	1	1	1	0.997	0.999	0.999	0.998	0.999	0.994	0.995	0.998	1	0.996	0.996	0.993	0.996	0.989	0.985	0.988	0.987	0.984	0.981	0.979	0.971	0.969	0.968	0.963	0.947	0.935	0.946	0.939	0.913	0.933	0.904	0.889	0.873	0.865	0.844	0.833	0.803	0.787	0.774	0.764	0.736	0.71	0.668	0.648	0.629	0.615	0.6	0.555	0.525	0.508	0.458	0.439	0.423	0.382	0.359	0.342	0.316	0.25	0.242	0.225	0.228	0.187	0.157	0.152	0.12	0.109	0.091	0.081	0.076	0.068	0.049	0.041	0.027	0.037	0.027	0.028	0.012	0.012	
0.688	0.698	0.718	0.702	0.709	0.653	0.673	0.67	0.633	0.644	0.605	0.628	0.623	0.579	0.579	0.584	0.55	0.54	0.555	0.544	0.503	0.518	0.486	0.498	0.486	0.458	0.467	0.459	0.434	0.422	0.41	0.435	0.382	0.383	0.395	0.366	0.38	0.351	0.356	0.358	0.323	0.306	0.297	0.302	0.278	0.293	0.305	0.275	0.258	0.261	0.238	0.232	0.228	0.225	0.223	0.194	0.188	0.185	0.166	0.163	0.16	0.138	0.135	0.124	0.135	0.109	0.127	0.117	0.099	0.075	0.1	0.067	0.094	0.067	0.064	0.05	0.048	0.052	0.049	0.033	0.034	0.026	0.027	0.021	0.014	0.018	0.007	0.01	0.009	0.005	0.003	0.006	0.001	0	0	0.001	0.001	0	0.001	0	
0.414	0.402	0.397	0.389	0.373	0.408	0.377	0.386	0.416	0.379	0.367	0.373	0.365	0.381	0.364	0.389	0.379	0.383	0.384	0.39	0.355	0.332	0.352	0.343	0.366	0.345	0.352	0.386	0.335	0.328	0.344	0.293	0.363	0.328	0.356	0.325	0.325	0.33	0.339	0.317	0.31	0.334	0.328	0.333	0.324	0.319	0.326	0.329	0.32	0.326	0.308	0.321	0.324	0.309	0.3	0.296	0.281	0.309	0.281	0.268	0.273	0.264	0.257	0.263	0.226	0.222	0.22	0.217	0.198	0.217	0.181	0.198	0.185	0.19	0.167	0.142	0.14	0.149	0.15	0.123	0.111	0.116	0.099	0.095	0.091	0.082	0.093	0.07	0.067	0.054	0.044	0.049	0.048	0.028	0.045	0.035	0.045	0.026	0.024	0.019	
0.998	1	0.999	0.998	0.997	0.997	0.998	0.995	0.996	1	0.997	0.992	0.989	0.989	0.996	0.99	0.993	0.991	0.988	0.981	0.981	0.981	0.971	0.974	0.975	0.97	0.966	0.966	0.944	0.957	0.939	0.93	0.945	0.93	0.937	0.929	0.912	0.904	0.901	0.899	0.887	0.876	0.883	0.854	0.866	0.851	0.839	0.858	0.846	0.846	0.781	0.816	0.819	0.771	0.778	0.799	0.761	0.759	0.759	0.748	0.717	0.713	0.69	0.682	0.699	0.641	0.683	0.67	0.643	0.613	0.609	0.615	0.583	0.596	0.582	0.57	0.565	0.541	0.519	0.512	0.491	0.49	0.483	0.457	0.459	0.45	0.439	0.434	0.422	0.39	0.363	0.363	0.328	0.324	0.285	0.318	0.287	0.275	0.291	0.237	
0.095	0.101	0.104	0.07	0.087	0.083	0.071	0.08	0.074	0.073	0.07	0.069	0.068	0.058	0.067	0.052	0.063	0.061	0.054	0.052	0.037	0.05	0.056	0.033	0.043	0.032	0.033	0.031	0.038	0.031	0.027	0.018	0.038	0.024	0.022	0.024	0.025	0.032	0.02	0.026	0.021	0.021	0.016	0.016	0.016	0.014	0.012	0.005	0.01	0.007	0.006	0.008	0.013	0.007	0.009	0.003	0.007	0.009	0.006	0.005	0.002	0.005	0.003	0.001	0.001	0.002	0.001	0.002	0	0.001	0	0	0.001	0.001	0	0.001	0	0.001	0	0.001	0	0	0	0	0	0	0	0	0	0	0	0	0	0	0	0	0	0	0	0	
1	1	1	1	1	1	1	1	1	1	1	1	1	1	1	1	1	1	1	1	1	1	1	1	1	1	1	1	1	1	1	1	1	1	1	1	1	1	1	1	1	1	1	0.999	1	1	1	1	1	1	1	0.999	1	1	0.999	0.999	0.997	0.998	0.997	0.999	0.996	0.997	1	0.997	0.994	0.999	0.992	0.99	0.995	0.992	0.991	0.98	0.99	0.99	0.983	0.993	0.99	0.985	0.978	0.989	0.975	0.973	0.968	0.976	0.97	0.98	0.965	0.97	0.953	0.956	0.944	0.947	0.949	0.944	0.918	0.915	0.903	0.897	0.862	0.867	
0.965	0.96	0.954	0.952	0.944	0.941	0.939	0.938	0.925	0.918	0.913	0.897	0.872	0.884	0.886	0.886	0.878	0.839	0.847	0.842	0.83	0.847	0.849	0.816	0.806	0.795	0.79	0.791	0.782	0.759	0.759	0.727	0.714	0.73	0.695	0.691	0.679	0.684	0.671	0.646	0.63	0.612	0.597	0.588	0.57	0.584	0.577	0.545	0.524	0.527	0.48	0.506	0.483	0.459	0.429	0.427	0.395	0.38	0.371	0.373	0.331	0.319	0.307	0.282	0.268	0.256	0.23	0.219	0.211	0.193	0.205	0.185	0.164	0.16	0.136	0.123	0.104	0.111	0.098	0.083	0.068	0.07	0.067	0.053	0.047	0.043	0.035	0.034	0.027	0.034	0.022	0.02	0.018	0.017	0.009	0.012	0.005	0.005	0.008	0	
0.538	0.572	0.544	0.541	0.535	0.531	0.547	0.505	0.558	0.539	0.497	0.512	0.528	0.482	0.5	0.503	0.477	0.497	0.481	0.491	0.477	0.483	0.494	0.461	0.456	0.409	0.488	0.466	0.424	0.451	0.462	0.416	0.4	0.427	0.425	0.418	0.419	0.384	0.347	0.379	0.342	0.396	0.36	0.354	0.354	0.329	0.359	0.344	0.33	0.299	0.335	0.334	0.296	0.3	0.32	0.333	0.294	0.302	0.286	0.29	0.285	0.267	0.257	0.275	0.26	0.248	0.259	0.266	0.224	0.238	0.209	0.22	0.196	0.213	0.203	0.191	0.213	0.185	0.175	0.21	0.175	0.179	0.167	0.162	0.175	0.165	0.139	0.139	0.134	0.135	0.116	0.121	0.106	0.099	0.091	0.062	0.076	0.067	0.058	0.044	
0.99	0.995	0.987	0.985	0.985	0.993	0.988	0.99	0.986	0.984	0.986	0.989	0.976	0.975	0.981	0.987	0.975	0.973	0.979	0.974	0.977	0.984	0.978	0.978	0.979	0.973	0.979	0.98	0.983	0.977	0.978	0.98	0.975	0.964	0.974	0.976	0.977	0.978	0.979	0.978	0.968	0.984	0.978	0.982	0.985	0.986	0.984	0.98	0.989	0.984	0.984	0.98	0.984	0.986	0.987	0.985	0.991	0.985	0.99	0.99	0.988	0.988	0.983	0.984	0.984	0.987	0.99	0.987	0.985	0.979	0.971	0.975	0.972	0.957	0.956	0.956	0.945	0.939	0.915	0.909	0.87	0.856	0.847	0.817	0.816	0.75	0.737	0.708	0.709	0.666	0.656	0.6	0.574	0.565	0.515	0.508	0.479	0.463	0.429	0.397	
0.414	0.379	0.408	0.364	0.386	0.424	0.401	0.374	0.418	0.403	0.385	0.394	0.409	0.383	0.379	0.419	0.373	0.371	0.398	0.418	0.373	0.388	0.397	0.396	0.403	0.384	0.398	0.407	0.402	0.404	0.405	0.406	0.416	0.433	0.409	0.395	0.408	0.406	0.44	0.43	0.434	0.411	0.389	0.42	0.436	0.412	0.415	0.425	0.438	0.429	0.423	0.429	0.432	0.423	0.397	0.429	0.45	0.408	0.427	0.417	0.401	0.401	0.389	0.399	0.407	0.389	0.399	0.385	0.369	0.364	0.356	0.369	0.35	0.317	0.331	0.317	0.298	0.294	0.264	0.272	0.246	0.225	0.234	0.188	0.179	0.155	0.161	0.124	0.121	0.115	0.085	0.071	0.067	0.056	0.045	0.033	0.022	0.007	0.014	0.005	
1	1	1	1	1	1	1	1	1	1	1	1	1	1	1	1	1	1	1	1	1	1	1	1	1	1	1	1	1	1	1	1	1	1	1	1	1	1	1	1	1	1	1	1	1	1	1	1	1	1	1	1	1	1	1	1	1	1	1	1	1	1	1	1	1	1	1	1	1	1	1	1	1	1	1	1	1	0.998	1	1	1	0.999	0.999	0.997	0.997	0.995	0.989	0.988	0.989	0.977	0.976	0.966	0.951	0.937	0.913	0.89	0.854	0.844	0.796	0.757	
1	0.999	1	1	1	0.999	0.999	0.999	0.999	0.997	0.996	1	0.995	0.993	0.997	0.994	0.991	0.988	0.981	0.987	0.987	0.972	0.974	0.976	0.971	0.961	0.952	0.957	0.946	0.938	0.94	0.919	0.913	0.921	0.89	0.898	0.894	0.89	0.855	0.865	0.827	0.859	0.819	0.79	0.809	0.808	0.785	0.773	0.766	0.747	0.76	0.731	0.739	0.711	0.682	0.705	0.66	0.664	0.654	0.653	0.639	0.646	0.664	0.627	0.632	0.63	0.628	0.616	0.613	0.611	0.622	0.586	0.583	0.622	0.602	0.562	0.582	0.585	0.584	0.559	0.521	0.532	0.524	0.496	0.412	0.44	0.4	0.363	0.301	0.261	0.259	0.199	0.159	0.146	0.106	0.083	0.059	0.045	0.032	0.015	
0.432	0.421	0.403	0.43	0.415	0.391	0.387	0.383	0.379	0.341	0.37	0.375	0.352	0.364	0.345	0.333	0.344	0.34	0.31	0.304	0.294	0.298	0.265	0.248	0.248	0.229	0.245	0.209	0.204	0.189	0.199	0.163	0.159	0.136	0.124	0.112	0.099	0.102	0.096	0.085	0.069	0.073	0.045	0.049	0.047	0.038	0.035	0.029	0.03	0.034	0.03	0.032	0.014	0.021	0.022	0.019	0.013	0.011	0.007	0.013	0.014	0.012	0.008	0.009	0.008	0.008	0.012	0.007	0.009	0.011	0.007	0.009	0.006	0.008	0.004	0.004	0.011	0.008	0.004	0.003	0.003	0.004	0.003	0.005	0.002	0.007	0.003	0.001	0.004	0.002	0.002	0.001	0.001	0	0	0	0.003	0.001	0	0.002	
0.481	0.45	0.473	0.457	0.449	0.431	0.42	0.405	0.396	0.4	0.341	0.397	0.365	0.352	0.353	0.334	0.34	0.31	0.321	0.331	0.345	0.273	0.284	0.272	0.295	0.276	0.257	0.264	0.247	0.262	0.223	0.23	0.225	0.211	0.213	0.204	0.207	0.193	0.204	0.192	0.174	0.179	0.192	0.189	0.157	0.172	0.168	0.161	0.153	0.155	0.147	0.144	0.159	0.151	0.148	0.143	0.151	0.176	0.134	0.142	0.139	0.123	0.142	0.123	0.129	0.15	0.142	0.166	0.136	0.143	0.141	0.145	0.14	0.173	0.154	0.153	0.166	0.176	0.162	0.176	0.174	0.198	0.197	0.203	0.214	0.216	0.217	0.215	0.212	0.184	0.217	0.204	0.198	0.165	0.18	0.165	0.197	0.158	0.136	0.128	
1	1	1	1	1	1	1	1	1	1	1	1	1	1	0.999	1	1	1	1	1	1	1	1	1	1	0.998	0.998	1	1	0.993	0.998	0.995	0.994	0.996	0.994	0.988	0.981	0.979	0.982	0.976	0.97	0.954	0.956	0.935	0.921	0.914	0.891	0.891	0.883	0.851	0.823	0.794	0.804	0.766	0.74	0.733	0.697	0.705	0.682	0.634	0.611	0.594	0.585	0.562	0.502	0.511	0.479	0.49	0.428	0.419	0.397	0.394	0.363	0.35	0.325	0.287	0.274	0.258	0.245	0.217	0.198	0.181	0.171	0.159	0.129	0.116	0.1	0.075	0.076	0.058	0.059	0.031	0.023	0.019	0.024	0.015	0.01	0.004	0.002	0.002	
1	1	1	1	1	1	1	1	1	1	1	1	1	1	1	1	1	1	1	1	1	1	1	1	1	1	1	1	1	1	1	1	1	1	1	1	1	1	1	1	1	1	1	1	1	1	1	1	1	1	1	1	1	1	1	1	1	1	1	1	1	1	1	1	1	1	1	1	1	1	1	1	1	1	1	1	1	1	0.999	1	0.997	0.996	0.998	0.998	0.995	0.994	0.989	0.988	0.994	0.985	0.978	0.981	0.978	0.959	0.959	0.942	0.942	0.932	0.902	0.899	
0.295	0.297	0.277	0.274	0.287	0.25	0.254	0.248	0.234	0.243	0.224	0.207	0.231	0.207	0.197	0.179	0.168	0.189	0.158	0.191	0.163	0.156	0.135	0.155	0.143	0.119	0.129	0.131	0.111	0.12	0.1	0.115	0.108	0.093	0.102	0.093	0.098	0.103	0.091	0.093	0.084	0.084	0.07	0.082	0.083	0.058	0.08	0.079	0.072	0.065	0.068	0.067	0.052	0.057	0.048	0.054	0.046	0.055	0.056	0.041	0.033	0.041	0.028	0.039	0.033	0.016	0.024	0.029	0.019	0.026	0.024	0.019	0.019	0.024	0.024	0.01	0.015	0.008	0.01	0.007	0.005	0.015	0.003	0.005	0.009	0.003	0.005	0.008	0.008	0.002	0.002	0.005	0.008	0.001	0.002	0.003	0.002	0.004	0.001	0	
0.564	0.57	0.548	0.57	0.522	0.523	0.494	0.484	0.498	0.486	0.482	0.482	0.461	0.403	0.42	0.454	0.434	0.383	0.39	0.383	0.381	0.327	0.318	0.318	0.31	0.314	0.318	0.29	0.289	0.283	0.263	0.236	0.229	0.233	0.211	0.208	0.207	0.2	0.185	0.16	0.186	0.166	0.142	0.142	0.118	0.134	0.13	0.121	0.106	0.092	0.085	0.097	0.081	0.055	0.061	0.056	0.047	0.049	0.043	0.048	0.047	0.034	0.021	0.026	0.017	0.029	0.017	0.022	0.023	0.018	0.01	0.011	0.013	0.008	0.009	0.005	0.007	0.001	0.002	0.006	0.002	0.003	0.004	0.004	0.001	0.003	0	0	0.001	0.001	0	0	0	0	0	0	0	0	0	0	
1	1	1	1	1	1	1	1	1	1	1	1	1	1	1	1	1	1	1	1	1	1	1	1	1	1	1	1	1	1	1	1	1	1	1	1	1	1	1	1	1	1	1	1	1	1	1	1	1	1	1	1	1	1	0.999	1	0.998	1	1	1	0.999	0.999	1	0.997	0.999	0.999	0.997	0.999	0.996	0.997	0.993	0.996	0.996	0.99	0.987	0.981	0.988	0.984	0.974	0.982	0.966	0.956	0.935	0.936	0.924	0.911	0.912	0.879	0.854	0.805	0.826	0.766	0.703	0.696	0.637	0.583	0.548	0.492	0.481	0.424	
0.406	0.408	0.385	0.378	0.374	0.355	0.331	0.354	0.353	0.345	0.334	0.305	0.299	0.27	0.241	0.246	0.252	0.272	0.226	0.233	0.208	0.235	0.183	0.192	0.165	0.174	0.186	0.171	0.158	0.13	0.151	0.143	0.143	0.12	0.129	0.09	0.102	0.112	0.11	0.099	0.095	0.086	0.086	0.082	0.086	0.103	0.07	0.072	0.082	0.068	0.058	0.065	0.063	0.057	0.046	0.038	0.047	0.041	0.045	0.055	0.047	0.037	0.041	0.032	0.032	0.035	0.026	0.021	0.024	0.024	0.026	0.021	0.021	0.019	0.013	0.016	0.01	0.013	0.011	0.01	0.005	0.009	0.008	0.005	0.008	0.013	0.006	0.004	0.002	0.004	0	0.002	0.003	0	0	0.003	0.003	0.001	0.001	0.001	
0.014	0.009	0.014	0.011	0.011	0.004	0.008	0.009	0.006	0.005	0.005	0.006	0.005	0.005	0.003	0.005	0.002	0.009	0.003	0.001	0.005	0.001	0.002	0.002	0.001	0.002	0.002	0	0.004	0.002	0.001	0	0	0	0	0.002	0.002	0	0	0	0.001	0	0.001	0	0.001	0	0	0	0	0	0	0	0	0	0	0	0	0	0	0	0	0	0	0	0	0	0	0	0	0	0	0	0	0	0	0	0	0	0	0	0	0	0	0	0	0	0	0	0	0	0	0	0	0	0	0	0	0	0	0	
1	1	1	1	1	1	1	1	1	1	1	1	1	1	1	1	1	1	1	1	1	1	1	1	1	1	1	1	1	1	1	1	1	1	1	1	1	1	1	1	1	1	1	1	1	1	1	1	1	1	1	1	1	1	1	1	1	1	1	1	1	1	1	1	1	1	1	1	1	1	1	1	1	1	1	1	1	1	1	1	1	1	1	1	1	1	1	1	1	1	1	1	0.999	1	0.997	1	0.996	1	0.993	0.991	
0.515	0.506	0.469	0.433	0.439	0.425	0.405	0.365	0.352	0.35	0.338	0.296	0.314	0.284	0.285	0.265	0.29	0.246	0.275	0.268	0.233	0.24	0.239	0.214	0.207	0.201	0.216	0.206	0.172	0.181	0.178	0.174	0.157	0.162	0.166	0.139	0.161	0.156	0.17	0.153	0.175	0.149	0.155	0.15	0.162	0.158	0.136	0.16	0.149	0.163	0.169	0.179	0.189	0.172	0.17	0.147	0.183	0.187	0.174	0.197	0.19	0.225	0.227	0.233	0.204	0.261	0.22	0.233	0.251	0.252	0.262	0.243	0.262	0.269	0.266	0.274	0.266	0.259	0.246	0.251	0.216	0.214	0.185	0.193	0.168	0.163	0.137	0.12	0.111	0.092	0.067	0.063	0.048	0.031	0.024	0.022	0.02	0.007	0.01	0.001	
0.011	0.006	0.003	0.005	0.002	0.003	0.001	0	0.001	0.003	0.001	0	0	0.001	0	0	0.002	0	0	0	0	0	0	0	0	0	0	0	0	0	0	0	0	0	0	0	0	0	0	0	0	0	0	0	0	0	0	0	0	0	0	0	0	0	0	0	0	0	0	0	0	0	0	0	0	0	0	0	0	0	0	0	0	0	0	0	0	0	0	0	0	0	0	0	0	0	0	0	0	0	0	0	0	0	0	0	0	0	0	0	
1	1	1	1	1	1	1	1	1	1	1	1	1	1	1	1	1	1	1	1	1	1	1	1	1	1	1	1	1	1	1	1	1	1	1	1	1	1	1	1	1	1	1	1	1	1	1	1	1	1	1	1	1	1	1	0.999	1	1	1	1	1	1	1	1	1	0.999	1	1	0.999	1	1	1	1	1	0.999	0.998	1	0.999	0.999	0.999	0.999	0.999	0.998	0.999	0.995	0.996	0.993	0.997	0.998	0.991	0.994	0.985	0.986	0.989	0.979	0.981	0.984	0.979	0.967	0.967	
0.666	0.708	0.708	0.705	0.736	0.674	0.714	0.697	0.729	0.716	0.716	0.712	0.746	0.749	0.77	0.721	0.745	0.758	0.767	0.769	0.772	0.75	0.77	0.787	0.772	0.775	0.792	0.782	0.777	0.758	0.802	0.783	0.792	0.752	0.779	0.779	0.774	0.782	0.801	0.787	0.767	0.766	0.786	0.778	0.78	0.767	0.769	0.776	0.791	0.78	0.763	0.769	0.771	0.765	0.792	0.768	0.765	0.782	0.794	0.766	0.788	0.802	0.795	0.789	0.78	0.778	0.804	0.809	0.834	0.822	0.797	0.816	0.829	0.842	0.847	0.849	0.849	0.867	0.848	0.87	0.883	0.881	0.868	0.886	0.885	0.882	0.876	0.866	0.866	0.827	0.821	0.795	0.754	0.73	0.682	0.649	0.585	0.534	0.484	0.45	
0.604	0.581	0.528	0.58	0.595	0.561	0.577	0.551	0.543	0.526	0.553	0.518	0.507	0.469	0.526	0.504	0.485	0.473	0.501	0.47	0.469	0.432	0.462	0.468	0.429	0.398	0.383	0.435	0.409	0.395	0.388	0.398	0.385	0.321	0.353	0.334	0.335	0.337	0.358	0.305	0.29	0.308	0.274	0.276	0.292	0.272	0.255	0.261	0.24	0.243	0.233	0.235	0.208	0.178	0.208	0.194	0.168	0.172	0.178	0.18	0.16	0.151	0.129	0.111	0.111	0.126	0.092	0.118	0.116	0.093	0.078	0.089	0.078	0.08	0.061	0.052	0.06	0.05	0.05	0.037	0.04	0.025	0.029	0.022	0.014	0.017	0.019	0.014	0.017	0.005	0.005	0.003	0.005	0.006	0.005	0.004	0	0	0.002	0	
1	0.998	1	1	1	0.999	1	1	0.997	0.999	0.999	0.998	0.997	0.992	0.997	0.996	0.988	0.984	0.992	0.985	0.983	0.983	0.976	0.976	0.969	0.969	0.963	0.958	0.956	0.944	0.947	0.956	0.944	0.934	0.934	0.936	0.916	0.912	0.904	0.895	0.888	0.904	0.882	0.878	0.896	0.847	0.876	0.835	0.844	0.829	0.83	0.8	0.802	0.786	0.789	0.765	0.769	0.75	0.75	0.729	0.692	0.698	0.656	0.651	0.642	0.595	0.599	0.591	0.57	0.549	0.544	0.521	0.5	0.462	0.443	0.428	0.387	0.364	0.347	0.343	0.311	0.277	0.262	0.231	0.19	0.183	0.142	0.146	0.14	0.11	0.086	0.083	0.064	0.045	0.048	0.033	0.029	0.027	0.021	0.013	
1	1	1	1	1	1	1	1	1	1	1	1	1	1	1	1	1	1	1	1	1	1	1	1	1	1	1	1	1	1	1	1	1	1	1	1	1	1	1	1	1	1	1	1	1	1	1	1	1	1	1	1	1	1	1	1	1	1	1	1	1	1	1	1	1	1	1	1	1	1	1	1	1	1	1	1	1	1	1	1	1	0.999	1	0.999	0.999	0.996	0.999	0.999	0.991	0.994	0.986	0.984	0.977	0.973	0.96	0.962	0.94	0.917	0.894	0.883	
0.974	0.973	0.956	0.956	0.964	0.949	0.949	0.946	0.947	0.933	0.929	0.929	0.913	0.902	0.898	0.905	0.894	0.894	0.891	0.889	0.864	0.84	0.848	0.822	0.806	0.818	0.787	0.784	0.777	0.768	0.763	0.771	0.745	0.707	0.716	0.688	0.661	0.688	0.638	0.644	0.614	0.617	0.604	0.591	0.579	0.588	0.561	0.527	0.518	0.494	0.46	0.437	0.417	0.439	0.412	0.386	0.376	0.319	0.323	0.322	0.288	0.265	0.221	0.223	0.203	0.187	0.17	0.129	0.147	0.146	0.093	0.1	0.08	0.088	0.059	0.051	0.048	0.035	0.031	0.027	0.012	0.014	0.01	0.008	0.008	0.005	0.002	0.004	0.002	0.001	0.002	0	0	0	0	0	0.001	0	0	0	
1	1	1	1	1	1	1	1	1	1	1	1	1	1	1	1	1	1	1	1	1	1	1	1	1	1	1	1	1	1	1	1	1	1	1	1	1	1	1	1	1	1	1	1	1	1	1	1	1	1	1	1	1	1	1	0.999	1	0.999	0.999	0.999	0.999	1	1	1	0.998	0.999	0.996	1	0.999	0.996	0.996	0.998	0.996	0.987	0.993	0.991	0.992	0.989	0.984	0.991	0.981	0.968	0.969	0.975	0.962	0.958	0.944	0.932	0.921	0.9	0.892	0.858	0.826	0.808	0.752	0.715	0.663	0.585	0.551	0.479	
1	1	1	1	1	1	1	1	1	1	1	1	1	1	1	1	1	1	1	1	1	1	1	1	1	1	1	1	1	1	1	1	1	1	1	1	1	1	1	1	1	1	1	1	1	1	1	1	1	1	1	1	1	1	1	1	1	1	1	1	1	1	1	1	0.999	1	1	1	1	1	1	1	0.999	1	1	1	1	0.999	1	0.999	0.999	0.999	1	1	0.998	1	1	0.997	0.997	0.998	0.996	0.999	0.997	0.999	0.997	0.997	1	1	0.999	1	
0.781	0.76	0.759	0.748	0.725	0.733	0.712	0.687	0.713	0.704	0.679	0.683	0.658	0.661	0.665	0.622	0.641	0.62	0.588	0.59	0.589	0.567	0.585	0.511	0.557	0.523	0.506	0.499	0.474	0.461	0.484	0.46	0.463	0.443	0.478	0.442	0.424	0.401	0.392	0.395	0.35	0.367	0.352	0.321	0.298	0.3	0.293	0.272	0.274	0.273	0.259	0.228	0.236	0.22	0.19	0.199	0.154	0.16	0.135	0.128	0.117	0.116	0.112	0.084	0.088	0.085	0.061	0.061	0.05	0.028	0.031	0.033	0.029	0.024	0.022	0.021	0.013	0.009	0.007	0.006	0.002	0.004	0.002	0.002	0	0	0	0	0	0	0.001	0	0	0	0	0	0	0	0	0	
0.823	0.812	0.831	0.816	0.796	0.803	0.784	0.784	0.76	0.788	0.76	0.745	0.765	0.754	0.744	0.769	0.75	0.746	0.746	0.715	0.74	0.747	0.75	0.745	0.734	0.76	0.716	0.754	0.723	0.749	0.73	0.703	0.746	0.742	0.754	0.738	0.753	0.761	0.744	0.751	0.766	0.763	0.795	0.774	0.76	0.785	0.821	0.811	0.781	0.804	0.803	0.807	0.834	0.807	0.819	0.835	0.825	0.828	0.836	0.814	0.831	0.836	0.809	0.814	0.81	0.816	0.812	0.794	0.791	0.764	0.738	0.76	0.721	0.738	0.704	0.678	0.685	0.697	0.67	0.647	0.652	0.613	0.566	0.572	0.59	0.542	0.539	0.56	0.547	0.52	0.503	0.493	0.518	0.471	0.481	0.516	0.509	0.48	0.463	0.471	
1	0.999	0.996	0.999	0.998	0.996	0.995	0.996	0.995	0.991	0.99	0.985	0.991	0.981	0.98	0.97	0.971	0.958	0.96	0.947	0.951	0.939	0.933	0.921	0.92	0.903	0.893	0.879	0.858	0.856	0.853	0.816	0.816	0.81	0.762	0.749	0.75	0.701	0.696	0.694	0.677	0.656	0.629	0.616	0.607	0.578	0.553	0.523	0.514	0.478	0.468	0.468	0.44	0.378	0.381	0.374	0.359	0.319	0.263	0.284	0.272	0.228	0.211	0.207	0.209	0.188	0.142	0.123	0.141	0.13	0.092	0.105	0.086	0.066	0.073	0.069	0.046	0.041	0.034	0.024	0.036	0.025	0.021	0.011	0.011	0.02	0.01	0.003	0.002	0.004	0.003	0.001	0.002	0.001	0	0	0	0	0	0	
0.947	0.944	0.932	0.912	0.908	0.904	0.873	0.888	0.866	0.867	0.852	0.858	0.829	0.83	0.787	0.771	0.759	0.751	0.743	0.718	0.754	0.711	0.704	0.657	0.664	0.645	0.648	0.62	0.622	0.581	0.569	0.53	0.508	0.495	0.49	0.47	0.427	0.42	0.415	0.392	0.384	0.372	0.362	0.371	0.338	0.315	0.323	0.267	0.259	0.276	0.264	0.252	0.204	0.198	0.187	0.19	0.185	0.164	0.152	0.135	0.137	0.128	0.13	0.115	0.101	0.076	0.079	0.1	0.068	0.062	0.067	0.054	0.063	0.053	0.054	0.036	0.041	0.029	0.036	0.029	0.03	0.028	0.031	0.026	0.014	0.018	0.02	0.011	0.007	0.008	0.002	0.004	0.006	0.004	0.001	0	0.002	0.001	0	0	
1	1	1	1	1	1	1	1	1	1	1	1	1	1	1	1	1	1	1	1	1	1	1	1	1	1	1	1	1	1	1	1	1	1	1	1	1	1	1	1	1	1	1	1	1	1	1	1	1	1	1	1	1	1	1	1	1	1	1	1	1	1	1	1	1	1	1	1	1	1	1	1	1	1	1	1	1	1	1	1	1	1	1	1	1	1	1	1	1	1	1	1	1	1	1	1	1	1	1	1	
1	1	1	1	1	1	1	1	1	1	1	1	1	1	1	1	1	1	1	1	1	1	1	1	1	1	1	1	1	1	1	1	1	1	1	1	1	1	1	1	1	1	1	1	1	1	1	1	1	1	1	1	1	1	1	1	1	0.999	1	1	1	1	1	1	1	0.999	1	0.999	0.997	0.994	0.994	0.991	0.989	0.984	0.99	0.98	0.958	0.959	0.951	0.915	0.904	0.893	0.869	0.832	0.788	0.779	0.727	0.677	0.591	0.551	0.47	0.443	0.403	0.328	0.289	0.257	0.216	0.205	0.146	0.1	
0.962	0.963	0.958	0.943	0.938	0.934	0.943	0.898	0.897	0.904	0.873	0.869	0.852	0.866	0.841	0.808	0.806	0.792	0.785	0.753	0.76	0.762	0.751	0.707	0.689	0.701	0.678	0.678	0.652	0.641	0.632	0.611	0.587	0.553	0.579	0.545	0.549	0.538	0.499	0.517	0.503	0.458	0.46	0.442	0.441	0.424	0.388	0.355	0.381	0.423	0.391	0.346	0.342	0.31	0.335	0.285	0.333	0.295	0.262	0.244	0.262	0.251	0.215	0.212	0.18	0.186	0.188	0.163	0.153	0.138	0.135	0.126	0.123	0.101	0.083	0.08	0.067	0.057	0.045	0.051	0.034	0.027	0.026	0.016	0.014	0.014	0.017	0.005	0.005	0.004	0.005	0.001	0.003	0	0	0.001	0	0	0.001	0	
0.715	0.708	0.689	0.699	0.665	0.667	0.661	0.689	0.652	0.614	0.654	0.629	0.586	0.62	0.611	0.604	0.604	0.611	0.607	0.581	0.571	0.568	0.555	0.587	0.537	0.54	0.513	0.527	0.491	0.484	0.484	0.503	0.478	0.467	0.436	0.435	0.405	0.418	0.392	0.385	0.373	0.403	0.397	0.371	0.386	0.367	0.355	0.346	0.324	0.328	0.328	0.312	0.339	0.292	0.305	0.27	0.272	0.271	0.287	0.269	0.253	0.263	0.265	0.269	0.24	0.248	0.234	0.235	0.243	0.227	0.221	0.207	0.215	0.209	0.236	0.228	0.212	0.197	0.24	0.205	0.201	0.21	0.197	0.229	0.203	0.2	0.216	0.21	0.194	0.219	0.204	0.225	0.226	0.212	0.224	0.222	0.213	0.19	0.19	0.191	
1	1	1	1	1	1	1	1	1	1	1	1	1	1	1	1	1	1	1	1	1	1	1	1	1	1	1	1	1	1	1	1	1	1	1	1	1	1	1	1	1	1	1	1	1	1	1	1	1	1	1	0.998	0.999	1	0.999	0.999	1	1	0.997	0.998	0.997	0.998	0.998	0.995	0.993	0.993	0.988	0.976	0.979	0.971	0.973	0.972	0.949	0.959	0.947	0.945	0.922	0.904	0.886	0.867	0.85	0.817	0.797	0.746	0.764	0.719	0.685	0.623	0.581	0.594	0.538	0.494	0.469	0.436	0.399	0.346	0.334	0.3	0.239	0.216	
1	1	1	1	1	1	1	1	1	1	1	1	1	1	1	1	1	1	1	1	1	1	1	1	1	1	0.998	0.999	1	1	0.999	1	1	0.999	0.998	0.998	1	1	0.996	0.993	0.995	0.993	0.996	0.994	0.99	0.989	0.993	0.989	0.989	0.987	0.977	0.979	0.977	0.976	0.97	0.979	0.967	0.977	0.961	0.958	0.947	0.945	0.94	0.948	0.934	0.93	0.937	0.931	0.908	0.917	0.9	0.902	0.916	0.905	0.898	0.895	0.884	0.891	0.89	0.902	0.875	0.877	0.878	0.875	0.87	0.868	0.892	0.87	0.875	0.874	0.89	0.857	0.86	0.862	0.831	0.831	0.857	0.818	0.823	0.818	
0.995	0.999	0.992	0.987	0.991	0.993	0.99	0.989	0.982	0.984	0.98	0.987	0.98	0.982	0.981	0.981	0.985	0.973	0.961	0.974	0.967	0.968	0.973	0.967	0.966	0.952	0.946	0.944	0.944	0.946	0.95	0.957	0.948	0.937	0.94	0.932	0.927	0.907	0.929	0.904	0.922	0.916	0.901	0.917	0.895	0.889	0.895	0.885	0.888	0.898	0.876	0.857	0.854	0.876	0.862	0.874	0.857	0.837	0.852	0.852	0.842	0.837	0.827	0.834	0.817	0.828	0.811	0.8	0.794	0.806	0.789	0.794	0.771	0.754	0.73	0.743	0.751	0.724	0.7	0.705	0.685	0.673	0.677	0.65	0.642	0.623	0.609	0.592	0.579	0.567	0.506	0.517	0.486	0.435	0.42	0.372	0.369	0.354	0.347	0.307	
0.002	0.009	0.009	0.002	0.008	0.003	0.001	0.003	0.005	0.008	0.007	0.002	0.006	0.006	0.003	0.006	0.005	0.002	0.004	0.001	0.007	0.004	0.004	0.005	0.001	0.001	0.004	0.004	0.005	0.001	0.004	0.007	0.002	0.002	0.001	0.003	0.004	0.001	0	0.001	0	0.001	0.002	0.001	0.001	0.004	0.002	0.001	0.002	0.001	0.003	0.001	0	0	0.001	0.001	0.001	0	0.002	0	0	0	0	0.002	0	0	0	0	0	0	0.001	0	0	0	0	0	0.001	0	0	0	0	0	0	0	0	0.001	0	0	0	0	0	0	0	0	0	0	0	0	0	0.003	
1	1	1	1	1	1	1	1	1	1	1	1	1	1	1	1	1	1	1	1	1	1	1	1	1	1	1	1	1	1	1	1	1	0.999	1	1	1	1	1	1	1	1	0.999	1	0.999	1	0.999	0.999	1	0.999	0.998	1	0.998	0.995	0.994	0.995	0.998	0.995	0.994	0.995	0.992	0.992	0.993	0.992	0.983	0.984	0.985	0.976	0.985	0.982	0.975	0.97	0.97	0.962	0.967	0.946	0.946	0.954	0.918	0.935	0.906	0.895	0.869	0.844	0.824	0.795	0.773	0.744	0.698	0.644	0.605	0.56	0.528	0.502	0.411	0.362	0.323	0.264	0.216	0.16	
1	1	1	1	1	1	1	1	1	0.999	0.998	0.996	0.999	0.999	0.996	0.995	0.995	0.991	0.99	0.988	0.985	0.98	0.975	0.972	0.969	0.963	0.954	0.943	0.935	0.923	0.917	0.907	0.897	0.868	0.869	0.866	0.834	0.836	0.794	0.808	0.793	0.752	0.754	0.739	0.733	0.693	0.698	0.691	0.667	0.628	0.648	0.606	0.596	0.604	0.585	0.576	0.587	0.55	0.543	0.558	0.529	0.523	0.517	0.534	0.479	0.493	0.506	0.471	0.487	0.468	0.493	0.456	0.459	0.448	0.438	0.439	0.419	0.409	0.44	0.434	0.39	0.367	0.358	0.374	0.332	0.349	0.291	0.283	0.284	0.224	0.221	0.183	0.158	0.131	0.112	0.106	0.076	0.054	0.043	0.041	
0.309	0.281	0.29	0.328	0.307	0.276	0.268	0.275	0.277	0.269	0.274	0.272	0.266	0.256	0.251	0.221	0.246	0.238	0.228	0.232	0.245	0.245	0.248	0.243	0.224	0.209	0.242	0.224	0.225	0.221	0.221	0.225	0.203	0.224	0.205	0.211	0.24	0.218	0.237	0.228	0.212	0.219	0.219	0.209	0.217	0.212	0.229	0.212	0.197	0.22	0.255	0.265	0.244	0.254	0.244	0.276	0.26	0.258	0.279	0.277	0.288	0.306	0.298	0.348	0.336	0.313	0.322	0.349	0.317	0.364	0.389	0.405	0.392	0.444	0.441	0.444	0.432	0.485	0.491	0.517	0.509	0.539	0.555	0.54	0.584	0.576	0.587	0.57	0.543	0.554	0.534	0.533	0.506	0.491	0.438	0.431	0.431	0.34	0.298	0.286	
0.146	0.117	0.128	0.108	0.108	0.097	0.095	0.105	0.092	0.082	0.068	0.082	0.071	0.068	0.055	0.055	0.043	0.053	0.049	0.042	0.048	0.049	0.034	0.026	0.03	0.028	0.041	0.031	0.024	0.024	0.019	0.022	0.024	0.017	0.018	0.023	0.014	0.019	0.007	0.016	0.006	0.013	0.006	0.017	0.009	0.006	0.008	0.007	0.006	0.005	0.01	0.004	0.005	0.005	0.001	0	0.002	0.004	0.004	0.003	0.004	0.001	0.004	0.001	0.002	0	0	0	0.003	0	0	0.001	0.001	0	0.001	0.001	0	0	0	0	0	0	0	0	0	0	0	0	0	0	0	0	0	0	0	0	0	0	0	0	
1	1	1	1	1	1	1	1	1	1	0.999	1	1	1	1	1	0.998	0.998	0.998	0.997	0.999	0.995	0.998	0.998	0.998	0.991	0.999	0.996	0.996	0.994	0.993	0.989	0.994	0.989	0.983	0.986	0.986	0.986	0.986	0.978	0.985	0.977	0.973	0.977	0.982	0.965	0.971	0.972	0.96	0.961	0.961	0.957	0.948	0.949	0.955	0.939	0.948	0.951	0.947	0.934	0.92	0.914	0.945	0.922	0.927	0.918	0.922	0.914	0.899	0.89	0.881	0.865	0.881	0.89	0.858	0.871	0.852	0.853	0.834	0.801	0.802	0.796	0.778	0.743	0.745	0.7	0.665	0.671	0.635	0.58	0.543	0.507	0.471	0.407	0.376	0.309	0.28	0.242	0.21	0.155	
1	1	1	1	1	1	1	1	1	1	1	1	1	1	1	1	1	1	1	1	1	1	1	1	1	0.999	1	1	0.999	0.998	1	1	0.999	1	1	0.998	0.997	0.998	0.999	1	1	0.999	0.996	0.997	0.994	0.997	0.996	0.998	0.999	0.993	0.997	0.997	0.992	0.999	0.991	0.988	0.988	0.988	0.988	0.994	0.984	0.983	0.986	0.979	0.991	0.975	0.979	0.982	0.973	0.982	0.978	0.972	0.968	0.963	0.958	0.958	0.96	0.967	0.954	0.947	0.961	0.94	0.943	0.929	0.926	0.912	0.915	0.93	0.913	0.892	0.883	0.907	0.881	0.858	0.87	0.866	0.819	0.79	0.813	0.771	
1	1	1	1	1	1	1	1	1	1	1	1	1	1	1	1	1	1	1	1	1	1	1	1	1	1	1	1	1	1	1	1	1	1	1	1	1	1	1	1	1	1	1	1	1	1	1	1	0.999	1	1	1	1	0.999	1	1	1	1	1	0.999	0.998	0.999	0.999	0.999	0.997	0.996	0.999	0.995	0.995	0.989	0.99	0.985	0.991	0.981	0.972	0.971	0.961	0.95	0.954	0.944	0.94	0.918	0.928	0.912	0.906	0.894	0.889	0.865	0.848	0.852	0.818	0.806	0.808	0.772	0.779	0.768	0.777	0.72	0.712	0.698	
0.994	0.991	0.979	0.981	0.98	0.979	0.968	0.978	0.974	0.959	0.967	0.945	0.955	0.942	0.941	0.932	0.929	0.908	0.913	0.894	0.878	0.901	0.882	0.843	0.836	0.82	0.828	0.796	0.795	0.802	0.793	0.788	0.751	0.758	0.718	0.74	0.707	0.696	0.691	0.696	0.679	0.662	0.658	0.665	0.656	0.638	0.645	0.616	0.644	0.658	0.617	0.626	0.606	0.607	0.601	0.623	0.6	0.628	0.593	0.619	0.622	0.623	0.617	0.625	0.609	0.627	0.595	0.651	0.619	0.631	0.655	0.665	0.611	0.666	0.674	0.661	0.693	0.705	0.678	0.678	0.66	0.66	0.666	0.67	0.662	0.659	0.645	0.629	0.608	0.584	0.585	0.561	0.544	0.535	0.473	0.466	0.446	0.433	0.386	0.326	
1	1	1	0.999	0.999	1	0.999	0.998	1	0.999	0.999	0.998	1	0.999	0.999	0.997	0.999	0.997	0.999	0.999	1	0.999	0.999	0.997	0.998	0.999	0.998	0.999	1	0.995	0.995	0.991	0.997	0.998	0.998	0.998	0.996	0.994	0.996	0.997	0.99	0.998	0.998	0.997	0.99	0.99	0.993	0.989	0.989	0.986	0.992	0.99	0.988	0.992	0.993	0.985	0.986	0.984	0.98	0.984	0.99	0.984	0.984	0.976	0.984	0.974	0.966	0.969	0.959	0.974	0.968	0.954	0.955	0.953	0.948	0.931	0.931	0.93	0.922	0.902	0.879	0.841	0.854	0.837	0.838	0.808	0.761	0.743	0.719	0.689	0.653	0.614	0.595	0.588	0.556	0.5	0.415	0.427	0.36	0.317	
0.998	1	0.996	0.997	0.996	0.991	0.997	0.996	0.992	0.996	0.994	0.994	0.994	0.992	0.988	0.994	0.992	0.991	0.988	0.985	0.984	0.987	0.984	0.993	0.984	0.985	0.984	0.983	0.982	0.977	0.981	0.976	0.972	0.969	0.968	0.968	0.977	0.966	0.953	0.954	0.955	0.967	0.958	0.962	0.944	0.958	0.944	0.937	0.934	0.936	0.932	0.918	0.92	0.927	0.903	0.905	0.911	0.899	0.892	0.894	0.875	0.87	0.875	0.876	0.854	0.838	0.842	0.833	0.822	0.817	0.79	0.78	0.768	0.801	0.762	0.743	0.752	0.718	0.73	0.718	0.69	0.676	0.658	0.657	0.622	0.606	0.575	0.541	0.552	0.551	0.525	0.494	0.436	0.441	0.403	0.389	0.34	0.3	0.287	0.261	
0.279	0.299	0.269	0.308	0.287	0.315	0.315	0.301	0.299	0.275	0.297	0.286	0.288	0.27	0.293	0.261	0.27	0.29	0.271	0.273	0.295	0.257	0.295	0.285	0.287	0.279	0.278	0.263	0.253	0.253	0.263	0.263	0.263	0.249	0.248	0.244	0.251	0.232	0.235	0.243	0.201	0.191	0.188	0.241	0.21	0.185	0.184	0.188	0.182	0.168	0.146	0.153	0.168	0.147	0.15	0.141	0.141	0.133	0.118	0.117	0.128	0.104	0.105	0.117	0.08	0.084	0.088	0.075	0.084	0.079	0.065	0.057	0.056	0.051	0.053	0.045	0.044	0.038	0.035	0.035	0.028	0.02	0.027	0.014	0.019	0.012	0.013	0.01	0.006	0.005	0.005	0.004	0.001	0	0.003	0	0	0.001	0	0	
1	1	1	1	1	1	1	1	1	1	1	1	1	1	1	1	1	1	1	1	1	1	1	1	1	1	1	1	1	1	1	1	1	1	0.999	1	1	0.998	1	1	0.994	1	1	0.999	0.999	0.999	0.996	0.993	1	1	0.994	0.994	0.995	0.998	0.996	0.995	0.993	0.993	0.994	0.993	0.995	0.986	0.983	0.979	0.977	0.981	0.984	0.977	0.97	0.967	0.969	0.957	0.951	0.949	0.946	0.946	0.942	0.924	0.918	0.907	0.887	0.871	0.885	0.852	0.819	0.824	0.797	0.765	0.724	0.681	0.657	0.599	0.561	0.518	0.473	0.433	0.388	0.317	0.279	0.236	
0.435	0.418	0.443	0.422	0.386	0.397	0.347	0.382	0.382	0.376	0.313	0.336	0.352	0.336	0.294	0.307	0.288	0.291	0.275	0.272	0.262	0.271	0.247	0.221	0.263	0.248	0.212	0.224	0.202	0.215	0.228	0.222	0.205	0.202	0.184	0.197	0.185	0.197	0.174	0.186	0.177	0.172	0.156	0.148	0.151	0.148	0.169	0.155	0.143	0.161	0.13	0.142	0.135	0.137	0.131	0.124	0.107	0.133	0.12	0.125	0.1	0.112	0.121	0.122	0.099	0.104	0.097	0.111	0.107	0.098	0.109	0.07	0.092	0.086	0.087	0.088	0.076	0.086	0.077	0.101	0.09	0.068	0.081	0.072	0.059	0.069	0.053	0.06	0.047	0.048	0.036	0.053	0.031	0.044	0.046	0.029	0.023	0.02	0.023	0.011	
0.033	0.023	0.016	0.013	0.015	0.003	0.008	0.006	0.003	0.004	0.002	0.002	0	0	0.001	0.001	0	0	0.001	0	0	0	0	0	0	0	0	0	0	0	0	0	0	0	0	0	0	0	0	0	0	0	0	0	0	0	0	0	0	0	0	0	0	0	0	0	0	0	0	0	0	0	0	0	0	0	0	0	0	0	0	0	0	0	0	0	0	0	0	0	0	0	0	0	0	0	0	0	0	0	0	0	0	0	0	0	0	0	0	0	
0.992	0.995	0.991	0.986	0.989	0.98	0.977	0.989	0.981	0.981	0.983	0.981	0.971	0.964	0.971	0.964	0.966	0.966	0.958	0.944	0.96	0.957	0.963	0.948	0.949	0.948	0.936	0.914	0.917	0.913	0.906	0.908	0.905	0.879	0.892	0.895	0.867	0.856	0.847	0.847	0.856	0.819	0.822	0.801	0.761	0.804	0.778	0.76	0.759	0.722	0.741	0.715	0.73	0.689	0.692	0.675	0.663	0.655	0.622	0.604	0.587	0.597	0.585	0.562	0.57	0.524	0.511	0.493	0.513	0.511	0.468	0.432	0.419	0.403	0.393	0.354	0.362	0.368	0.338	0.327	0.296	0.263	0.271	0.26	0.219	0.21	0.233	0.195	0.205	0.192	0.187	0.175	0.195	0.178	0.17	0.198	0.196	0.206	0.242	0.247	
0.664	0.636	0.628	0.619	0.633	0.587	0.578	0.626	0.581	0.554	0.578	0.56	0.591	0.574	0.532	0.546	0.5	0.517	0.492	0.527	0.512	0.472	0.49	0.468	0.483	0.475	0.463	0.435	0.442	0.403	0.396	0.407	0.412	0.362	0.383	0.379	0.372	0.351	0.357	0.349	0.328	0.343	0.321	0.271	0.313	0.277	0.298	0.241	0.257	0.249	0.222	0.232	0.219	0.231	0.172	0.203	0.17	0.159	0.146	0.151	0.142	0.128	0.114	0.121	0.133	0.09	0.081	0.097	0.1	0.091	0.068	0.081	0.066	0.059	0.056	0.054	0.042	0.034	0.042	0.031	0.041	0.039	0.032	0.034	0.023	0.02	0.02	0.022	0.016	0.008	0.017	0.018	0.017	0.013	0.015	0.012	0.011	0.007	0.006	0.009	
0.172	0.163	0.165	0.159	0.139	0.146	0.108	0.094	0.083	0.072	0.067	0.066	0.041	0.054	0.041	0.035	0.016	0.016	0.017	0.016	0.009	0.01	0.006	0.002	0.003	0.002	0.003	0.001	0.001	0.002	0.001	0	0	0	0	0	0	0.001	0	0	0	0	0.002	0	0	0	0	0	0	0	0	0.001	0	0	0	0.001	0	0	0	0	0	0	0	0	0	0	0	0	0	0	0.001	0	0	0	0	0	0	0	0	0	0	0	0	0	0	0	0	0	0	0	0	0	0	0	0	0	0	0	0	0	
0	0.002	0	0	0	0.001	0.004	0	0	0.001	0	0.001	0	0.002	0.001	0	0.002	0.003	0.003	0.001	0	0.001	0	0.003	0.001	0.003	0.002	0.002	0	0.004	0.001	0.005	0.003	0.001	0.002	0.003	0.002	0.006	0.001	0.004	0.002	0.005	0.002	0.009	0.006	0.003	0.014	0.005	0.01	0.005	0.006	0.01	0.011	0.003	0.006	0.012	0.012	0.017	0.01	0.006	0.013	0.019	0.017	0.013	0.021	0.015	0.016	0.02	0.021	0.018	0.015	0.021	0.032	0.027	0.03	0.031	0.027	0.032	0.037	0.019	0.025	0.034	0.028	0.026	0.022	0.03	0.025	0.025	0.019	0.017	0.016	0.017	0.019	0.017	0.023	0.015	0.007	0.013	0.008	0.007	
