1	1	1	1	1	1	1	1	1	1	1	1	1	1	1	1	1	1	1	1	1	1	1	1	1	1	1	1	1	1	1	1	1	1	1	1	1	1	0.999	1	0.999	1	1	0.998	0.999	1	0.997	0.997	0.996	0.993	0.995	0.991	0.99	0.988	0.988	0.981	0.982	0.979	0.976	0.97	0.967	0.965	0.965	0.959	0.946	0.953	0.942	0.925	0.928	0.929	0.901	0.9	0.88	0.89	0.875	0.877	0.85	0.848	0.85	0.831	0.817	0.792	0.79	0.763	0.76	0.746	0.75	0.743	0.702	0.705	0.673	0.661	0.653	0.655	0.623	0.626	0.594	0.548	0.596	0.554	
0.994	0.994	0.996	0.998	0.997	0.992	0.998	0.997	0.998	0.997	0.999	0.994	0.995	0.998	0.998	0.998	0.992	0.998	0.998	0.998	0.994	0.994	0.998	0.996	0.997	0.996	0.999	0.993	0.995	0.994	0.991	0.993	0.995	0.996	0.992	0.992	0.988	0.99	0.996	0.996	0.987	0.994	0.992	0.994	0.99	0.994	0.989	0.99	0.991	0.983	0.991	0.987	0.987	0.993	0.985	0.989	0.985	0.993	0.984	0.989	0.985	0.976	0.988	0.985	0.984	0.984	0.976	0.985	0.981	0.975	0.986	0.976	0.97	0.973	0.972	0.977	0.978	0.97	0.967	0.964	0.976	0.969	0.968	0.956	0.962	0.957	0.956	0.96	0.94	0.95	0.956	0.947	0.942	0.93	0.93	0.92	0.932	0.906	0.911	0.898	
1	0.999	0.997	0.999	1	1	0.998	0.995	0.998	0.994	0.993	0.996	0.996	0.997	0.99	0.995	0.989	0.985	0.987	0.984	0.987	0.974	0.981	0.981	0.975	0.973	0.965	0.969	0.963	0.965	0.962	0.955	0.954	0.95	0.932	0.954	0.944	0.945	0.936	0.918	0.91	0.928	0.913	0.916	0.899	0.912	0.906	0.896	0.888	0.883	0.893	0.884	0.881	0.872	0.85	0.861	0.846	0.876	0.85	0.867	0.855	0.848	0.842	0.857	0.826	0.82	0.842	0.839	0.822	0.823	0.808	0.831	0.817	0.806	0.806	0.79	0.793	0.793	0.773	0.778	0.749	0.769	0.756	0.743	0.748	0.755	0.72	0.748	0.739	0.713	0.729	0.717	0.671	0.674	0.688	0.675	0.64	0.629	0.614	0.59	
1	1	1	1	1	1	1	1	1	1	1	1	1	1	1	1	0.999	1	1	1	1	0.999	1	1	1	1	0.998	0.999	0.999	1	0.998	0.997	0.999	0.999	0.998	0.992	0.996	0.998	0.995	0.993	0.989	0.994	0.988	0.994	0.983	0.988	0.99	0.984	0.978	0.982	0.988	0.984	0.972	0.966	0.971	0.958	0.97	0.957	0.959	0.939	0.937	0.943	0.958	0.925	0.936	0.926	0.914	0.908	0.909	0.899	0.903	0.903	0.867	0.88	0.865	0.873	0.842	0.841	0.843	0.848	0.829	0.79	0.792	0.775	0.776	0.775	0.738	0.735	0.722	0.707	0.692	0.665	0.658	0.637	0.63	0.647	0.593	0.589	0.534	0.521	
1	1	1	1	1	1	1	1	1	1	1	1	1	1	1	1	1	1	1	1	1	1	1	1	1	1	1	1	1	1	1	1	1	1	1	1	1	1	1	1	1	1	1	1	1	1	1	1	1	1	1	1	1	1	1	1	1	1	1	1	1	1	1	1	1	1	1	1	1	1	1	0.999	1	1	1	1	1	1	0.999	1	1	1	0.999	0.997	0.999	0.996	0.996	0.994	0.994	0.995	0.991	0.989	0.983	0.979	0.979	0.966	0.958	0.935	0.896	0.885	
1	1	1	1	1	1	1	1	1	1	0.999	1	0.998	1	1	0.998	0.999	1	0.996	0.997	0.998	0.998	0.992	0.996	0.992	0.993	0.994	0.985	0.982	0.982	0.982	0.978	0.983	0.971	0.958	0.954	0.963	0.957	0.938	0.947	0.945	0.932	0.928	0.919	0.939	0.91	0.908	0.89	0.897	0.884	0.876	0.87	0.856	0.833	0.838	0.856	0.83	0.809	0.792	0.792	0.807	0.786	0.777	0.76	0.755	0.738	0.719	0.696	0.698	0.682	0.687	0.669	0.666	0.642	0.659	0.623	0.627	0.618	0.604	0.578	0.575	0.545	0.516	0.523	0.518	0.525	0.51	0.489	0.486	0.466	0.457	0.447	0.407	0.442	0.423	0.425	0.424	0.37	0.397	0.374	
0.817	0.836	0.797	0.793	0.8	0.786	0.766	0.746	0.731	0.734	0.715	0.709	0.71	0.7	0.711	0.683	0.667	0.683	0.665	0.641	0.639	0.605	0.649	0.584	0.613	0.558	0.626	0.566	0.569	0.51	0.544	0.527	0.513	0.501	0.524	0.476	0.476	0.479	0.476	0.452	0.433	0.441	0.426	0.423	0.415	0.385	0.363	0.353	0.407	0.408	0.352	0.37	0.353	0.345	0.328	0.346	0.302	0.324	0.298	0.324	0.3	0.277	0.266	0.239	0.25	0.256	0.242	0.253	0.233	0.205	0.217	0.204	0.212	0.191	0.171	0.188	0.157	0.142	0.161	0.13	0.133	0.099	0.114	0.099	0.096	0.095	0.087	0.065	0.066	0.051	0.054	0.041	0.055	0.021	0.035	0.016	0.015	0.015	0.013	0.009	
0.115	0.111	0.114	0.11	0.098	0.091	0.068	0.076	0.072	0.069	0.059	0.055	0.048	0.031	0.034	0.034	0.033	0.03	0.025	0.019	0.023	0.012	0.01	0.01	0.014	0.016	0.009	0.004	0.007	0.01	0.003	0.003	0.004	0.003	0.001	0.002	0.004	0.003	0.001	0.001	0.001	0.001	0	0	0	0.001	0	0	0	0	0.001	0	0.001	0.002	0	0	0	0	0	0	0	0	0	0	0	0	0	0	0	0	0	0	0	0	0	0	0	0	0	0	0	0	0	0	0	0	0	0	0	0	0	0	0	0	0	0	0	0	0	0	
1	1	1	1	1	1	1	1	1	1	1	1	1	1	1	1	1	1	1	1	1	1	1	1	1	1	1	1	1	1	1	1	1	1	1	1	1	1	1	1	1	1	1	0.999	1	1	1	1	1	1	1	0.999	1	0.999	1	0.997	0.998	0.997	0.997	0.994	0.997	0.997	0.998	0.996	0.998	0.993	0.986	0.983	0.987	0.984	0.981	0.973	0.976	0.964	0.98	0.964	0.951	0.944	0.938	0.913	0.919	0.914	0.902	0.892	0.87	0.814	0.825	0.795	0.756	0.732	0.718	0.651	0.636	0.608	0.546	0.536	0.484	0.453	0.421	0.396	
1	1	0.999	1	0.999	0.998	1	0.999	1	0.999	0.998	1	0.999	0.999	0.998	1	0.999	0.999	0.997	0.996	0.996	0.998	0.999	0.998	0.992	0.994	0.993	0.994	0.994	0.989	0.994	0.989	0.991	0.99	0.988	0.985	0.978	0.978	0.977	0.979	0.979	0.974	0.976	0.965	0.971	0.97	0.971	0.962	0.953	0.963	0.966	0.95	0.944	0.958	0.936	0.936	0.933	0.94	0.924	0.918	0.927	0.906	0.889	0.908	0.888	0.87	0.868	0.859	0.862	0.836	0.855	0.803	0.769	0.778	0.764	0.703	0.696	0.675	0.639	0.613	0.564	0.55	0.519	0.484	0.426	0.385	0.341	0.322	0.269	0.241	0.201	0.177	0.148	0.095	0.094	0.066	0.048	0.05	0.041	0.027	
0.998	0.999	0.999	0.996	0.998	0.991	0.996	0.996	0.99	0.996	0.992	0.994	0.993	0.994	0.983	0.988	0.983	0.982	0.984	0.982	0.976	0.972	0.978	0.971	0.98	0.964	0.973	0.971	0.961	0.948	0.95	0.949	0.961	0.955	0.951	0.946	0.947	0.947	0.956	0.927	0.936	0.939	0.926	0.926	0.933	0.941	0.944	0.935	0.926	0.935	0.929	0.907	0.928	0.918	0.909	0.919	0.921	0.925	0.928	0.927	0.9	0.909	0.899	0.933	0.921	0.908	0.918	0.924	0.922	0.925	0.921	0.919	0.919	0.901	0.908	0.925	0.916	0.907	0.93	0.917	0.916	0.916	0.904	0.91	0.908	0.902	0.903	0.919	0.904	0.89	0.895	0.895	0.888	0.868	0.881	0.858	0.882	0.858	0.827	0.832	
1	1	1	1	1	1	1	1	1	1	1	1	1	1	1	1	1	1	1	1	1	1	1	1	1	1	0.999	1	1	1	1	0.999	0.999	0.997	0.999	1	0.998	0.995	0.996	0.996	0.996	0.992	0.996	0.995	0.994	0.992	0.986	0.988	0.984	0.985	0.986	0.987	0.977	0.977	0.973	0.97	0.956	0.96	0.954	0.96	0.944	0.956	0.954	0.946	0.935	0.93	0.948	0.913	0.926	0.91	0.925	0.911	0.9	0.903	0.881	0.885	0.867	0.871	0.85	0.847	0.807	0.8	0.762	0.717	0.703	0.675	0.669	0.643	0.542	0.554	0.5	0.448	0.387	0.364	0.31	0.269	0.233	0.177	0.13	0.119	
0.001	0.004	0.005	0.001	0.001	0.003	0	0.001	0.001	0.002	0	0.001	0	0.002	0	0	0.004	0	0	0.001	0	0	0	0	0	0	0	0	0	0.001	0	0	0	0	0	0	0	0	0	0.001	0	0	0	0	0	0	0	0	0	0	0	0	0	0	0	0	0	0	0	0	0	0	0	0	0	0	0	0.001	0	0	0	0	0	0	0	0.001	0	0	0	0	0	0	0	0	0	0	0	0	0.001	0.001	0.005	0.004	0.003	0.001	0.002	0.004	0.001	0.003	0.004	0.002	
0.988	0.995	0.995	0.989	0.99	0.994	0.991	0.983	0.98	0.978	0.98	0.98	0.977	0.979	0.963	0.964	0.974	0.967	0.965	0.95	0.944	0.964	0.954	0.934	0.943	0.95	0.93	0.928	0.945	0.919	0.928	0.934	0.905	0.91	0.91	0.888	0.887	0.898	0.905	0.895	0.877	0.865	0.865	0.858	0.854	0.856	0.855	0.841	0.844	0.816	0.838	0.818	0.779	0.815	0.804	0.788	0.794	0.799	0.773	0.753	0.756	0.77	0.741	0.737	0.745	0.719	0.694	0.661	0.691	0.727	0.687	0.706	0.675	0.647	0.658	0.627	0.632	0.626	0.616	0.581	0.579	0.539	0.548	0.538	0.504	0.528	0.495	0.463	0.458	0.441	0.428	0.395	0.365	0.369	0.327	0.356	0.285	0.302	0.244	0.244	
0.476	0.505	0.489	0.523	0.505	0.501	0.498	0.478	0.518	0.515	0.51	0.549	0.521	0.55	0.509	0.529	0.525	0.532	0.521	0.516	0.547	0.527	0.55	0.525	0.517	0.573	0.511	0.53	0.55	0.54	0.57	0.584	0.541	0.551	0.528	0.575	0.565	0.566	0.56	0.561	0.556	0.542	0.534	0.516	0.534	0.526	0.519	0.537	0.554	0.513	0.553	0.51	0.492	0.48	0.485	0.494	0.46	0.457	0.471	0.462	0.474	0.437	0.46	0.453	0.427	0.411	0.474	0.427	0.415	0.409	0.436	0.426	0.387	0.4	0.384	0.376	0.372	0.381	0.363	0.361	0.344	0.356	0.349	0.379	0.3	0.323	0.296	0.297	0.297	0.298	0.29	0.275	0.272	0.266	0.243	0.236	0.223	0.21	0.208	0.217	
0.998	0.996	0.999	0.999	0.999	0.996	0.995	0.996	0.992	0.999	0.996	0.994	0.992	0.995	0.995	0.994	0.998	0.992	0.993	0.993	0.993	0.994	0.993	0.987	0.992	0.982	0.987	0.983	0.984	0.985	0.979	0.985	0.986	0.985	0.971	0.973	0.974	0.968	0.964	0.973	0.966	0.976	0.957	0.951	0.959	0.953	0.96	0.954	0.963	0.937	0.948	0.938	0.934	0.94	0.94	0.929	0.922	0.933	0.926	0.921	0.923	0.931	0.936	0.912	0.918	0.927	0.911	0.898	0.926	0.902	0.897	0.903	0.894	0.888	0.89	0.903	0.891	0.912	0.876	0.889	0.901	0.88	0.905	0.907	0.899	0.879	0.89	0.898	0.881	0.9	0.888	0.908	0.891	0.879	0.878	0.859	0.857	0.855	0.852	0.823	
0.996	0.998	0.995	0.995	0.995	0.993	0.989	0.99	0.989	0.992	0.974	0.979	0.974	0.979	0.968	0.968	0.967	0.957	0.957	0.955	0.946	0.936	0.926	0.93	0.93	0.924	0.909	0.91	0.915	0.893	0.88	0.872	0.879	0.841	0.859	0.857	0.825	0.829	0.815	0.795	0.784	0.779	0.772	0.766	0.742	0.717	0.708	0.713	0.684	0.687	0.663	0.621	0.638	0.617	0.628	0.6	0.581	0.601	0.556	0.527	0.503	0.494	0.486	0.486	0.45	0.456	0.426	0.403	0.43	0.389	0.371	0.376	0.388	0.37	0.329	0.317	0.336	0.305	0.296	0.259	0.282	0.272	0.22	0.239	0.24	0.207	0.237	0.222	0.17	0.17	0.175	0.175	0.173	0.165	0.147	0.139	0.134	0.15	0.126	0.123	
1	1	0.999	1	0.999	1	1	1	0.999	0.999	0.998	1	0.999	0.997	0.997	0.997	0.998	0.996	0.994	0.997	0.994	0.993	0.996	0.994	0.987	0.988	0.993	0.988	0.988	0.984	0.986	0.985	0.985	0.978	0.984	0.969	0.989	0.971	0.975	0.975	0.959	0.964	0.961	0.964	0.958	0.939	0.956	0.943	0.942	0.944	0.934	0.916	0.927	0.93	0.909	0.894	0.894	0.913	0.879	0.884	0.874	0.88	0.848	0.87	0.864	0.844	0.842	0.845	0.829	0.833	0.816	0.808	0.771	0.791	0.768	0.769	0.758	0.768	0.717	0.711	0.712	0.716	0.671	0.681	0.654	0.676	0.631	0.641	0.595	0.625	0.602	0.564	0.57	0.557	0.55	0.54	0.488	0.479	0.469	0.434	
0.302	0.309	0.309	0.263	0.283	0.272	0.253	0.258	0.268	0.231	0.22	0.231	0.201	0.2	0.193	0.165	0.144	0.145	0.139	0.131	0.137	0.112	0.114	0.108	0.115	0.093	0.086	0.073	0.084	0.067	0.076	0.06	0.063	0.065	0.057	0.044	0.041	0.038	0.036	0.028	0.028	0.03	0.017	0.018	0.022	0.017	0.02	0.011	0.01	0.015	0.015	0.012	0.013	0.006	0.005	0.002	0.002	0.002	0.003	0.002	0.004	0.003	0.003	0.001	0.001	0.003	0	0.003	0	0.002	0.001	0.002	0	0.001	0	0	0.001	0	0	0	0	0	0	0	0	0	0.001	0	0	0	0	0	0	0	0	0	0	0	0	0	
0.992	0.992	0.989	0.992	0.99	0.993	0.986	0.992	0.99	0.992	0.993	0.991	0.988	0.992	0.996	0.988	0.99	0.993	0.984	0.991	0.989	0.982	0.984	0.991	0.991	0.988	0.979	0.988	0.976	0.982	0.983	0.983	0.98	0.97	0.966	0.981	0.973	0.978	0.967	0.972	0.973	0.963	0.952	0.954	0.953	0.945	0.946	0.928	0.931	0.927	0.905	0.91	0.905	0.902	0.895	0.878	0.852	0.859	0.845	0.832	0.81	0.813	0.805	0.783	0.767	0.778	0.745	0.703	0.725	0.716	0.699	0.685	0.647	0.623	0.604	0.605	0.582	0.533	0.525	0.49	0.459	0.463	0.452	0.401	0.382	0.33	0.342	0.294	0.28	0.243	0.213	0.194	0.175	0.164	0.115	0.113	0.085	0.083	0.061	0.057	
0.779	0.759	0.776	0.768	0.768	0.751	0.763	0.767	0.755	0.771	0.761	0.767	0.783	0.78	0.745	0.774	0.771	0.781	0.784	0.779	0.766	0.788	0.792	0.798	0.789	0.779	0.773	0.788	0.782	0.784	0.783	0.776	0.803	0.782	0.782	0.773	0.76	0.784	0.788	0.79	0.782	0.789	0.76	0.782	0.773	0.774	0.785	0.761	0.794	0.776	0.761	0.79	0.799	0.784	0.741	0.775	0.762	0.777	0.757	0.765	0.758	0.77	0.781	0.78	0.78	0.743	0.758	0.764	0.76	0.742	0.734	0.74	0.746	0.723	0.738	0.718	0.718	0.713	0.732	0.697	0.706	0.695	0.689	0.682	0.692	0.657	0.668	0.661	0.667	0.656	0.65	0.632	0.605	0.589	0.576	0.584	0.543	0.551	0.499	0.494	
1	1	1	1	1	1	1	1	1	1	1	1	1	1	1	1	1	1	1	1	1	1	1	1	1	1	1	1	1	1	1	1	1	1	1	1	1	1	1	1	1	1	1	1	1	1	1	1	1	1	1	1	1	1	1	1	1	1	1	1	1	1	1	1	1	1	1	1	1	1	1	0.999	0.999	1	1	0.999	0.999	0.998	0.998	0.997	0.997	0.999	0.996	1	0.999	0.997	0.997	0.998	0.993	0.993	0.994	0.99	0.988	0.99	0.983	0.988	0.982	0.98	0.968	0.974	
0.775	0.742	0.726	0.736	0.715	0.704	0.734	0.729	0.698	0.709	0.679	0.698	0.685	0.69	0.659	0.649	0.619	0.677	0.628	0.642	0.62	0.599	0.621	0.62	0.609	0.592	0.562	0.604	0.581	0.58	0.56	0.544	0.56	0.507	0.54	0.538	0.554	0.51	0.523	0.518	0.522	0.501	0.506	0.519	0.482	0.496	0.514	0.461	0.485	0.465	0.482	0.483	0.476	0.454	0.472	0.477	0.456	0.454	0.457	0.459	0.424	0.423	0.435	0.48	0.431	0.438	0.449	0.417	0.403	0.43	0.38	0.394	0.402	0.413	0.424	0.412	0.391	0.369	0.401	0.403	0.413	0.41	0.399	0.376	0.39	0.387	0.394	0.388	0.38	0.36	0.348	0.335	0.373	0.361	0.321	0.349	0.305	0.299	0.323	0.279	
1	1	1	1	1	1	1	1	1	1	1	1	1	1	1	1	1	1	1	1	1	0.999	1	1	1	1	1	1	1	1	0.999	1	0.999	0.999	0.997	0.999	0.997	0.997	0.999	0.996	0.999	0.994	0.997	0.996	0.994	0.996	0.99	0.989	0.993	0.987	0.984	0.976	0.983	0.972	0.974	0.962	0.951	0.951	0.938	0.923	0.917	0.917	0.9	0.901	0.879	0.877	0.855	0.838	0.832	0.79	0.768	0.751	0.742	0.725	0.713	0.676	0.65	0.643	0.63	0.602	0.565	0.523	0.475	0.461	0.45	0.44	0.388	0.345	0.321	0.287	0.265	0.255	0.221	0.197	0.161	0.155	0.134	0.122	0.121	0.113	
0.953	0.951	0.95	0.936	0.939	0.932	0.904	0.917	0.907	0.912	0.909	0.885	0.872	0.88	0.859	0.871	0.82	0.839	0.806	0.813	0.816	0.8	0.798	0.783	0.735	0.75	0.73	0.71	0.731	0.669	0.692	0.666	0.664	0.643	0.616	0.609	0.616	0.601	0.581	0.555	0.54	0.579	0.531	0.505	0.457	0.483	0.445	0.44	0.414	0.396	0.401	0.353	0.355	0.353	0.325	0.323	0.308	0.281	0.244	0.262	0.225	0.215	0.209	0.187	0.186	0.188	0.16	0.135	0.146	0.142	0.121	0.121	0.107	0.096	0.098	0.092	0.079	0.065	0.076	0.062	0.037	0.056	0.039	0.033	0.034	0.032	0.021	0.027	0.014	0.017	0.013	0.009	0.007	0.005	0.003	0.007	0.002	0.003	0.004	0.001	
1	0.999	1	0.999	0.998	0.999	0.998	0.996	0.997	0.997	0.993	0.995	0.992	0.996	0.997	0.992	0.99	0.993	0.991	0.99	0.985	0.983	0.983	0.99	0.985	0.983	0.982	0.989	0.981	0.984	0.983	0.981	0.977	0.967	0.973	0.977	0.975	0.969	0.968	0.975	0.962	0.963	0.967	0.956	0.976	0.97	0.96	0.961	0.96	0.952	0.951	0.969	0.958	0.955	0.951	0.949	0.946	0.951	0.961	0.953	0.941	0.952	0.932	0.925	0.915	0.907	0.909	0.918	0.885	0.879	0.88	0.866	0.859	0.847	0.808	0.805	0.787	0.745	0.759	0.733	0.727	0.667	0.64	0.611	0.604	0.521	0.519	0.477	0.44	0.394	0.419	0.331	0.331	0.281	0.248	0.213	0.156	0.147	0.137	0.109	
1	1	1	1	1	1	1	1	1	1	1	1	1	1	0.999	1	1	1	1	0.999	1	1	1	1	1	1	0.997	0.997	0.999	0.995	0.996	0.996	0.996	0.992	0.986	0.989	0.985	0.993	0.98	0.977	0.971	0.976	0.978	0.963	0.956	0.963	0.944	0.937	0.919	0.925	0.898	0.91	0.887	0.882	0.852	0.87	0.843	0.782	0.81	0.793	0.755	0.727	0.731	0.694	0.651	0.655	0.624	0.609	0.565	0.556	0.539	0.535	0.452	0.41	0.41	0.389	0.379	0.328	0.326	0.28	0.262	0.22	0.21	0.183	0.17	0.155	0.113	0.101	0.084	0.064	0.061	0.051	0.045	0.036	0.026	0.011	0.023	0.009	0.007	0.004	
1	1	1	1	1	1	1	1	1	1	1	1	1	1	1	1	0.999	1	1	1	1	1	0.999	1	1	1	0.999	0.998	1	0.999	0.999	1	0.999	0.999	1	0.999	0.999	0.998	0.998	0.999	0.997	0.998	0.999	0.997	0.995	0.998	0.997	0.994	0.995	0.992	0.996	0.993	0.992	0.995	0.998	0.995	0.992	0.997	0.992	0.992	0.992	0.993	0.991	0.986	0.985	0.989	0.988	0.986	0.982	0.982	0.985	0.979	0.982	0.977	0.98	0.976	0.969	0.97	0.971	0.964	0.961	0.955	0.965	0.964	0.955	0.969	0.965	0.954	0.937	0.943	0.939	0.936	0.937	0.922	0.906	0.907	0.918	0.905	0.902	0.898	
1	1	1	1	1	1	1	0.999	1	1	0.999	1	1	1	0.999	1	0.996	0.999	0.999	0.997	0.996	0.998	1	0.999	0.997	0.997	0.994	0.994	0.995	0.996	0.99	0.989	0.996	0.993	0.984	0.977	0.983	0.967	0.984	0.978	0.97	0.971	0.984	0.963	0.949	0.958	0.954	0.933	0.949	0.926	0.931	0.908	0.918	0.907	0.897	0.87	0.859	0.851	0.828	0.804	0.81	0.77	0.755	0.731	0.723	0.648	0.67	0.602	0.572	0.55	0.477	0.48	0.429	0.382	0.366	0.321	0.294	0.259	0.238	0.18	0.174	0.151	0.117	0.097	0.062	0.072	0.041	0.038	0.029	0.026	0.017	0.015	0.008	0.006	0.008	0	0.001	0.001	0.002	0.001	
0.257	0.252	0.232	0.233	0.203	0.207	0.182	0.169	0.167	0.166	0.161	0.147	0.131	0.118	0.118	0.113	0.108	0.1	0.089	0.101	0.095	0.091	0.091	0.098	0.083	0.079	0.068	0.068	0.072	0.06	0.06	0.076	0.052	0.051	0.061	0.046	0.058	0.064	0.046	0.044	0.046	0.044	0.033	0.044	0.041	0.041	0.048	0.044	0.055	0.039	0.042	0.046	0.036	0.036	0.045	0.04	0.038	0.038	0.034	0.04	0.035	0.051	0.037	0.034	0.038	0.045	0.044	0.055	0.045	0.038	0.041	0.044	0.034	0.037	0.042	0.05	0.05	0.051	0.064	0.042	0.061	0.058	0.071	0.058	0.081	0.071	0.086	0.1	0.071	0.09	0.098	0.102	0.101	0.1	0.091	0.1	0.104	0.109	0.111	0.087	
1	1	1	1	1	1	1	1	1	1	1	1	1	1	1	1	1	1	1	1	1	1	1	1	1	1	1	1	0.999	1	0.998	1	0.999	1	0.998	0.999	0.998	1	0.994	0.996	0.998	0.995	0.997	0.994	0.991	0.996	0.989	0.991	0.995	0.986	0.984	0.988	0.986	0.974	0.976	0.975	0.97	0.968	0.964	0.97	0.958	0.956	0.96	0.942	0.937	0.948	0.926	0.914	0.908	0.911	0.904	0.897	0.881	0.877	0.847	0.846	0.825	0.825	0.824	0.801	0.799	0.78	0.759	0.747	0.751	0.745	0.69	0.676	0.68	0.661	0.664	0.646	0.619	0.604	0.571	0.525	0.516	0.494	0.426	0.449	
0.959	0.962	0.954	0.941	0.949	0.936	0.939	0.923	0.931	0.928	0.911	0.909	0.909	0.91	0.897	0.899	0.898	0.889	0.881	0.89	0.871	0.88	0.863	0.859	0.843	0.837	0.846	0.848	0.822	0.829	0.82	0.818	0.804	0.806	0.802	0.768	0.781	0.759	0.769	0.762	0.728	0.729	0.72	0.684	0.692	0.666	0.676	0.656	0.67	0.593	0.64	0.611	0.577	0.54	0.598	0.547	0.545	0.531	0.509	0.482	0.455	0.449	0.456	0.444	0.425	0.421	0.399	0.359	0.34	0.332	0.364	0.303	0.313	0.288	0.291	0.26	0.242	0.25	0.243	0.234	0.213	0.198	0.181	0.191	0.186	0.148	0.147	0.143	0.128	0.102	0.11	0.1	0.101	0.086	0.059	0.069	0.055	0.046	0.036	0.029	
1	1	1	1	1	1	1	1	1	1	1	1	1	1	1	1	1	1	1	1	1	1	1	1	0.999	1	1	1	1	1	0.999	1	0.999	1	0.999	1	1	0.998	1	0.997	0.997	0.996	0.996	0.993	0.996	0.995	0.989	0.993	0.987	0.995	0.993	0.993	0.985	0.984	0.991	0.986	0.987	0.981	0.988	0.981	0.974	0.98	0.971	0.967	0.97	0.963	0.964	0.961	0.943	0.963	0.952	0.954	0.932	0.933	0.92	0.917	0.932	0.911	0.9	0.923	0.894	0.895	0.873	0.882	0.851	0.83	0.816	0.822	0.794	0.77	0.778	0.759	0.74	0.711	0.717	0.672	0.659	0.649	0.618	0.588	
1	1	1	1	1	1	1	1	1	1	1	1	1	1	1	1	1	1	1	1	1	1	1	1	1	1	1	1	1	1	1	1	1	1	1	1	1	1	1	1	1	1	1	1	1	1	1	1	1	1	1	1	1	1	1	1	0.999	1	0.999	0.998	0.999	0.999	0.997	0.999	0.999	0.998	0.998	0.992	0.992	0.996	0.99	0.993	0.988	0.992	0.985	0.975	0.978	0.972	0.972	0.937	0.958	0.933	0.931	0.917	0.901	0.895	0.877	0.833	0.819	0.795	0.765	0.726	0.702	0.656	0.615	0.605	0.54	0.519	0.461	0.428	
0.923	0.909	0.928	0.903	0.906	0.894	0.874	0.878	0.873	0.842	0.838	0.817	0.811	0.812	0.798	0.79	0.755	0.759	0.731	0.747	0.726	0.726	0.698	0.697	0.636	0.66	0.642	0.647	0.619	0.601	0.577	0.568	0.57	0.543	0.511	0.519	0.48	0.494	0.504	0.48	0.436	0.415	0.419	0.407	0.393	0.365	0.353	0.376	0.348	0.34	0.304	0.313	0.284	0.266	0.283	0.271	0.241	0.231	0.223	0.22	0.207	0.195	0.181	0.185	0.164	0.17	0.174	0.162	0.139	0.155	0.128	0.136	0.15	0.123	0.1	0.101	0.095	0.102	0.095	0.092	0.085	0.078	0.076	0.066	0.072	0.067	0.072	0.075	0.069	0.071	0.055	0.059	0.062	0.064	0.057	0.072	0.056	0.042	0.058	0.049	
0.108	0.094	0.102	0.081	0.064	0.072	0.051	0.045	0.045	0.037	0.033	0.029	0.034	0.036	0.02	0.017	0.02	0.014	0.011	0.015	0.015	0.015	0.012	0.005	0.007	0.004	0.005	0.004	0.002	0.005	0.004	0.002	0.002	0	0.003	0.001	0.003	0.003	0.003	0.002	0.002	0.001	0.001	0	0.001	0	0.002	0.002	0	0.001	0.001	0.001	0.001	0	0	0.001	0	0	0	0	0	0	0	0	0	0	0	0.001	0.001	0	0.002	0	0	0	0	0	0	0	0	0	0	0	0	0.001	0.001	0	0	0	0.001	0.001	0.001	0.002	0.001	0.001	0.003	0.002	0.001	0.003	0.004	0.007	
1	1	1	1	1	1	1	1	1	1	1	1	1	1	1	1	1	1	0.998	0.998	0.998	0.998	1	0.998	1	0.999	0.996	0.996	0.998	0.996	0.997	0.996	0.995	0.994	0.992	0.986	0.991	0.989	0.994	0.994	0.988	0.989	0.989	0.985	0.99	0.989	0.985	0.987	0.982	0.981	0.981	0.985	0.981	0.98	0.981	0.972	0.979	0.982	0.975	0.979	0.964	0.963	0.965	0.967	0.967	0.962	0.949	0.966	0.954	0.957	0.935	0.947	0.943	0.932	0.922	0.91	0.903	0.895	0.872	0.854	0.84	0.817	0.796	0.771	0.791	0.746	0.734	0.703	0.709	0.633	0.604	0.606	0.567	0.539	0.495	0.472	0.422	0.39	0.388	0.334	
0.366	0.355	0.339	0.358	0.295	0.266	0.308	0.291	0.264	0.273	0.237	0.221	0.229	0.2	0.185	0.167	0.191	0.156	0.179	0.163	0.147	0.15	0.146	0.135	0.104	0.109	0.095	0.111	0.081	0.074	0.072	0.071	0.067	0.078	0.073	0.054	0.039	0.05	0.042	0.031	0.03	0.035	0.021	0.024	0.019	0.025	0.023	0.025	0.025	0.019	0.01	0.008	0.015	0.013	0.007	0.005	0.003	0.007	0.009	0.002	0.003	0.003	0.003	0.001	0.001	0	0.001	0.001	0.002	0	0	0.001	0	0	0	0	0	0	0	0	0	0	0	0	0	0	0	0	0	0	0	0	0	0	0	0	0	0	0	0	
1	1	1	1	1	1	1	1	1	1	1	1	1	1	1	1	1	1	1	1	1	1	1	1	1	1	1	1	1	1	1	1	1	1	1	1	1	1	0.998	1	1	1	0.998	1	0.998	0.999	0.998	0.996	0.996	0.998	0.996	0.994	0.995	0.996	0.994	0.991	0.985	0.986	0.989	0.989	0.989	0.983	0.977	0.971	0.976	0.95	0.962	0.953	0.95	0.933	0.938	0.917	0.9	0.909	0.895	0.871	0.853	0.843	0.823	0.815	0.788	0.761	0.769	0.724	0.7	0.681	0.688	0.599	0.592	0.59	0.573	0.503	0.495	0.461	0.412	0.399	0.374	0.344	0.322	0.297	
1	1	1	1	1	1	1	1	1	1	1	1	1	1	1	1	1	1	1	1	1	1	1	1	1	1	1	1	1	1	1	1	1	0.999	1	1	1	0.999	1	0.999	0.999	0.999	0.999	1	1	0.999	1	0.999	1	0.999	0.996	0.998	0.998	0.998	0.994	0.997	0.995	0.992	0.992	0.992	0.995	0.991	0.994	0.993	0.993	0.986	0.986	0.991	0.987	0.99	0.98	0.976	0.981	0.981	0.982	0.975	0.978	0.968	0.97	0.966	0.97	0.973	0.97	0.972	0.968	0.963	0.95	0.95	0.944	0.942	0.925	0.933	0.931	0.932	0.914	0.908	0.908	0.888	0.895	0.899	
0.971	0.972	0.968	0.962	0.963	0.95	0.947	0.957	0.945	0.946	0.942	0.939	0.918	0.928	0.909	0.889	0.89	0.893	0.853	0.84	0.822	0.811	0.79	0.791	0.773	0.779	0.726	0.722	0.682	0.679	0.662	0.637	0.597	0.579	0.562	0.536	0.547	0.518	0.496	0.46	0.444	0.439	0.428	0.384	0.377	0.364	0.345	0.323	0.306	0.305	0.289	0.291	0.24	0.214	0.211	0.23	0.219	0.183	0.187	0.147	0.168	0.137	0.116	0.114	0.111	0.083	0.094	0.079	0.083	0.082	0.051	0.043	0.052	0.045	0.034	0.045	0.019	0.021	0.018	0.018	0.012	0.016	0.013	0.007	0.007	0.009	0.003	0.008	0.003	0.004	0.003	0.003	0.002	0	0.001	0	0	0	0	0	
1	1	1	1	1	1	1	1	1	1	1	1	1	1	1	1	1	1	1	1	1	1	1	1	1	1	1	1	1	1	1	1	1	1	1	1	1	1	1	1	1	1	1	1	1	1	1	1	1	1	1	1	1	1	1	1	1	1	1	1	1	1	0.999	1	1	1	1	1	1	0.999	1	1	1	1	0.999	1	0.999	1	1	1	0.999	1	0.998	1	1	0.998	0.998	1	0.998	0.998	0.999	0.998	1	1	0.999	1	0.998	1	1	0.998	
0.177	0.162	0.168	0.136	0.138	0.127	0.106	0.096	0.09	0.07	0.058	0.065	0.058	0.052	0.04	0.048	0.035	0.029	0.027	0.018	0.018	0.015	0.016	0.007	0.014	0.009	0.007	0.006	0.007	0.005	0.003	0.002	0.002	0.002	0.002	0	0.002	0	0.002	0	0	0	0.001	0	0	0.001	0	0	0	0	0	0	0	0	0	0	0	0	0	0	0	0	0	0	0	0	0	0	0	0	0	0	0	0	0	0	0	0	0	0	0	0	0	0	0	0	0	0	0	0	0	0	0	0	0	0	0	0	0	0	
0.207	0.203	0.21	0.168	0.175	0.144	0.145	0.14	0.116	0.083	0.096	0.089	0.081	0.076	0.079	0.064	0.067	0.06	0.06	0.05	0.048	0.038	0.033	0.035	0.029	0.022	0.021	0.02	0.024	0.024	0.007	0.014	0.012	0.016	0.013	0.008	0.01	0.01	0.006	0.003	0.006	0.004	0.004	0.004	0.001	0.004	0.003	0.002	0.002	0	0.001	0.001	0.001	0.002	0	0.002	0.001	0.001	0	0	0	0	0	0	0	0.001	0	0	0	0	0	0	0	0	0	0	0	0	0	0	0	0	0	0	0	0	0	0	0	0	0	0	0	0	0	0	0	0	0	0	
0.819	0.801	0.787	0.774	0.773	0.762	0.747	0.737	0.731	0.731	0.712	0.678	0.675	0.689	0.648	0.648	0.638	0.638	0.607	0.594	0.605	0.588	0.577	0.56	0.548	0.557	0.528	0.499	0.472	0.494	0.48	0.469	0.448	0.415	0.419	0.409	0.418	0.413	0.387	0.385	0.35	0.364	0.346	0.317	0.333	0.357	0.322	0.304	0.271	0.291	0.272	0.236	0.267	0.219	0.257	0.221	0.248	0.215	0.196	0.214	0.198	0.198	0.197	0.162	0.158	0.162	0.145	0.146	0.116	0.118	0.107	0.116	0.099	0.071	0.08	0.073	0.08	0.065	0.065	0.05	0.043	0.039	0.027	0.038	0.028	0.023	0.019	0.012	0.006	0.008	0.006	0.011	0.004	0.006	0.002	0.003	0.004	0.003	0.002	0	
1	0.999	1	1	1	1	1	1	0.999	1	1	1	1	1	1	1	1	1	1	1	1	1	1	1	1	1	1	1	1	1	1	1	1	1	1	1	1	1	1	1	1	1	1	1	1	1	1	1	1	0.999	1	1	0.999	0.998	1	0.998	0.996	0.999	0.997	0.993	0.993	0.992	0.992	0.977	0.977	0.978	0.97	0.959	0.944	0.94	0.927	0.922	0.902	0.896	0.856	0.837	0.775	0.778	0.723	0.671	0.654	0.598	0.583	0.54	0.481	0.391	0.39	0.342	0.316	0.262	0.204	0.185	0.155	0.122	0.096	0.063	0.05	0.031	0.03	0.023	
0.998	0.999	0.998	0.999	0.997	0.997	0.992	0.997	0.994	0.992	0.992	0.992	0.988	0.989	0.989	0.979	0.975	0.964	0.974	0.975	0.966	0.973	0.953	0.956	0.941	0.952	0.954	0.935	0.944	0.926	0.924	0.906	0.88	0.883	0.889	0.878	0.849	0.832	0.818	0.813	0.815	0.795	0.768	0.802	0.761	0.751	0.748	0.726	0.72	0.694	0.685	0.662	0.655	0.662	0.611	0.592	0.591	0.58	0.561	0.536	0.526	0.513	0.493	0.476	0.478	0.435	0.435	0.429	0.384	0.393	0.367	0.349	0.319	0.355	0.329	0.3	0.286	0.251	0.249	0.227	0.238	0.21	0.208	0.227	0.158	0.167	0.171	0.16	0.152	0.141	0.141	0.133	0.12	0.099	0.09	0.09	0.079	0.078	0.074	0.066	
1	1	1	1	1	1	1	1	1	1	1	1	1	1	1	1	1	1	1	1	1	1	1	1	1	1	1	1	1	1	1	1	1	1	1	1	0.999	0.998	1	0.999	1	1	1	1	0.999	0.999	0.999	0.999	0.997	0.993	0.998	0.997	0.998	0.998	0.997	0.994	0.992	0.992	0.989	0.977	0.994	0.984	0.984	0.977	0.983	0.983	0.977	0.961	0.961	0.966	0.947	0.954	0.957	0.939	0.925	0.927	0.921	0.914	0.878	0.887	0.876	0.854	0.815	0.813	0.783	0.772	0.742	0.732	0.733	0.691	0.658	0.644	0.584	0.565	0.529	0.501	0.47	0.428	0.396	0.357	
1	1	1	1	1	1	1	1	1	1	1	1	1	1	1	1	1	1	1	1	1	1	1	1	1	1	1	1	1	0.999	1	1	0.999	1	1	1	1	0.998	1	0.999	0.998	0.998	0.999	0.998	0.999	0.996	0.996	0.995	1	0.996	0.991	0.991	0.994	0.991	0.993	0.987	0.988	0.986	0.986	0.985	0.972	0.973	0.972	0.97	0.959	0.968	0.959	0.946	0.94	0.937	0.913	0.909	0.922	0.912	0.882	0.875	0.861	0.865	0.856	0.837	0.822	0.794	0.773	0.778	0.747	0.73	0.723	0.716	0.692	0.679	0.632	0.608	0.597	0.516	0.529	0.521	0.487	0.448	0.449	0.423	
1	1	1	1	1	1	1	1	1	1	0.999	1	1	0.999	1	1	1	0.999	1	1	1	1	1	0.999	0.999	1	1	0.997	0.999	0.996	0.998	0.998	1	0.998	0.998	0.998	0.997	0.998	0.996	0.994	0.997	1	0.996	0.991	0.997	0.992	0.993	0.997	0.995	0.996	0.994	0.993	0.994	0.995	0.99	0.992	0.993	0.992	0.986	0.981	0.978	0.986	0.986	0.986	0.991	0.984	0.98	0.985	0.991	0.987	0.972	0.978	0.982	0.982	0.981	0.979	0.981	0.98	0.98	0.975	0.971	0.971	0.974	0.972	0.979	0.972	0.971	0.977	0.969	0.975	0.983	0.977	0.975	0.979	0.981	0.983	0.983	0.983	0.981	0.977	
1	1	1	0.999	1	1	1	1	0.999	1	1	0.999	1	1	0.999	1	0.999	0.999	1	1	0.999	1	1	0.999	0.999	0.999	1	0.999	1	0.999	0.999	0.999	0.998	0.999	0.999	0.997	0.998	0.998	0.998	0.995	0.999	0.995	0.998	0.999	0.99	0.996	0.992	0.996	0.993	0.993	0.997	0.995	0.993	0.985	0.983	0.989	0.988	0.987	0.98	0.98	0.981	0.979	0.982	0.979	0.963	0.962	0.961	0.961	0.953	0.943	0.938	0.929	0.928	0.907	0.897	0.886	0.868	0.874	0.853	0.794	0.79	0.785	0.764	0.724	0.682	0.63	0.633	0.625	0.558	0.504	0.509	0.449	0.405	0.36	0.318	0.27	0.244	0.213	0.161	0.122	
0.999	0.996	0.996	0.996	0.994	0.997	0.997	0.996	0.993	0.995	0.992	0.994	0.987	0.988	0.983	0.983	0.985	0.984	0.981	0.977	0.973	0.973	0.974	0.963	0.968	0.964	0.958	0.954	0.947	0.949	0.946	0.934	0.951	0.939	0.94	0.935	0.935	0.927	0.925	0.933	0.926	0.931	0.911	0.91	0.925	0.899	0.902	0.92	0.911	0.917	0.905	0.897	0.918	0.91	0.919	0.907	0.911	0.912	0.918	0.896	0.899	0.908	0.914	0.882	0.884	0.898	0.887	0.897	0.896	0.865	0.889	0.867	0.863	0.87	0.85	0.833	0.848	0.838	0.853	0.851	0.833	0.823	0.825	0.815	0.788	0.793	0.778	0.757	0.753	0.764	0.698	0.708	0.688	0.654	0.671	0.614	0.6	0.597	0.548	0.533	
0.999	1	1	1	1	1	0.997	0.997	0.997	0.997	0.998	0.998	0.999	0.996	0.996	0.996	0.995	0.999	0.992	0.996	0.992	0.988	0.995	0.99	0.989	0.985	0.986	0.98	0.986	0.977	0.982	0.977	0.978	0.977	0.969	0.975	0.968	0.969	0.96	0.956	0.977	0.959	0.95	0.952	0.952	0.942	0.939	0.937	0.925	0.936	0.931	0.942	0.92	0.918	0.916	0.911	0.907	0.909	0.899	0.892	0.907	0.889	0.854	0.865	0.867	0.869	0.864	0.858	0.859	0.843	0.829	0.837	0.821	0.82	0.81	0.806	0.796	0.796	0.776	0.759	0.748	0.729	0.741	0.707	0.699	0.682	0.648	0.625	0.627	0.605	0.559	0.543	0.531	0.517	0.462	0.48	0.405	0.386	0.398	0.347	
1	1	1	1	1	1	1	1	1	1	1	1	1	1	1	1	1	1	1	0.999	0.998	1	1	0.999	0.999	0.998	1	1	0.998	0.995	0.998	0.997	0.995	0.999	0.998	0.993	0.993	0.993	0.998	0.996	0.991	0.988	0.981	0.984	0.98	0.981	0.977	0.973	0.977	0.973	0.96	0.949	0.972	0.963	0.959	0.946	0.953	0.94	0.945	0.937	0.938	0.919	0.924	0.894	0.913	0.917	0.889	0.887	0.895	0.892	0.905	0.869	0.849	0.838	0.847	0.821	0.838	0.824	0.836	0.813	0.795	0.782	0.779	0.77	0.774	0.747	0.769	0.772	0.738	0.717	0.688	0.707	0.721	0.681	0.67	0.67	0.65	0.656	0.654	0.626	
0.166	0.158	0.152	0.122	0.123	0.116	0.116	0.102	0.091	0.071	0.084	0.076	0.054	0.069	0.054	0.062	0.067	0.052	0.044	0.039	0.039	0.042	0.024	0.034	0.03	0.029	0.024	0.03	0.027	0.019	0.025	0.016	0.019	0.013	0.017	0.011	0.013	0.021	0.008	0.014	0.018	0.009	0.006	0.007	0.005	0.009	0.004	0.007	0.004	0.002	0.003	0.003	0.002	0.002	0.001	0.002	0.004	0.003	0.003	0.004	0	0.001	0.001	0.001	0.001	0	0.001	0	0	0	0	0	0	0.001	0.001	0	0	0	0	0	0	0	0	0.001	0	0	0	0	0.001	0	0	0.002	0	0	0	0	0.001	0	0	0	
1	1	1	1	1	1	1	1	1	1	1	1	1	1	1	1	0.999	0.999	0.999	1	0.997	0.997	0.999	0.999	0.999	0.999	0.998	0.99	0.997	0.989	0.988	0.988	0.98	0.984	0.973	0.986	0.977	0.962	0.972	0.955	0.942	0.944	0.945	0.933	0.899	0.881	0.897	0.9	0.854	0.842	0.828	0.818	0.786	0.779	0.742	0.72	0.732	0.743	0.687	0.649	0.643	0.587	0.6	0.596	0.569	0.542	0.516	0.462	0.475	0.433	0.419	0.395	0.375	0.356	0.32	0.261	0.284	0.25	0.233	0.21	0.169	0.172	0.16	0.134	0.116	0.1	0.08	0.084	0.057	0.063	0.044	0.034	0.039	0.023	0.021	0.013	0.01	0.005	0.004	0.006	
1	1	1	1	1	1	1	1	1	1	1	1	1	1	1	1	1	1	1	1	1	1	1	1	1	1	1	1	1	1	1	1	1	1	1	1	1	1	1	1	1	1	1	1	1	1	1	1	1	1	1	1	1	1	1	1	1	1	1	1	1	1	1	1	1	1	1	1	1	1	1	1	1	1	1	1	1	1	1	1	1	1	1	1	1	1	1	1	1	1	1	1	1	1	1	1	1	1	1	1	
1	1	1	0.999	1	1	1	1	1	1	1	1	1	1	1	0.999	1	1	1	0.999	1	1	0.999	1	0.998	0.996	0.999	0.998	0.999	0.999	0.997	0.997	0.999	0.999	0.991	0.992	0.996	0.992	0.993	0.997	0.988	0.994	0.993	0.989	0.992	0.981	0.983	0.991	0.985	0.98	0.984	0.97	0.981	0.969	0.972	0.952	0.965	0.952	0.949	0.956	0.941	0.928	0.942	0.926	0.92	0.927	0.925	0.894	0.882	0.884	0.87	0.858	0.846	0.831	0.809	0.79	0.809	0.74	0.734	0.728	0.713	0.686	0.661	0.615	0.601	0.569	0.55	0.536	0.488	0.475	0.398	0.392	0.377	0.325	0.314	0.264	0.252	0.212	0.172	0.147	
1	1	1	1	1	1	1	1	1	1	1	1	1	1	1	1	1	1	0.999	1	0.999	1	0.999	1	1	1	0.999	0.998	1	0.995	0.999	0.994	0.997	0.992	0.989	0.989	0.993	0.99	0.984	0.987	0.976	0.969	0.973	0.979	0.959	0.964	0.953	0.948	0.947	0.942	0.925	0.913	0.914	0.905	0.883	0.881	0.868	0.842	0.839	0.816	0.795	0.788	0.783	0.767	0.729	0.705	0.714	0.659	0.642	0.632	0.588	0.589	0.557	0.523	0.482	0.465	0.436	0.4	0.379	0.376	0.334	0.294	0.278	0.249	0.225	0.182	0.173	0.127	0.12	0.104	0.085	0.078	0.072	0.036	0.043	0.029	0.024	0.009	0.021	0.004	
0.662	0.659	0.652	0.623	0.583	0.575	0.587	0.572	0.584	0.571	0.531	0.548	0.541	0.487	0.522	0.519	0.485	0.469	0.485	0.452	0.481	0.454	0.431	0.422	0.411	0.437	0.436	0.409	0.416	0.395	0.403	0.4	0.386	0.379	0.356	0.359	0.325	0.343	0.326	0.363	0.318	0.301	0.312	0.296	0.292	0.292	0.285	0.284	0.29	0.286	0.281	0.248	0.244	0.241	0.253	0.25	0.232	0.244	0.219	0.219	0.232	0.196	0.192	0.202	0.175	0.161	0.162	0.161	0.14	0.145	0.131	0.123	0.113	0.109	0.105	0.103	0.088	0.086	0.084	0.067	0.054	0.042	0.048	0.042	0.035	0.036	0.025	0.031	0.024	0.015	0.014	0.005	0.01	0.007	0.01	0.003	0.004	0.004	0.001	0.001	
1	1	1	1	1	1	1	1	1	1	1	1	1	1	1	1	1	1	1	1	1	1	1	1	1	1	1	1	1	1	1	1	1	1	1	1	1	1	1	1	1	1	1	1	1	1	1	1	1	1	1	1	1	1	1	1	1	1	1	1	1	1	1	1	1	0.999	1	0.999	0.999	0.999	0.999	1	0.998	1	0.999	0.996	0.999	0.996	0.998	0.996	0.996	0.991	0.996	0.995	0.99	0.988	0.986	0.987	0.985	0.988	0.982	0.981	0.972	0.972	0.975	0.959	0.954	0.94	0.938	0.935	
0.968	0.943	0.937	0.929	0.921	0.902	0.912	0.91	0.858	0.856	0.843	0.841	0.807	0.807	0.767	0.756	0.729	0.764	0.748	0.712	0.708	0.704	0.67	0.679	0.66	0.664	0.598	0.597	0.61	0.569	0.554	0.55	0.532	0.525	0.494	0.5	0.438	0.415	0.417	0.417	0.398	0.389	0.381	0.349	0.334	0.343	0.303	0.301	0.306	0.27	0.268	0.265	0.218	0.239	0.223	0.198	0.204	0.219	0.169	0.165	0.139	0.162	0.13	0.132	0.114	0.109	0.11	0.089	0.081	0.088	0.073	0.077	0.076	0.072	0.046	0.061	0.055	0.039	0.056	0.033	0.037	0.031	0.027	0.043	0.035	0.028	0.031	0.02	0.017	0.016	0.014	0.017	0.01	0.011	0.011	0.008	0.006	0.008	0.006	0.008	
0.958	0.971	0.96	0.955	0.96	0.939	0.941	0.93	0.919	0.916	0.921	0.916	0.915	0.885	0.903	0.896	0.862	0.883	0.88	0.866	0.868	0.837	0.853	0.851	0.843	0.835	0.826	0.783	0.816	0.801	0.794	0.791	0.765	0.75	0.781	0.751	0.743	0.754	0.731	0.718	0.722	0.718	0.704	0.705	0.7	0.668	0.669	0.658	0.643	0.664	0.659	0.607	0.597	0.611	0.583	0.576	0.587	0.554	0.543	0.545	0.566	0.517	0.484	0.49	0.483	0.521	0.488	0.464	0.481	0.464	0.453	0.434	0.418	0.432	0.429	0.415	0.429	0.411	0.419	0.412	0.41	0.403	0.391	0.365	0.382	0.352	0.359	0.377	0.36	0.346	0.348	0.351	0.338	0.325	0.327	0.327	0.295	0.314	0.284	0.263	
1	1	1	1	1	1	1	1	1	1	1	1	1	1	1	1	1	1	1	1	1	1	1	1	1	1	1	1	1	1	1	1	1	1	1	1	1	1	1	1	1	1	1	1	1	1	1	1	1	1	1	1	1	1	1	1	1	1	1	1	1	1	1	1	1	1	1	1	1	1	1	1	1	1	1	1	1	1	1	1	1	1	1	1	1	1	1	1	1	1	1	1	1	0.999	1	1	1	1	0.998	0.997	
1	1	1	1	1	1	0.999	1	1	1	1	1	1	1	1	1	1	1	1	1	1	1	0.999	0.999	1	1	1	0.998	1	1	1	0.998	1	1	1	1	0.998	1	1	0.999	0.998	0.997	0.995	0.999	1	0.998	1	1	0.996	0.998	1	0.998	0.997	0.997	0.996	0.993	0.995	0.994	0.993	0.993	0.99	0.992	0.995	0.992	0.997	0.989	0.993	0.992	0.992	0.984	0.987	0.981	0.978	0.972	0.974	0.967	0.957	0.964	0.972	0.952	0.948	0.926	0.92	0.921	0.895	0.887	0.875	0.86	0.847	0.822	0.786	0.75	0.714	0.683	0.658	0.634	0.586	0.571	0.502	0.465	
1	1	1	1	1	1	1	1	1	1	1	1	1	1	1	1	1	1	1	1	1	1	1	1	1	1	1	1	1	1	1	1	1	1	1	1	1	1	1	1	1	1	1	1	1	1	1	1	1	1	1	1	1	1	1	1	1	1	1	1	1	1	1	1	1	1	1	1	1	1	1	1	1	1	0.999	1	0.999	0.999	1	0.999	0.996	0.997	0.999	1	0.992	0.992	0.994	0.988	0.99	0.983	0.973	0.972	0.961	0.948	0.946	0.927	0.929	0.89	0.883	0.829	
1	1	1	0.999	0.999	1	1	0.999	1	0.998	1	1	0.999	0.999	1	1	0.999	1	1	0.999	0.997	0.997	0.996	0.997	0.998	1	0.997	0.996	0.996	0.999	0.995	0.998	0.997	0.994	0.995	0.997	0.989	0.993	0.987	0.994	0.987	0.988	0.982	0.993	0.985	0.984	0.989	0.986	0.979	0.979	0.974	0.97	0.976	0.963	0.967	0.974	0.963	0.961	0.962	0.947	0.952	0.939	0.95	0.929	0.935	0.933	0.936	0.921	0.911	0.929	0.884	0.893	0.896	0.866	0.869	0.874	0.838	0.852	0.819	0.786	0.802	0.795	0.785	0.745	0.76	0.743	0.719	0.687	0.661	0.647	0.645	0.63	0.59	0.552	0.532	0.49	0.488	0.438	0.416	0.367	
0.979	0.965	0.958	0.957	0.951	0.952	0.939	0.93	0.938	0.922	0.914	0.927	0.92	0.91	0.91	0.884	0.883	0.871	0.88	0.845	0.853	0.822	0.816	0.849	0.817	0.772	0.805	0.789	0.768	0.759	0.742	0.763	0.756	0.757	0.719	0.74	0.709	0.687	0.69	0.681	0.693	0.641	0.649	0.648	0.654	0.631	0.65	0.617	0.632	0.604	0.603	0.581	0.602	0.549	0.573	0.555	0.546	0.553	0.548	0.554	0.554	0.564	0.533	0.532	0.529	0.478	0.529	0.502	0.489	0.467	0.489	0.482	0.484	0.46	0.49	0.443	0.443	0.466	0.429	0.434	0.449	0.387	0.366	0.394	0.367	0.37	0.366	0.37	0.362	0.329	0.318	0.278	0.261	0.255	0.258	0.221	0.221	0.199	0.192	0.169	
0.519	0.531	0.499	0.492	0.439	0.423	0.406	0.372	0.364	0.338	0.332	0.318	0.294	0.249	0.246	0.236	0.218	0.201	0.185	0.178	0.172	0.149	0.125	0.143	0.13	0.126	0.127	0.112	0.109	0.093	0.071	0.074	0.077	0.06	0.048	0.049	0.041	0.042	0.046	0.039	0.037	0.025	0.031	0.028	0.02	0.013	0.01	0.021	0.016	0.015	0.016	0.008	0.009	0.008	0.01	0.004	0.005	0.009	0.004	0.011	0.005	0.001	0.003	0.006	0.004	0.004	0.006	0.002	0.001	0.002	0	0	0	0	0.001	0	0.001	0	0.002	0	0	0	0	0.001	0	0	0.001	0	0.001	0	0	0	0	0	0	0	0	0	0	0	
1	1	1	1	1	1	1	1	1	1	1	1	1	1	1	1	1	1	1	1	1	1	1	1	1	1	1	1	1	1	1	1	1	1	1	1	1	1	1	1	1	1	1	1	1	1	1	1	1	1	1	1	1	1	1	1	1	1	1	1	1	1	1	1	0.998	1	1	1	1	1	1	0.999	1	0.999	0.999	1	0.999	0.999	1	0.999	1	0.998	0.998	0.997	0.998	0.996	0.994	0.995	0.994	0.983	0.988	0.983	0.976	0.977	0.975	0.971	0.962	0.943	0.939	0.919	
1	1	1	1	1	1	1	1	1	1	1	1	1	1	1	1	1	1	1	1	1	1	1	1	1	1	1	1	1	1	1	1	1	1	1	1	1	1	1	1	1	1	1	1	1	1	1	1	1	1	1	1	1	1	0.999	1	1	1	0.998	0.999	0.999	0.996	1	0.996	0.998	0.998	0.998	0.995	0.994	0.996	0.997	0.991	0.99	0.99	0.995	0.986	0.976	0.979	0.98	0.973	0.984	0.973	0.954	0.937	0.947	0.948	0.93	0.934	0.924	0.914	0.925	0.884	0.892	0.873	0.856	0.861	0.844	0.84	0.816	0.821	
1	1	1	1	0.999	1	0.999	1	1	1	0.999	0.997	0.998	0.999	0.999	1	0.996	1	0.996	0.997	0.997	0.996	0.995	0.991	0.988	0.986	0.985	0.981	0.986	0.98	0.975	0.976	0.974	0.972	0.962	0.96	0.959	0.949	0.954	0.96	0.946	0.935	0.931	0.929	0.921	0.924	0.906	0.913	0.888	0.88	0.882	0.879	0.852	0.847	0.866	0.836	0.837	0.814	0.821	0.789	0.787	0.773	0.743	0.75	0.75	0.774	0.71	0.725	0.693	0.713	0.674	0.681	0.655	0.64	0.602	0.607	0.581	0.604	0.569	0.53	0.539	0.496	0.502	0.452	0.429	0.418	0.382	0.355	0.322	0.286	0.286	0.255	0.227	0.198	0.178	0.147	0.126	0.096	0.092	0.07	
0.997	0.995	0.993	0.997	0.997	0.997	0.998	0.999	0.999	0.994	0.994	0.997	0.994	0.989	0.996	0.994	0.992	0.993	0.994	0.983	0.989	0.989	0.986	0.982	0.98	0.982	0.976	0.974	0.974	0.978	0.965	0.969	0.956	0.97	0.966	0.959	0.94	0.95	0.955	0.937	0.932	0.927	0.926	0.921	0.906	0.918	0.895	0.889	0.873	0.881	0.88	0.851	0.843	0.839	0.826	0.804	0.793	0.797	0.776	0.757	0.735	0.735	0.7	0.701	0.7	0.675	0.667	0.603	0.63	0.594	0.583	0.546	0.526	0.534	0.52	0.511	0.453	0.435	0.412	0.391	0.369	0.345	0.336	0.291	0.287	0.257	0.237	0.219	0.194	0.171	0.168	0.13	0.119	0.121	0.103	0.083	0.078	0.064	0.052	0.048	
0.885	0.88	0.884	0.861	0.843	0.802	0.813	0.788	0.766	0.765	0.732	0.73	0.69	0.668	0.664	0.634	0.609	0.608	0.569	0.546	0.544	0.506	0.485	0.45	0.425	0.412	0.361	0.348	0.348	0.294	0.299	0.261	0.235	0.212	0.22	0.178	0.17	0.149	0.134	0.13	0.102	0.091	0.09	0.072	0.074	0.061	0.05	0.047	0.05	0.038	0.026	0.022	0.021	0.019	0.015	0.008	0.009	0.006	0.007	0.004	0.006	0.007	0.005	0.008	0.004	0.003	0.005	0.003	0.006	0.002	0.001	0.001	0	0.002	0.001	0.002	0	0.001	0.002	0.001	0.001	0	0	0	0.003	0	0.001	0	0	0	0	0	0	0.001	0.001	0	0.002	0.003	0.002	0.001	
0.986	0.975	0.976	0.963	0.974	0.962	0.966	0.971	0.959	0.952	0.963	0.952	0.953	0.952	0.937	0.939	0.933	0.932	0.93	0.925	0.926	0.904	0.897	0.907	0.895	0.9	0.886	0.889	0.88	0.867	0.874	0.885	0.857	0.828	0.845	0.864	0.834	0.84	0.817	0.827	0.835	0.834	0.794	0.791	0.82	0.814	0.818	0.812	0.799	0.818	0.816	0.791	0.798	0.788	0.778	0.82	0.769	0.801	0.834	0.809	0.8	0.791	0.796	0.794	0.813	0.81	0.823	0.815	0.816	0.848	0.823	0.82	0.834	0.845	0.856	0.833	0.841	0.863	0.834	0.853	0.845	0.827	0.835	0.836	0.838	0.835	0.808	0.805	0.812	0.796	0.788	0.754	0.724	0.718	0.699	0.654	0.666	0.638	0.578	0.553	
0.999	1	0.999	0.999	0.999	0.998	0.998	0.999	0.996	0.999	0.996	0.998	0.993	0.997	0.996	0.998	0.996	0.99	0.993	0.993	0.996	0.989	0.994	0.986	0.984	0.984	0.986	0.986	0.974	0.97	0.983	0.971	0.967	0.966	0.962	0.973	0.973	0.97	0.975	0.967	0.96	0.944	0.967	0.961	0.95	0.952	0.943	0.925	0.949	0.945	0.946	0.94	0.933	0.932	0.943	0.937	0.922	0.929	0.934	0.928	0.933	0.922	0.94	0.923	0.933	0.943	0.922	0.931	0.928	0.939	0.925	0.935	0.923	0.92	0.924	0.922	0.927	0.946	0.911	0.916	0.927	0.926	0.931	0.909	0.926	0.921	0.903	0.909	0.896	0.905	0.888	0.874	0.865	0.851	0.865	0.858	0.831	0.821	0.817	0.796	
1	1	1	1	1	1	1	1	1	1	1	1	1	1	1	1	1	1	1	1	1	1	1	1	1	1	1	1	1	1	1	1	1	1	1	1	1	1	1	1	1	1	1	1	1	0.999	1	1	1	1	1	1	1	0.998	1	0.998	1	0.998	1	0.999	0.998	0.997	0.994	0.996	0.994	0.989	0.994	0.994	0.988	0.986	0.983	0.974	0.973	0.964	0.966	0.953	0.95	0.931	0.929	0.922	0.919	0.887	0.877	0.854	0.828	0.814	0.803	0.765	0.738	0.737	0.676	0.673	0.641	0.607	0.527	0.501	0.502	0.447	0.42	0.354	
1	1	1	1	1	1	1	1	1	1	1	1	1	1	1	1	1	1	1	1	1	1	1	1	1	1	1	1	1	1	1	1	1	1	1	1	1	1	1	1	1	1	1	1	1	1	1	1	1	1	1	1	1	1	1	1	1	1	1	1	1	1	1	1	1	1	1	1	1	1	1	1	1	1	1	1	1	1	1	1	1	1	1	1	1	1	1	1	1	1	1	1	1	1	1	1	1	1	1	1	
1	1	1	1	1	1	1	0.999	0.998	1	1	1	1	1	0.999	0.999	0.999	0.997	1	0.997	0.999	1	0.995	0.994	0.994	0.996	0.991	0.995	0.994	0.992	0.989	0.993	0.992	0.986	0.976	0.983	0.977	0.974	0.982	0.98	0.971	0.981	0.967	0.977	0.969	0.964	0.971	0.978	0.96	0.951	0.959	0.947	0.942	0.952	0.949	0.932	0.937	0.93	0.932	0.913	0.927	0.9	0.909	0.925	0.896	0.892	0.897	0.882	0.873	0.886	0.862	0.845	0.851	0.867	0.845	0.822	0.83	0.819	0.809	0.81	0.803	0.78	0.766	0.757	0.757	0.737	0.734	0.714	0.665	0.686	0.644	0.643	0.618	0.591	0.581	0.557	0.517	0.515	0.479	0.432	
0.885	0.864	0.867	0.875	0.844	0.83	0.81	0.803	0.813	0.777	0.766	0.745	0.726	0.756	0.714	0.701	0.714	0.7	0.663	0.676	0.647	0.632	0.597	0.615	0.592	0.586	0.56	0.542	0.524	0.496	0.486	0.495	0.469	0.448	0.489	0.432	0.418	0.396	0.411	0.402	0.352	0.368	0.367	0.341	0.343	0.307	0.306	0.316	0.301	0.278	0.276	0.274	0.249	0.261	0.246	0.226	0.245	0.224	0.213	0.214	0.202	0.214	0.192	0.206	0.201	0.175	0.18	0.178	0.168	0.201	0.158	0.153	0.17	0.155	0.164	0.162	0.148	0.136	0.156	0.111	0.117	0.132	0.125	0.116	0.133	0.106	0.082	0.094	0.086	0.076	0.081	0.063	0.066	0.062	0.044	0.043	0.045	0.03	0.037	0.015	
1	1	1	1	1	1	1	1	1	1	1	1	1	1	1	1	1	1	1	1	1	1	1	1	1	1	1	1	1	1	1	1	1	1	1	1	1	1	1	1	1	0.999	1	1	1	1	1	1	1	0.998	0.999	1	1	0.999	1	0.999	0.999	0.998	0.999	0.998	0.999	0.998	0.997	1	0.997	0.998	0.998	0.997	0.992	0.997	0.997	0.995	0.99	0.996	0.993	0.989	0.991	0.987	0.991	0.987	0.99	0.985	0.989	0.99	0.985	0.98	0.982	0.98	0.983	0.979	0.98	0.981	0.983	0.977	0.975	0.974	0.967	0.972	0.968	0.96	
1	1	1	1	1	1	1	1	1	1	1	1	1	1	1	1	1	1	1	1	1	1	1	1	1	1	1	1	1	1	1	1	1	1	1	1	1	1	1	1	1	1	1	1	1	1	1	1	1	1	1	1	1	1	0.999	1	1	1	1	1	1	1	1	1	0.999	1	1	1	1	1	1	1	1	1	1	0.999	1	0.999	1	0.999	0.999	1	1	1	0.999	0.999	1	1	0.996	1	0.998	0.997	0.996	0.991	0.993	0.986	0.98	0.971	0.967	0.95	
1	1	1	1	1	1	1	1	1	1	1	1	1	1	1	1	1	1	1	1	1	1	1	1	1	1	1	1	1	1	1	1	1	1	1	1	1	1	1	1	1	1	1	1	1	1	1	1	1	1	1	1	1	1	1	1	1	1	1	1	1	1	1	1	1	1	1	1	1	1	1	1	1	1	1	1	1	1	1	1	1	1	1	1	0.999	1	1	1	1	0.999	0.999	0.997	0.996	0.995	0.994	0.987	0.988	0.978	0.966	0.958	
0.947	0.934	0.932	0.907	0.924	0.904	0.899	0.885	0.864	0.883	0.857	0.863	0.854	0.869	0.84	0.811	0.821	0.798	0.816	0.816	0.755	0.769	0.769	0.744	0.728	0.735	0.718	0.718	0.678	0.688	0.653	0.657	0.653	0.662	0.611	0.621	0.592	0.617	0.577	0.546	0.534	0.512	0.522	0.51	0.463	0.466	0.474	0.409	0.439	0.428	0.399	0.398	0.371	0.375	0.367	0.323	0.336	0.296	0.292	0.296	0.246	0.27	0.233	0.23	0.232	0.209	0.2	0.203	0.18	0.185	0.154	0.145	0.125	0.135	0.124	0.127	0.106	0.105	0.094	0.069	0.095	0.068	0.054	0.048	0.047	0.05	0.046	0.047	0.035	0.033	0.031	0.021	0.025	0.021	0.022	0.012	0.015	0.02	0.013	0.009	
0.999	1	1	1	1	0.999	0.999	0.999	0.999	0.998	0.997	0.998	0.998	0.997	0.999	0.991	0.993	0.996	0.989	0.989	0.989	0.978	0.975	0.979	0.963	0.957	0.958	0.94	0.936	0.944	0.928	0.913	0.891	0.889	0.88	0.854	0.839	0.841	0.79	0.806	0.771	0.785	0.741	0.708	0.699	0.659	0.637	0.636	0.594	0.602	0.563	0.494	0.491	0.46	0.416	0.432	0.388	0.364	0.362	0.308	0.293	0.261	0.267	0.23	0.189	0.183	0.178	0.144	0.137	0.126	0.102	0.089	0.073	0.075	0.059	0.044	0.031	0.034	0.036	0.014	0.023	0.013	0.012	0.013	0.006	0.008	0.001	0.004	0.001	0.003	0	0	0.001	0	0	0	0	0	0	0	
0.312	0.31	0.277	0.327	0.267	0.276	0.254	0.248	0.243	0.253	0.211	0.223	0.223	0.201	0.157	0.171	0.167	0.164	0.18	0.143	0.15	0.152	0.136	0.124	0.102	0.11	0.127	0.126	0.09	0.091	0.079	0.097	0.095	0.073	0.071	0.062	0.068	0.072	0.055	0.057	0.055	0.049	0.04	0.037	0.044	0.028	0.04	0.028	0.029	0.021	0.026	0.016	0.018	0.024	0.016	0.01	0.013	0.014	0.016	0.004	0.006	0.009	0.005	0.005	0.006	0.002	0.006	0.005	0.003	0.005	0.001	0.001	0	0.003	0.001	0.002	0.001	0.001	0.002	0.003	0	0	0	0	0	0	0.001	0	0	0	0.001	0	0	0	0	0	0.001	0.001	0	0	
0.122	0.109	0.085	0.097	0.093	0.087	0.073	0.08	0.084	0.064	0.063	0.055	0.053	0.054	0.065	0.053	0.034	0.036	0.042	0.039	0.043	0.038	0.036	0.033	0.027	0.029	0.029	0.018	0.027	0.014	0.016	0.019	0.018	0.018	0.015	0.01	0.017	0.008	0.005	0.014	0.009	0.003	0.007	0.011	0.006	0.007	0.006	0.007	0.002	0.006	0.009	0.005	0.006	0.006	0.003	0.003	0.004	0.001	0.006	0.005	0.001	0	0	0.002	0.005	0.003	0.003	0.002	0	0	0.001	0.002	0.002	0.002	0	0.001	0	0	0.001	0	0	0	0	0	0	0	0	0	0	0	0	0	0	0	0.001	0	0	0.001	0	0	
1	1	1	1	1	1	1	1	1	1	1	1	1	1	1	1	1	1	1	1	1	1	1	1	1	1	1	1	1	1	1	1	1	1	1	1	1	1	1	1	1	1	1	1	1	1	1	1	1	1	1	1	1	1	1	1	0.999	0.999	1	1	1	1	1	0.999	1	0.999	1	1	0.999	0.997	0.997	0.996	0.998	0.994	0.999	0.997	0.997	0.994	0.997	0.993	0.994	0.995	0.995	0.989	0.983	0.987	0.978	0.978	0.97	0.974	0.97	0.963	0.946	0.944	0.951	0.933	0.916	0.911	0.878	0.869	
0.076	0.066	0.048	0.054	0.051	0.043	0.04	0.046	0.038	0.039	0.024	0.033	0.025	0.02	0.023	0.027	0.012	0.011	0.015	0.02	0.02	0.015	0.013	0.012	0.014	0.012	0.009	0.009	0.005	0.01	0.003	0.005	0.011	0.008	0.004	0.003	0.008	0.006	0.007	0.007	0.008	0.002	0.003	0.003	0.002	0.003	0.005	0.001	0.003	0.002	0.003	0.002	0.002	0.002	0.001	0.003	0.001	0.002	0.001	0.002	0.003	0	0.001	0	0.001	0.001	0	0.001	0	0.001	0	0.002	0.001	0.001	0.001	0	0	0	0.001	0.001	0	0	0	0	0	0	0	0	0	0	0	0	0	0	0	0	0	0	0	0	
1	1	1	1	1	1	1	1	1	1	1	1	1	1	1	1	1	1	1	1	1	1	1	1	1	1	1	1	1	1	1	1	1	1	1	1	1	1	1	1	1	1	1	1	1	1	1	1	1	1	1	1	1	1	1	1	1	1	1	1	1	1	1	1	1	1	1	1	1	1	1	1	1	1	1	0.999	0.998	0.999	0.999	0.999	0.999	0.997	0.992	0.995	0.995	0.998	0.988	0.989	0.973	0.981	0.97	0.966	0.949	0.93	0.92	0.904	0.897	0.879	0.847	0.796	
1	1	1	1	1	1	1	1	1	1	1	1	1	1	1	1	1	1	1	1	1	1	1	1	1	1	1	1	1	1	0.999	1	1	0.999	1	0.999	1	0.999	1	0.998	1	0.998	0.997	0.999	0.996	0.999	0.996	0.995	0.992	0.994	0.991	0.99	0.993	0.992	0.986	0.981	0.987	0.983	0.973	0.973	0.967	0.963	0.96	0.963	0.961	0.965	0.942	0.94	0.926	0.94	0.923	0.917	0.919	0.917	0.91	0.905	0.891	0.893	0.851	0.859	0.829	0.844	0.818	0.808	0.787	0.802	0.781	0.776	0.751	0.731	0.708	0.719	0.688	0.654	0.641	0.623	0.583	0.565	0.536	0.51	
0.984	0.981	0.981	0.968	0.969	0.969	0.959	0.965	0.937	0.936	0.938	0.943	0.916	0.914	0.892	0.888	0.886	0.881	0.87	0.86	0.845	0.829	0.809	0.784	0.782	0.774	0.765	0.748	0.725	0.681	0.682	0.68	0.628	0.609	0.598	0.55	0.57	0.527	0.492	0.472	0.428	0.417	0.417	0.383	0.354	0.34	0.3	0.284	0.255	0.217	0.196	0.206	0.177	0.17	0.137	0.133	0.112	0.105	0.076	0.078	0.055	0.068	0.056	0.041	0.03	0.026	0.008	0.013	0.011	0.007	0.007	0.008	0.009	0.002	0.002	0.002	0.002	0	0.001	0	0	0	0	0.001	0	0	0	0	0	0	0	0	0	0	0	0	0	0	0	0	
1	1	1	1	1	1	1	1	1	1	1	1	1	1	1	1	1	1	1	1	1	1	1	1	1	1	1	1	1	1	1	1	1	1	1	1	1	1	1	1	1	1	1	1	1	1	1	1	1	1	1	1	1	1	1	1	1	1	1	1	1	1	1	1	1	1	1	1	1	1	1	1	1	1	1	1	1	1	1	1	1	1	0.999	0.998	1	0.998	0.999	0.999	1	0.997	0.999	0.997	0.998	0.989	0.99	0.993	0.982	0.981	0.981	0.967	
0.304	0.284	0.273	0.262	0.263	0.231	0.206	0.177	0.17	0.162	0.139	0.141	0.12	0.122	0.104	0.109	0.098	0.069	0.059	0.065	0.041	0.043	0.039	0.034	0.048	0.03	0.027	0.024	0.025	0.021	0.018	0.012	0.016	0.006	0.008	0.013	0.007	0.005	0.006	0.007	0.006	0.01	0.007	0.003	0.003	0.006	0.001	0.003	0.008	0	0.001	0	0	0	0	0.001	0.002	0.002	0.002	0.001	0.002	0.001	0	0	0	0.001	0	0	0	0	0	0	0	0.001	0	0	0.001	0	0.001	0	0	0	0	0	0	0	0	0	0	0	0	0	0	0	0	0	0	0	0	0	
1	1	1	1	1	0.999	0.999	1	0.999	0.999	1	1	1	0.996	0.997	0.996	1	0.993	0.998	0.996	0.997	0.995	0.992	0.992	0.989	0.987	0.984	0.983	0.983	0.98	0.978	0.973	0.968	0.968	0.965	0.957	0.953	0.95	0.944	0.941	0.925	0.924	0.922	0.909	0.897	0.895	0.898	0.893	0.879	0.861	0.855	0.834	0.842	0.838	0.845	0.814	0.829	0.787	0.786	0.774	0.796	0.769	0.753	0.756	0.726	0.699	0.713	0.723	0.698	0.65	0.652	0.633	0.657	0.63	0.598	0.599	0.536	0.531	0.539	0.486	0.484	0.475	0.467	0.425	0.413	0.393	0.356	0.316	0.314	0.28	0.238	0.211	0.216	0.196	0.144	0.122	0.112	0.079	0.06	0.047	
0.345	0.346	0.378	0.37	0.333	0.338	0.299	0.298	0.344	0.276	0.296	0.283	0.278	0.254	0.24	0.251	0.251	0.233	0.229	0.232	0.263	0.228	0.189	0.178	0.22	0.195	0.197	0.229	0.211	0.196	0.213	0.189	0.184	0.21	0.197	0.176	0.189	0.219	0.179	0.206	0.202	0.191	0.207	0.211	0.203	0.192	0.197	0.203	0.212	0.212	0.204	0.202	0.214	0.219	0.217	0.232	0.242	0.255	0.234	0.248	0.234	0.243	0.228	0.236	0.273	0.256	0.275	0.268	0.271	0.275	0.293	0.294	0.292	0.306	0.3	0.308	0.326	0.295	0.337	0.339	0.357	0.353	0.379	0.388	0.401	0.364	0.399	0.401	0.416	0.421	0.454	0.43	0.448	0.469	0.453	0.465	0.495	0.52	0.497	0.508	
0.844	0.865	0.852	0.837	0.825	0.797	0.809	0.785	0.804	0.794	0.753	0.776	0.773	0.76	0.721	0.723	0.742	0.709	0.708	0.679	0.713	0.697	0.683	0.69	0.675	0.649	0.65	0.652	0.62	0.594	0.616	0.606	0.625	0.582	0.58	0.594	0.573	0.567	0.566	0.511	0.569	0.53	0.468	0.493	0.534	0.531	0.508	0.503	0.507	0.48	0.48	0.48	0.474	0.475	0.474	0.464	0.444	0.449	0.444	0.464	0.449	0.463	0.436	0.461	0.471	0.467	0.448	0.495	0.483	0.457	0.495	0.499	0.495	0.492	0.501	0.541	0.493	0.552	0.568	0.534	0.532	0.591	0.585	0.589	0.575	0.612	0.617	0.628	0.625	0.679	0.651	0.675	0.684	0.701	0.706	0.727	0.706	0.7	0.722	0.684	
0.921	0.896	0.894	0.878	0.863	0.852	0.815	0.834	0.799	0.79	0.767	0.757	0.753	0.7	0.731	0.688	0.684	0.64	0.655	0.638	0.578	0.581	0.571	0.538	0.555	0.535	0.494	0.462	0.425	0.453	0.424	0.414	0.379	0.372	0.375	0.364	0.34	0.34	0.316	0.291	0.302	0.253	0.234	0.226	0.242	0.218	0.211	0.187	0.181	0.18	0.171	0.166	0.172	0.146	0.149	0.124	0.108	0.119	0.127	0.119	0.101	0.105	0.082	0.095	0.071	0.066	0.068	0.07	0.055	0.057	0.043	0.038	0.032	0.03	0.031	0.03	0.023	0.025	0.022	0.018	0.011	0.014	0.01	0.007	0.01	0.008	0.003	0.002	0.002	0.004	0	0	0.001	0	0	0	0	0	0	0	
0.717	0.721	0.712	0.679	0.683	0.683	0.659	0.644	0.635	0.664	0.645	0.61	0.602	0.619	0.625	0.62	0.629	0.602	0.592	0.607	0.604	0.583	0.561	0.55	0.568	0.561	0.546	0.561	0.546	0.569	0.53	0.511	0.512	0.518	0.541	0.506	0.474	0.496	0.502	0.492	0.503	0.473	0.468	0.472	0.443	0.44	0.441	0.457	0.457	0.468	0.43	0.406	0.41	0.437	0.405	0.389	0.393	0.383	0.415	0.368	0.403	0.354	0.361	0.371	0.349	0.326	0.349	0.316	0.325	0.336	0.337	0.34	0.312	0.307	0.306	0.331	0.317	0.312	0.296	0.303	0.306	0.33	0.286	0.329	0.327	0.325	0.316	0.328	0.303	0.313	0.297	0.318	0.289	0.283	0.274	0.276	0.27	0.248	0.233	0.225	
1	1	1	1	1	1	1	1	1	1	1	1	1	1	0.999	1	1	1	1	1	1	1	1	0.999	0.999	0.998	0.999	0.997	0.999	0.998	0.998	0.993	0.997	0.997	0.999	0.996	0.997	0.997	0.996	0.991	0.996	0.992	0.988	0.989	0.99	0.989	0.99	0.989	0.986	0.989	0.98	0.976	0.982	0.973	0.968	0.974	0.972	0.965	0.97	0.959	0.944	0.939	0.922	0.929	0.903	0.912	0.917	0.906	0.887	0.889	0.869	0.848	0.838	0.823	0.801	0.795	0.794	0.759	0.715	0.715	0.695	0.648	0.641	0.597	0.591	0.553	0.536	0.523	0.488	0.443	0.47	0.405	0.403	0.346	0.336	0.303	0.301	0.259	0.223	0.216	
