0.95	0.943	0.942	0.924	0.904	0.923	0.914	0.914	0.89	0.885	0.871	0.861	0.851	0.84	0.814	0.824	0.825	0.81	0.816	0.784	0.762	0.735	0.749	0.72	0.726	0.718	0.682	0.68	0.656	0.634	0.622	0.636	0.595	0.609	0.567	0.561	0.548	0.532	0.473	0.526	0.484	0.447	0.454	0.443	0.422	0.409	0.412	0.409	0.359	0.37	0.355	0.357	0.304	0.319	0.27	0.269	0.261	0.279	0.271	0.245	0.239	0.243	0.217	0.206	0.226	0.176	0.176	0.18	0.175	0.159	0.164	0.148	0.142	0.149	0.125	0.113	0.125	0.112	0.114	0.089	0.09	0.078	0.083	0.076	0.068	0.058	0.044	0.064	0.049	0.038	0.043	0.03	0.028	0.022	0.023	0.011	0.015	0.01	0.012	0.006	
0.997	0.994	0.989	0.994	0.994	0.989	0.994	0.992	0.988	0.994	0.983	0.995	0.99	0.987	0.986	0.985	0.99	0.987	0.986	0.988	0.988	0.984	0.987	0.981	0.989	0.98	0.973	0.978	0.98	0.975	0.976	0.977	0.978	0.957	0.972	0.969	0.965	0.969	0.97	0.963	0.957	0.954	0.963	0.948	0.957	0.967	0.952	0.966	0.938	0.947	0.955	0.956	0.958	0.955	0.96	0.948	0.941	0.952	0.955	0.944	0.95	0.949	0.935	0.945	0.948	0.957	0.946	0.951	0.951	0.939	0.953	0.957	0.94	0.93	0.938	0.956	0.942	0.935	0.939	0.923	0.923	0.922	0.916	0.901	0.892	0.874	0.861	0.858	0.837	0.815	0.811	0.773	0.733	0.759	0.722	0.671	0.704	0.657	0.614	0.612	
1	1	1	1	1	1	1	1	1	1	1	1	1	1	1	1	1	1	1	1	1	1	1	1	1	1	1	1	1	1	1	1	1	1	1	1	1	1	1	1	1	1	1	1	1	1	1	1	1	1	1	1	1	1	1	1	1	1	1	1	1	1	1	1	1	1	0.999	1	1	1	1	1	1	1	1	1	1	1	0.999	0.999	0.997	0.999	0.999	0.999	0.994	0.996	0.992	0.993	0.987	0.993	0.989	0.985	0.984	0.976	0.968	0.97	0.963	0.953	0.937	0.932	
0.854	0.878	0.862	0.804	0.794	0.81	0.784	0.776	0.749	0.739	0.742	0.718	0.716	0.705	0.664	0.683	0.678	0.671	0.661	0.652	0.609	0.608	0.566	0.553	0.565	0.54	0.539	0.532	0.5	0.471	0.482	0.458	0.469	0.411	0.426	0.402	0.426	0.395	0.391	0.343	0.362	0.344	0.344	0.347	0.308	0.346	0.303	0.299	0.294	0.289	0.288	0.281	0.253	0.249	0.259	0.24	0.213	0.242	0.269	0.234	0.229	0.233	0.234	0.216	0.224	0.228	0.217	0.225	0.236	0.212	0.209	0.227	0.215	0.194	0.197	0.198	0.209	0.168	0.172	0.164	0.175	0.166	0.139	0.153	0.122	0.141	0.106	0.095	0.09	0.076	0.077	0.052	0.052	0.041	0.04	0.033	0.031	0.029	0.019	0.014	
0.372	0.339	0.314	0.313	0.279	0.305	0.282	0.234	0.223	0.226	0.203	0.204	0.203	0.167	0.169	0.139	0.147	0.132	0.123	0.131	0.113	0.09	0.096	0.096	0.085	0.092	0.081	0.067	0.054	0.062	0.069	0.048	0.034	0.035	0.037	0.022	0.02	0.026	0.02	0.02	0.024	0.013	0.012	0.012	0.006	0.013	0.01	0.007	0.006	0.004	0.007	0.007	0.002	0.002	0.004	0.002	0	0	0.002	0	0	0.002	0.001	0	0.001	0	0	0	0	0	0	0	0	0	0	0	0	0	0	0	0	0	0	0	0	0	0	0	0	0	0	0	0	0	0	0	0	0	0	0	
1	1	1	1	1	1	1	1	1	1	1	1	1	1	1	1	1	1	1	1	1	1	1	1	1	1	1	1	1	1	1	1	1	1	1	1	1	1	1	1	1	1	1	1	1	1	1	1	1	1	1	1	1	1	1	1	1	1	1	1	1	1	1	1	1	1	1	1	1	1	1	1	1	1	1	1	1	1	1	1	1	1	1	1	1	1	1	1	1	1	1	1	1	1	1	1	1	1	1	1	
0.811	0.819	0.826	0.794	0.817	0.803	0.797	0.826	0.817	0.843	0.798	0.809	0.798	0.806	0.806	0.802	0.807	0.797	0.782	0.802	0.775	0.781	0.795	0.791	0.774	0.757	0.799	0.791	0.782	0.785	0.788	0.773	0.757	0.769	0.788	0.785	0.791	0.787	0.799	0.782	0.758	0.77	0.767	0.78	0.778	0.767	0.763	0.802	0.796	0.774	0.763	0.771	0.773	0.794	0.788	0.784	0.797	0.784	0.766	0.77	0.77	0.762	0.782	0.766	0.766	0.764	0.765	0.75	0.771	0.751	0.778	0.732	0.75	0.719	0.731	0.745	0.716	0.713	0.689	0.676	0.681	0.665	0.654	0.645	0.608	0.59	0.577	0.538	0.522	0.513	0.477	0.478	0.42	0.378	0.346	0.35	0.273	0.266	0.222	0.174	
0.47	0.446	0.448	0.429	0.434	0.455	0.439	0.4	0.4	0.41	0.398	0.38	0.392	0.379	0.36	0.367	0.366	0.35	0.331	0.32	0.324	0.335	0.32	0.321	0.319	0.295	0.321	0.311	0.307	0.313	0.297	0.299	0.284	0.257	0.281	0.281	0.275	0.268	0.26	0.261	0.269	0.236	0.275	0.238	0.242	0.251	0.247	0.249	0.265	0.229	0.237	0.223	0.237	0.207	0.21	0.198	0.209	0.223	0.2	0.21	0.195	0.194	0.192	0.197	0.187	0.174	0.186	0.188	0.151	0.157	0.181	0.164	0.171	0.171	0.148	0.16	0.166	0.139	0.134	0.141	0.122	0.143	0.14	0.141	0.128	0.152	0.113	0.116	0.143	0.133	0.128	0.103	0.122	0.129	0.118	0.134	0.144	0.132	0.128	0.128	
1	1	1	1	1	1	1	1	1	1	1	1	1	1	1	1	1	1	1	1	1	1	1	1	1	1	1	1	1	1	1	1	1	1	1	1	1	1	1	1	1	1	1	1	1	1	1	1	1	1	1	1	1	1	1	1	1	1	1	1	1	1	1	1	1	1	1	1	1	1	1	1	1	1	1	1	1	1	1	1	1	1	1	1	1	1	1	1	1	1	1	1	1	1	1	1	1	1	1	1	
1	1	1	0.999	1	1	1	1	1	1	1	0.999	0.999	1	0.997	0.998	0.998	0.997	0.999	0.999	0.996	0.997	0.996	0.993	0.991	0.984	0.986	0.992	0.981	0.983	0.979	0.975	0.96	0.969	0.958	0.938	0.945	0.936	0.934	0.902	0.916	0.908	0.889	0.872	0.861	0.847	0.832	0.828	0.806	0.771	0.767	0.746	0.711	0.704	0.69	0.681	0.657	0.655	0.589	0.6	0.578	0.579	0.51	0.491	0.452	0.447	0.429	0.383	0.361	0.323	0.324	0.279	0.278	0.275	0.236	0.211	0.218	0.187	0.171	0.134	0.124	0.105	0.083	0.078	0.06	0.065	0.049	0.038	0.029	0.026	0.03	0.015	0.014	0.009	0.012	0.003	0.005	0.002	0.004	0.005	
0.581	0.592	0.546	0.562	0.532	0.567	0.532	0.516	0.512	0.503	0.503	0.467	0.49	0.482	0.465	0.454	0.44	0.425	0.451	0.457	0.439	0.426	0.394	0.401	0.381	0.396	0.377	0.343	0.365	0.351	0.341	0.331	0.331	0.325	0.319	0.32	0.31	0.319	0.289	0.291	0.296	0.291	0.258	0.286	0.26	0.259	0.244	0.246	0.237	0.247	0.217	0.237	0.199	0.179	0.191	0.207	0.175	0.191	0.163	0.167	0.16	0.149	0.162	0.142	0.129	0.115	0.136	0.125	0.116	0.122	0.099	0.095	0.099	0.092	0.082	0.071	0.068	0.079	0.066	0.054	0.059	0.06	0.048	0.047	0.039	0.039	0.031	0.041	0.033	0.029	0.024	0.019	0.025	0.014	0.009	0.015	0.013	0.01	0.007	0.003	
1	1	1	1	1	1	1	1	1	1	1	1	1	1	1	1	1	1	0.999	1	1	1	1	0.998	0.999	0.998	0.997	0.998	0.999	0.996	0.993	0.997	0.996	0.996	0.993	0.993	0.99	0.991	0.986	0.986	0.978	0.977	0.972	0.973	0.971	0.972	0.971	0.958	0.961	0.961	0.945	0.935	0.938	0.916	0.915	0.921	0.918	0.89	0.892	0.845	0.879	0.858	0.83	0.822	0.821	0.812	0.762	0.773	0.759	0.735	0.711	0.723	0.683	0.705	0.668	0.661	0.663	0.616	0.596	0.585	0.599	0.572	0.576	0.56	0.538	0.544	0.548	0.53	0.523	0.523	0.456	0.477	0.503	0.496	0.499	0.523	0.482	0.495	0.483	0.509	
1	1	1	1	1	1	1	1	1	1	1	1	1	1	1	1	1	1	1	1	1	1	1	1	1	1	1	1	1	1	1	1	1	1	1	1	1	1	1	1	1	1	1	1	1	1	1	1	1	1	1	1	1	1	1	1	1	1	1	1	1	1	1	1	1	1	1	1	1	1	1	0.999	0.999	1	1	0.999	1	1	0.999	0.998	1	0.998	0.998	0.994	0.996	0.993	0.991	0.995	0.995	0.992	0.985	0.985	0.981	0.976	0.969	0.972	0.959	0.948	0.926	0.89	
0.42	0.444	0.43	0.4	0.377	0.391	0.367	0.392	0.382	0.366	0.343	0.358	0.335	0.363	0.359	0.342	0.337	0.32	0.324	0.328	0.298	0.309	0.297	0.3	0.294	0.274	0.262	0.284	0.279	0.269	0.249	0.234	0.263	0.236	0.221	0.23	0.242	0.204	0.211	0.197	0.195	0.213	0.188	0.204	0.181	0.172	0.206	0.17	0.159	0.163	0.149	0.142	0.158	0.139	0.128	0.132	0.131	0.119	0.117	0.106	0.101	0.11	0.086	0.096	0.097	0.08	0.087	0.089	0.083	0.065	0.071	0.075	0.061	0.078	0.044	0.045	0.051	0.055	0.04	0.034	0.042	0.025	0.029	0.022	0.024	0.016	0.016	0.013	0.013	0.012	0.008	0.005	0.004	0.004	0	0.005	0.002	0	0	0	
0.999	0.999	0.999	0.999	1	0.995	0.999	0.998	0.999	0.994	0.993	0.996	0.998	0.999	0.998	0.993	0.985	0.99	0.989	0.99	0.987	0.984	0.978	0.98	0.981	0.973	0.971	0.971	0.968	0.964	0.962	0.964	0.961	0.96	0.95	0.941	0.949	0.941	0.938	0.943	0.951	0.936	0.95	0.941	0.935	0.924	0.922	0.918	0.913	0.925	0.906	0.937	0.908	0.91	0.91	0.918	0.917	0.898	0.895	0.906	0.901	0.907	0.906	0.906	0.897	0.892	0.875	0.881	0.892	0.878	0.879	0.869	0.862	0.875	0.866	0.858	0.837	0.833	0.845	0.804	0.77	0.793	0.752	0.725	0.704	0.694	0.644	0.646	0.591	0.563	0.519	0.449	0.409	0.399	0.299	0.301	0.261	0.194	0.181	0.113	
1	1	1	1	1	1	1	1	1	1	1	0.999	1	0.999	1	1	0.998	1	0.999	0.998	0.999	0.998	0.997	0.998	0.993	0.994	0.994	0.987	0.984	0.982	0.988	0.982	0.966	0.98	0.971	0.963	0.966	0.965	0.957	0.956	0.943	0.943	0.947	0.945	0.928	0.946	0.936	0.933	0.916	0.907	0.911	0.911	0.922	0.906	0.904	0.897	0.889	0.912	0.887	0.883	0.891	0.89	0.865	0.895	0.896	0.865	0.854	0.862	0.864	0.852	0.851	0.867	0.84	0.842	0.832	0.834	0.817	0.836	0.795	0.826	0.807	0.767	0.76	0.754	0.765	0.749	0.703	0.694	0.636	0.642	0.607	0.585	0.57	0.498	0.468	0.423	0.381	0.347	0.325	0.235	
0.932	0.913	0.918	0.889	0.899	0.899	0.856	0.866	0.851	0.841	0.827	0.812	0.799	0.787	0.768	0.776	0.739	0.721	0.695	0.701	0.66	0.685	0.664	0.638	0.614	0.655	0.615	0.607	0.592	0.58	0.537	0.559	0.563	0.525	0.538	0.529	0.519	0.517	0.477	0.497	0.491	0.464	0.476	0.468	0.461	0.457	0.472	0.432	0.434	0.438	0.392	0.413	0.402	0.381	0.364	0.393	0.411	0.385	0.366	0.364	0.384	0.362	0.346	0.348	0.318	0.312	0.33	0.332	0.303	0.3	0.3	0.308	0.291	0.274	0.297	0.259	0.257	0.259	0.245	0.26	0.243	0.238	0.216	0.186	0.217	0.199	0.163	0.179	0.179	0.172	0.167	0.14	0.128	0.101	0.098	0.092	0.085	0.085	0.083	0.079	
0.16	0.147	0.151	0.156	0.172	0.146	0.148	0.135	0.13	0.149	0.127	0.126	0.127	0.118	0.125	0.104	0.122	0.109	0.127	0.11	0.109	0.09	0.091	0.099	0.085	0.083	0.084	0.081	0.092	0.086	0.092	0.084	0.089	0.08	0.079	0.092	0.085	0.079	0.088	0.076	0.081	0.061	0.079	0.066	0.061	0.074	0.069	0.061	0.082	0.061	0.074	0.08	0.062	0.072	0.063	0.063	0.069	0.081	0.08	0.09	0.083	0.087	0.09	0.097	0.087	0.083	0.08	0.091	0.102	0.089	0.102	0.111	0.094	0.101	0.108	0.106	0.11	0.11	0.128	0.129	0.153	0.123	0.134	0.161	0.153	0.169	0.169	0.172	0.206	0.183	0.203	0.204	0.209	0.186	0.215	0.206	0.226	0.211	0.214	0.229	
0	0	0	0	0	0	0	0	0	0	0	0	0	0	0	0	0	0	0	0	0	0	0	0	0	0	0	0	0	0	0	0	0	0	0	0	0	0	0	0	0	0	0	0	0	0	0	0	0	0	0	0	0	0	0	0	0	0	0	0	0	0	0	0	0	0	0	0	0	0	0	0	0	0	0	0	0	0	0.001	0.002	0	0	0	0	0.001	0.002	0.001	0.001	0.002	0.003	0.008	0.005	0.011	0.017	0.013	0.015	0.029	0.033	0.033	0.056	
1	0.997	0.999	0.999	0.998	0.999	0.997	0.998	0.998	1	0.998	0.993	0.995	0.996	0.996	0.994	0.994	0.993	0.991	0.991	0.991	0.995	0.988	0.989	0.985	0.99	0.986	0.98	0.981	0.991	0.978	0.977	0.97	0.972	0.975	0.965	0.959	0.95	0.955	0.964	0.958	0.959	0.943	0.934	0.927	0.942	0.923	0.909	0.895	0.9	0.885	0.894	0.875	0.887	0.885	0.88	0.857	0.865	0.838	0.819	0.842	0.84	0.839	0.81	0.832	0.79	0.766	0.769	0.786	0.776	0.752	0.741	0.73	0.701	0.734	0.717	0.666	0.656	0.662	0.628	0.644	0.62	0.576	0.548	0.562	0.544	0.502	0.435	0.431	0.414	0.384	0.341	0.3	0.289	0.258	0.215	0.19	0.163	0.147	0.104	
0.464	0.41	0.387	0.356	0.366	0.358	0.356	0.365	0.3	0.305	0.275	0.257	0.248	0.226	0.189	0.203	0.191	0.174	0.169	0.152	0.131	0.142	0.11	0.118	0.096	0.098	0.075	0.065	0.074	0.048	0.053	0.061	0.041	0.036	0.049	0.039	0.033	0.019	0.021	0.019	0.018	0.019	0.014	0.014	0.012	0.01	0.011	0.004	0.012	0.006	0.006	0.006	0.002	0.007	0.004	0.005	0.002	0.005	0.009	0.002	0.004	0.003	0.001	0.003	0.002	0	0.002	0.001	0.001	0	0.001	0	0.003	0.002	0	0	0.001	0.001	0	0	0.001	0	0	0	0.001	0.002	0.001	0	0	0	0.001	0.003	0.001	0	0.001	0	0	0	0	0.001	
1	1	1	1	1	1	1	1	1	1	1	1	1	1	1	1	1	1	1	1	1	0.999	1	0.999	0.999	1	1	0.998	1	1	1	0.999	0.999	0.997	0.995	0.999	0.998	0.996	0.999	0.994	0.997	0.993	0.998	0.994	0.997	0.994	0.995	0.993	0.999	0.997	0.995	0.991	0.987	0.99	0.987	0.982	0.993	0.986	0.985	0.992	0.991	0.986	0.97	0.975	0.988	0.979	0.975	0.98	0.97	0.978	0.965	0.976	0.974	0.966	0.965	0.961	0.963	0.957	0.965	0.946	0.944	0.957	0.939	0.937	0.934	0.916	0.907	0.906	0.888	0.91	0.889	0.856	0.841	0.811	0.758	0.753	0.716	0.676	0.594	0.57	
0.391	0.375	0.394	0.39	0.353	0.348	0.382	0.307	0.356	0.366	0.303	0.352	0.321	0.324	0.321	0.31	0.304	0.32	0.299	0.313	0.315	0.294	0.298	0.303	0.292	0.246	0.298	0.283	0.28	0.299	0.283	0.262	0.256	0.264	0.257	0.29	0.28	0.277	0.267	0.259	0.266	0.257	0.294	0.264	0.256	0.263	0.29	0.298	0.293	0.293	0.307	0.336	0.296	0.321	0.319	0.327	0.315	0.336	0.331	0.363	0.377	0.362	0.396	0.412	0.386	0.393	0.42	0.422	0.459	0.439	0.483	0.467	0.46	0.505	0.499	0.522	0.538	0.539	0.578	0.527	0.586	0.567	0.581	0.567	0.58	0.579	0.588	0.567	0.556	0.534	0.524	0.529	0.544	0.563	0.53	0.515	0.528	0.501	0.487	0.461	
1	1	1	1	1	1	1	1	1	1	1	1	1	1	1	1	1	1	1	1	1	1	1	1	1	0.999	1	0.999	0.999	1	1	1	0.999	1	0.998	0.997	0.999	0.998	0.999	0.997	0.991	0.993	0.992	0.992	0.985	0.985	0.991	0.983	0.99	0.978	0.983	0.976	0.976	0.97	0.961	0.967	0.954	0.952	0.95	0.937	0.922	0.93	0.916	0.916	0.903	0.885	0.872	0.862	0.857	0.813	0.836	0.792	0.78	0.761	0.766	0.74	0.708	0.656	0.656	0.627	0.615	0.595	0.522	0.526	0.512	0.471	0.457	0.39	0.385	0.358	0.331	0.325	0.264	0.27	0.228	0.209	0.199	0.197	0.178	0.157	
1	1	1	1	1	1	1	1	1	1	1	1	1	1	1	1	0.999	1	1	1	1	0.998	1	1	1	0.999	0.996	0.998	0.999	1	0.995	0.994	0.99	0.999	0.993	0.99	0.995	0.992	0.99	0.992	0.985	0.978	0.986	0.978	0.974	0.963	0.959	0.96	0.941	0.942	0.932	0.931	0.921	0.903	0.903	0.879	0.883	0.872	0.864	0.832	0.826	0.802	0.769	0.812	0.735	0.728	0.695	0.68	0.648	0.639	0.627	0.597	0.554	0.525	0.533	0.49	0.49	0.436	0.407	0.401	0.361	0.348	0.277	0.281	0.262	0.212	0.209	0.177	0.157	0.153	0.13	0.116	0.084	0.08	0.07	0.049	0.048	0.051	0.036	0.029	
0.881	0.872	0.859	0.845	0.815	0.788	0.801	0.776	0.75	0.72	0.678	0.678	0.65	0.618	0.648	0.622	0.561	0.59	0.548	0.534	0.507	0.484	0.466	0.476	0.431	0.411	0.429	0.387	0.359	0.354	0.326	0.332	0.321	0.306	0.285	0.286	0.261	0.256	0.246	0.226	0.236	0.217	0.209	0.205	0.196	0.17	0.186	0.171	0.172	0.165	0.159	0.147	0.141	0.133	0.127	0.129	0.141	0.131	0.111	0.118	0.108	0.107	0.103	0.112	0.109	0.085	0.098	0.087	0.086	0.087	0.081	0.076	0.066	0.073	0.073	0.058	0.063	0.071	0.054	0.061	0.049	0.056	0.042	0.043	0.047	0.035	0.036	0.033	0.033	0.027	0.037	0.022	0.018	0.024	0.023	0.016	0.016	0.012	0.007	0.006	
0.815	0.792	0.777	0.781	0.75	0.735	0.729	0.72	0.715	0.687	0.706	0.656	0.645	0.618	0.629	0.613	0.563	0.602	0.577	0.534	0.537	0.559	0.519	0.506	0.515	0.487	0.469	0.452	0.46	0.459	0.426	0.397	0.379	0.386	0.39	0.341	0.375	0.382	0.355	0.35	0.325	0.281	0.314	0.324	0.281	0.277	0.272	0.276	0.271	0.243	0.24	0.253	0.229	0.231	0.224	0.225	0.213	0.213	0.216	0.214	0.177	0.181	0.184	0.155	0.167	0.169	0.149	0.165	0.148	0.126	0.143	0.127	0.141	0.135	0.137	0.107	0.107	0.082	0.087	0.091	0.068	0.091	0.069	0.077	0.055	0.054	0.048	0.038	0.036	0.032	0.032	0.017	0.028	0.014	0.012	0.013	0.007	0.005	0.006	0.005	
0.997	0.995	0.995	0.996	0.993	0.989	0.993	0.995	0.982	0.986	0.984	0.987	0.977	0.981	0.978	0.971	0.977	0.972	0.975	0.971	0.969	0.967	0.949	0.949	0.956	0.959	0.943	0.948	0.951	0.912	0.917	0.913	0.92	0.916	0.908	0.896	0.892	0.892	0.889	0.871	0.875	0.854	0.844	0.845	0.819	0.833	0.812	0.808	0.822	0.794	0.787	0.776	0.757	0.734	0.754	0.743	0.731	0.706	0.698	0.686	0.682	0.658	0.658	0.641	0.674	0.643	0.626	0.585	0.58	0.588	0.556	0.55	0.561	0.529	0.515	0.486	0.488	0.476	0.493	0.46	0.464	0.422	0.437	0.43	0.421	0.408	0.393	0.403	0.358	0.349	0.363	0.324	0.341	0.327	0.274	0.287	0.241	0.236	0.22	0.145	
0.923	0.919	0.925	0.927	0.927	0.913	0.916	0.917	0.933	0.913	0.93	0.906	0.913	0.909	0.889	0.897	0.904	0.907	0.881	0.873	0.875	0.861	0.876	0.857	0.862	0.843	0.824	0.822	0.813	0.794	0.805	0.786	0.806	0.783	0.761	0.743	0.755	0.741	0.729	0.736	0.731	0.722	0.696	0.672	0.657	0.64	0.665	0.658	0.598	0.62	0.616	0.593	0.592	0.624	0.57	0.568	0.519	0.551	0.54	0.545	0.518	0.504	0.478	0.522	0.501	0.446	0.449	0.454	0.457	0.441	0.466	0.417	0.446	0.431	0.403	0.413	0.412	0.419	0.414	0.403	0.393	0.376	0.436	0.417	0.42	0.413	0.432	0.423	0.443	0.413	0.418	0.438	0.456	0.424	0.452	0.453	0.455	0.443	0.456	0.455	
1	1	1	1	1	1	1	1	0.999	0.998	1	0.998	1	1	0.999	0.999	1	0.999	0.999	0.999	0.998	0.999	0.998	0.999	0.995	0.997	0.995	0.994	0.993	0.994	0.991	0.987	0.996	0.986	0.984	0.99	0.987	0.984	0.985	0.974	0.982	0.977	0.965	0.971	0.964	0.97	0.966	0.96	0.96	0.961	0.96	0.952	0.959	0.946	0.95	0.93	0.935	0.935	0.937	0.923	0.934	0.93	0.912	0.913	0.894	0.902	0.906	0.879	0.885	0.895	0.891	0.873	0.878	0.868	0.847	0.867	0.838	0.853	0.844	0.838	0.806	0.834	0.833	0.824	0.795	0.827	0.816	0.78	0.802	0.778	0.751	0.759	0.747	0.715	0.719	0.697	0.697	0.665	0.655	0.62	
1	1	1	1	1	1	1	1	1	1	1	1	1	1	1	0.999	1	1	1	1	1	1	0.998	0.999	1	0.999	1	1	0.999	1	0.997	0.996	1	0.998	0.999	0.998	0.995	0.998	0.995	0.993	0.987	0.983	0.978	0.985	0.979	0.968	0.969	0.97	0.96	0.962	0.953	0.934	0.944	0.929	0.897	0.903	0.909	0.888	0.883	0.88	0.846	0.839	0.827	0.799	0.796	0.763	0.753	0.746	0.723	0.699	0.669	0.693	0.642	0.629	0.576	0.59	0.555	0.524	0.517	0.449	0.466	0.447	0.41	0.381	0.404	0.344	0.352	0.31	0.303	0.26	0.238	0.222	0.183	0.168	0.123	0.119	0.099	0.094	0.061	0.055	
0.025	0.015	0.005	0.01	0.008	0.02	0.008	0.011	0.012	0.022	0.008	0.01	0.013	0.006	0.013	0.01	0.006	0.014	0.008	0.01	0.007	0.012	0.009	0.014	0.01	0.004	0.014	0.009	0.01	0.007	0.004	0.008	0.007	0.008	0.007	0.01	0.006	0.008	0.004	0.008	0.008	0.01	0.006	0.009	0.007	0.007	0.008	0.007	0.006	0.009	0.004	0.013	0.007	0.008	0.002	0.012	0.004	0.007	0.007	0.005	0.007	0.009	0.009	0.007	0.006	0.006	0.009	0.004	0.005	0.009	0.008	0.006	0.003	0.003	0.011	0.01	0.004	0.01	0.005	0.01	0.009	0.011	0.009	0.007	0.007	0.006	0.009	0.006	0.009	0.007	0.006	0.01	0.007	0.008	0.006	0.005	0.004	0.003	0.001	0.005	
1	1	1	1	1	1	1	1	1	1	1	1	1	1	1	1	1	1	1	1	1	1	1	1	1	1	1	1	1	1	1	1	1	1	1	1	1	1	1	1	1	1	1	1	1	1	1	1	1	1	1	1	1	1	1	1	1	1	1	1	1	1	1	1	1	1	1	1	1	1	1	1	1	1	1	1	1	1	1	1	1	1	1	1	1	1	1	1	1	1	1	1	1	1	1	1	1	1	1	1	
0.751	0.74	0.759	0.743	0.741	0.768	0.753	0.747	0.723	0.751	0.746	0.753	0.75	0.741	0.756	0.734	0.729	0.752	0.749	0.749	0.734	0.762	0.75	0.763	0.749	0.752	0.768	0.74	0.763	0.758	0.762	0.767	0.749	0.731	0.77	0.766	0.758	0.756	0.758	0.786	0.781	0.769	0.783	0.753	0.793	0.771	0.765	0.757	0.771	0.762	0.777	0.763	0.755	0.764	0.758	0.78	0.795	0.764	0.748	0.77	0.772	0.771	0.781	0.767	0.772	0.771	0.734	0.771	0.786	0.758	0.759	0.761	0.72	0.738	0.716	0.695	0.71	0.696	0.692	0.698	0.667	0.656	0.65	0.658	0.617	0.619	0.606	0.523	0.514	0.501	0.476	0.4	0.41	0.359	0.368	0.314	0.291	0.228	0.21	0.199	
0	0	0	0	0	0	0	0	0	0	0	0	0	0	0	0	0	0	0	0	0	0	0	0	0	0	0	0	0	0	0	0	0	0	0	0	0	0	0	0	0	0	0	0	0	0	0	0	0	0	0	0	0	0	0	0	0	0	0	0	0	0	0	0	0	0	0	0	0	0	0	0	0	0	0	0	0	0	0	0	0	0	0	0	0	0	0	0	0	0	0	0	0	0	0	0	0	0	0	0	
0.028	0.025	0.028	0.031	0.021	0.031	0.029	0.022	0.026	0.033	0.025	0.026	0.025	0.029	0.037	0.021	0.027	0.035	0.025	0.034	0.031	0.03	0.033	0.033	0.042	0.033	0.03	0.038	0.035	0.044	0.037	0.044	0.046	0.043	0.031	0.019	0.033	0.04	0.044	0.033	0.042	0.034	0.041	0.031	0.031	0.048	0.041	0.025	0.033	0.043	0.034	0.03	0.032	0.025	0.029	0.036	0.029	0.029	0.034	0.026	0.024	0.031	0.026	0.023	0.034	0.029	0.027	0.016	0.02	0.013	0.019	0.021	0.024	0.019	0.023	0.021	0.02	0.013	0.015	0.015	0.012	0.01	0.015	0.012	0.009	0.005	0.006	0.002	0.004	0.005	0.008	0.004	0.003	0.009	0.002	0.006	0.004	0.005	0.002	0.002	
0.019	0.024	0.028	0.018	0.023	0.019	0.028	0.02	0.024	0.034	0.044	0.035	0.034	0.038	0.048	0.029	0.021	0.037	0.03	0.032	0.047	0.039	0.04	0.044	0.05	0.043	0.042	0.042	0.039	0.044	0.042	0.048	0.056	0.05	0.056	0.058	0.054	0.052	0.062	0.058	0.065	0.063	0.077	0.055	0.065	0.078	0.089	0.068	0.075	0.072	0.072	0.079	0.07	0.079	0.101	0.088	0.082	0.086	0.076	0.071	0.07	0.08	0.076	0.069	0.084	0.063	0.073	0.074	0.06	0.045	0.06	0.046	0.056	0.066	0.037	0.048	0.041	0.033	0.032	0.027	0.033	0.02	0.013	0.015	0.006	0.011	0.005	0.006	0.001	0.002	0.002	0.001	0.002	0.001	0	0	0	0	0	0	
0.897	0.905	0.89	0.893	0.866	0.881	0.853	0.85	0.846	0.827	0.821	0.824	0.8	0.788	0.792	0.78	0.768	0.75	0.765	0.745	0.734	0.721	0.707	0.693	0.682	0.687	0.679	0.627	0.66	0.651	0.634	0.614	0.627	0.591	0.619	0.578	0.593	0.576	0.57	0.569	0.523	0.568	0.527	0.539	0.53	0.524	0.524	0.53	0.501	0.483	0.453	0.488	0.484	0.465	0.451	0.411	0.443	0.448	0.414	0.403	0.406	0.397	0.405	0.369	0.382	0.402	0.353	0.356	0.361	0.353	0.331	0.312	0.306	0.335	0.312	0.297	0.307	0.265	0.296	0.276	0.268	0.263	0.229	0.256	0.235	0.245	0.241	0.208	0.202	0.217	0.221	0.171	0.155	0.178	0.165	0.127	0.141	0.133	0.135	0.105	
1	1	1	1	1	1	1	1	1	1	1	1	1	1	1	1	1	1	1	1	1	1	1	1	1	1	1	1	1	1	1	1	1	1	1	1	1	1	1	1	1	0.999	1	1	1	1	1	0.999	0.999	0.999	1	0.999	1	0.998	0.999	0.997	0.997	0.994	0.995	0.998	0.994	0.996	0.998	0.994	0.997	0.995	0.995	0.994	0.99	0.992	0.998	0.994	0.992	0.993	0.992	0.992	0.988	0.99	0.989	0.991	0.985	0.992	0.984	0.98	0.981	0.987	0.989	0.983	0.977	0.973	0.986	0.962	0.97	0.976	0.967	0.982	0.974	0.953	0.974	0.961	
1	1	1	1	1	1	1	1	1	1	1	1	1	0.999	1	1	1	1	1	1	1	0.999	1	1	1	0.999	1	1	1	1	0.998	1	0.998	0.999	0.996	0.994	0.999	0.996	1	0.995	0.991	0.994	0.995	0.992	0.993	0.989	0.989	0.994	0.984	0.989	0.971	0.973	0.973	0.967	0.966	0.963	0.955	0.952	0.947	0.949	0.921	0.928	0.918	0.91	0.907	0.906	0.888	0.882	0.848	0.834	0.81	0.799	0.785	0.792	0.733	0.74	0.701	0.668	0.658	0.623	0.575	0.547	0.505	0.451	0.415	0.384	0.36	0.264	0.258	0.218	0.19	0.163	0.119	0.098	0.085	0.056	0.042	0.028	0.021	0.016	
1	1	1	1	1	1	1	1	1	0.999	1	0.999	0.999	1	1	0.998	0.998	0.995	0.995	0.998	0.989	0.992	0.984	0.984	0.986	0.982	0.977	0.977	0.983	0.972	0.972	0.975	0.981	0.959	0.939	0.945	0.94	0.934	0.909	0.913	0.916	0.895	0.889	0.876	0.875	0.864	0.865	0.845	0.841	0.83	0.821	0.816	0.772	0.804	0.755	0.783	0.754	0.74	0.747	0.692	0.696	0.665	0.668	0.636	0.656	0.616	0.569	0.579	0.561	0.589	0.527	0.513	0.46	0.456	0.467	0.41	0.388	0.36	0.363	0.311	0.308	0.282	0.244	0.234	0.2	0.153	0.145	0.136	0.107	0.079	0.078	0.049	0.045	0.034	0.032	0.018	0.015	0.008	0.003	0.004	
0.89	0.907	0.886	0.897	0.893	0.882	0.865	0.864	0.844	0.874	0.87	0.875	0.834	0.856	0.852	0.838	0.834	0.841	0.849	0.844	0.836	0.819	0.829	0.815	0.785	0.802	0.796	0.797	0.799	0.808	0.803	0.771	0.784	0.778	0.761	0.773	0.731	0.75	0.737	0.741	0.725	0.722	0.726	0.685	0.71	0.698	0.694	0.664	0.685	0.677	0.664	0.655	0.625	0.656	0.638	0.62	0.591	0.614	0.594	0.606	0.596	0.585	0.585	0.584	0.573	0.577	0.579	0.588	0.563	0.533	0.581	0.54	0.509	0.545	0.541	0.547	0.546	0.527	0.564	0.574	0.512	0.563	0.54	0.543	0.506	0.536	0.497	0.48	0.491	0.463	0.443	0.473	0.424	0.419	0.397	0.357	0.337	0.295	0.271	0.237	
0.824	0.804	0.825	0.791	0.784	0.788	0.787	0.769	0.763	0.767	0.775	0.785	0.757	0.748	0.763	0.758	0.726	0.736	0.716	0.705	0.709	0.69	0.648	0.668	0.64	0.634	0.662	0.639	0.631	0.613	0.628	0.601	0.58	0.596	0.54	0.551	0.523	0.544	0.565	0.5	0.505	0.488	0.469	0.458	0.438	0.432	0.391	0.373	0.363	0.359	0.333	0.309	0.321	0.275	0.278	0.286	0.253	0.214	0.217	0.206	0.191	0.176	0.151	0.179	0.133	0.129	0.127	0.102	0.098	0.09	0.08	0.062	0.062	0.067	0.05	0.05	0.056	0.049	0.046	0.042	0.022	0.018	0.023	0.019	0.023	0.013	0.013	0.012	0.012	0.011	0.008	0.005	0.012	0.007	0.005	0.002	0.005	0.007	0	0.001	
1	1	1	1	1	1	1	1	1	1	1	1	1	1	1	1	1	1	1	1	1	1	1	1	1	1	1	1	1	1	1	1	1	1	1	1	1	1	1	1	1	1	1	1	1	1	1	1	1	1	1	1	1	1	1	1	1	1	1	1	1	1	1	1	1	1	1	1	1	1	1	1	1	1	0.998	0.999	0.999	0.999	0.998	0.999	0.998	1	0.998	0.993	0.997	0.994	0.988	0.986	0.985	0.991	0.962	0.961	0.965	0.943	0.918	0.901	0.89	0.854	0.82	0.774	
0.759	0.746	0.744	0.71	0.671	0.657	0.629	0.603	0.611	0.572	0.533	0.508	0.524	0.484	0.433	0.437	0.404	0.396	0.363	0.339	0.323	0.309	0.297	0.267	0.265	0.245	0.226	0.244	0.205	0.2	0.22	0.205	0.174	0.167	0.161	0.164	0.156	0.154	0.147	0.143	0.128	0.094	0.101	0.118	0.094	0.088	0.08	0.088	0.069	0.066	0.067	0.069	0.077	0.063	0.056	0.05	0.049	0.054	0.044	0.05	0.044	0.042	0.044	0.032	0.039	0.044	0.031	0.021	0.026	0.03	0.034	0.019	0.026	0.015	0.021	0.028	0.021	0.024	0.018	0.016	0.014	0.022	0.017	0.013	0.01	0.012	0.011	0.01	0.015	0.009	0.006	0.01	0.006	0.005	0.007	0.009	0.005	0.004	0.003	0.004	
0.002	0	0.001	0.003	0	0	0.001	0	0	0	0	0	0	0	0.001	0	0	0	0	0	0	0	0	0.001	0	0	0	0	0	0	0	0	0	0.001	0	0	0	0	0	0	0	0	0	0	0	0	0	0	0	0	0	0	0	0	0	0	0	0	0	0	0	0	0	0	0	0	0	0	0	0	0	0	0	0	0	0	0	0	0	0	0	0	0	0	0	0	0	0	0	0	0	0	0	0	0	0	0	0	0	0	
0.979	0.974	0.969	0.952	0.971	0.98	0.965	0.957	0.968	0.954	0.956	0.944	0.95	0.951	0.951	0.947	0.95	0.939	0.946	0.937	0.927	0.937	0.926	0.945	0.915	0.924	0.916	0.909	0.909	0.916	0.878	0.894	0.892	0.885	0.885	0.882	0.897	0.886	0.881	0.859	0.857	0.845	0.852	0.872	0.845	0.838	0.822	0.841	0.847	0.816	0.834	0.79	0.815	0.817	0.786	0.808	0.783	0.818	0.801	0.762	0.771	0.745	0.761	0.77	0.741	0.778	0.727	0.713	0.711	0.701	0.678	0.718	0.662	0.689	0.643	0.675	0.655	0.663	0.645	0.654	0.639	0.624	0.626	0.63	0.596	0.592	0.564	0.59	0.579	0.57	0.571	0.559	0.522	0.524	0.534	0.514	0.491	0.454	0.436	0.412	
0.999	0.999	0.999	1	0.999	0.999	1	0.999	0.996	0.999	0.998	0.992	0.995	0.991	0.988	0.994	0.988	0.986	0.979	0.985	0.965	0.977	0.966	0.944	0.947	0.958	0.941	0.934	0.946	0.921	0.915	0.917	0.906	0.891	0.873	0.862	0.885	0.847	0.83	0.834	0.839	0.8	0.793	0.81	0.755	0.767	0.775	0.736	0.758	0.741	0.715	0.7	0.671	0.665	0.649	0.635	0.625	0.616	0.608	0.577	0.562	0.603	0.554	0.54	0.525	0.511	0.461	0.459	0.434	0.413	0.431	0.408	0.396	0.365	0.327	0.338	0.329	0.272	0.225	0.211	0.193	0.167	0.202	0.163	0.14	0.119	0.118	0.084	0.075	0.056	0.041	0.021	0.028	0.019	0.018	0.015	0.009	0.004	0.005	0.003	
0.763	0.759	0.724	0.695	0.661	0.651	0.633	0.587	0.559	0.551	0.533	0.488	0.46	0.427	0.411	0.387	0.391	0.348	0.309	0.261	0.288	0.273	0.226	0.241	0.18	0.203	0.193	0.16	0.151	0.124	0.122	0.12	0.119	0.09	0.096	0.091	0.087	0.066	0.067	0.052	0.051	0.051	0.039	0.039	0.033	0.032	0.025	0.025	0.027	0.02	0.016	0.007	0.012	0.011	0.008	0.015	0.007	0.011	0.01	0.005	0.005	0.005	0.004	0.005	0.003	0.002	0.003	0.002	0.001	0.004	0.001	0.001	0	0	0	0	0.001	0	0	0.001	0.001	0	0	0	0	0	0	0	0	0	0	0	0	0	0	0	0	0	0	0	
0.636	0.596	0.565	0.563	0.525	0.499	0.501	0.475	0.471	0.473	0.421	0.443	0.437	0.403	0.358	0.357	0.369	0.363	0.353	0.3	0.281	0.269	0.277	0.264	0.253	0.219	0.206	0.209	0.175	0.219	0.188	0.184	0.17	0.145	0.139	0.137	0.13	0.122	0.107	0.111	0.087	0.082	0.068	0.076	0.057	0.072	0.055	0.047	0.053	0.058	0.059	0.041	0.056	0.038	0.043	0.035	0.024	0.032	0.015	0.022	0.028	0.015	0.017	0.018	0.012	0.015	0.009	0.011	0.006	0.008	0.008	0.007	0.005	0.001	0.002	0.001	0.002	0.001	0.002	0	0	0	0	0	0	0	0.001	0.001	0	0	0	0	0	0	0	0	0	0	0	0	
1	1	1	1	1	1	1	1	1	1	1	1	1	1	1	1	1	1	1	1	1	1	1	1	1	1	1	1	1	1	1	1	1	1	1	1	1	1	1	1	1	1	1	1	1	1	1	1	1	1	1	1	1	1	1	1	1	1	1	1	1	1	1	1	1	1	1	1	1	1	1	1	1	1	1	1	1	1	1	1	1	1	1	1	1	1	1	1	1	1	1	1	1	1	1	1	1	1	1	1	
1	1	1	1	1	1	1	1	1	1	1	1	1	1	1	1	1	1	1	1	1	1	1	1	1	1	1	1	1	1	1	1	1	1	1	1	0.999	1	1	1	1	1	1	1	1	1	1	1	1	1	1	1	1	0.999	1	1	1	1	0.999	1	1	1	0.999	0.999	1	0.999	1	0.999	0.998	0.999	1	1	0.999	1	1	0.999	1	0.999	0.999	0.999	0.998	0.999	1	1	1	0.999	0.999	0.999	0.999	0.999	0.999	0.998	0.999	0.996	0.997	0.998	0.999	0.996	0.993	0.997	
0.753	0.744	0.724	0.706	0.703	0.709	0.698	0.693	0.673	0.669	0.66	0.643	0.658	0.642	0.631	0.645	0.665	0.638	0.624	0.601	0.619	0.605	0.578	0.59	0.636	0.609	0.555	0.563	0.587	0.542	0.591	0.571	0.573	0.581	0.561	0.538	0.586	0.551	0.554	0.55	0.526	0.53	0.521	0.588	0.511	0.541	0.511	0.557	0.519	0.539	0.522	0.554	0.553	0.532	0.55	0.55	0.559	0.57	0.543	0.537	0.532	0.574	0.575	0.591	0.577	0.601	0.574	0.596	0.597	0.588	0.594	0.582	0.616	0.59	0.618	0.626	0.622	0.636	0.615	0.636	0.62	0.633	0.636	0.61	0.636	0.625	0.573	0.554	0.56	0.527	0.537	0.471	0.448	0.445	0.419	0.391	0.362	0.304	0.286	0.272	
0.537	0.533	0.535	0.522	0.498	0.509	0.455	0.473	0.461	0.45	0.425	0.429	0.428	0.408	0.409	0.41	0.38	0.357	0.359	0.407	0.36	0.357	0.34	0.331	0.327	0.32	0.358	0.292	0.322	0.329	0.308	0.264	0.322	0.264	0.278	0.257	0.278	0.26	0.26	0.25	0.216	0.22	0.218	0.231	0.203	0.215	0.193	0.205	0.192	0.148	0.182	0.182	0.175	0.156	0.168	0.148	0.155	0.148	0.146	0.127	0.129	0.126	0.127	0.116	0.108	0.114	0.114	0.098	0.095	0.092	0.09	0.075	0.063	0.077	0.072	0.064	0.061	0.061	0.054	0.062	0.059	0.043	0.038	0.041	0.037	0.045	0.043	0.035	0.035	0.036	0.045	0.03	0.017	0.027	0.023	0.012	0.01	0.005	0.006	0.008	
0.178	0.188	0.185	0.192	0.164	0.186	0.178	0.193	0.169	0.165	0.171	0.143	0.183	0.156	0.174	0.171	0.149	0.143	0.171	0.149	0.152	0.142	0.161	0.154	0.154	0.144	0.146	0.131	0.147	0.134	0.149	0.12	0.125	0.135	0.152	0.126	0.155	0.126	0.121	0.132	0.142	0.11	0.141	0.122	0.121	0.113	0.113	0.11	0.123	0.125	0.103	0.117	0.102	0.101	0.11	0.085	0.091	0.085	0.093	0.077	0.098	0.086	0.093	0.07	0.087	0.065	0.078	0.057	0.065	0.063	0.053	0.062	0.045	0.055	0.043	0.052	0.044	0.038	0.037	0.036	0.038	0.024	0.029	0.024	0.036	0.023	0.017	0.017	0.01	0.02	0.013	0.016	0.006	0.012	0.005	0.005	0	0.002	0.003	0.001	
0.406	0.384	0.354	0.323	0.323	0.286	0.25	0.245	0.231	0.178	0.199	0.164	0.145	0.13	0.111	0.112	0.11	0.083	0.066	0.069	0.057	0.058	0.06	0.044	0.03	0.037	0.022	0.023	0.013	0.02	0.012	0.011	0.013	0.014	0.007	0.006	0.008	0.002	0.003	0.003	0.005	0.002	0.002	0.002	0	0.005	0	0.003	0.002	0.001	0.001	0	0	0.001	0	0	0	0	0	0	0	0	0	0	0	0	0	0	0	0	0	0	0	0	0	0	0	0	0	0	0	0	0	0	0	0	0	0	0	0	0	0	0	0	0	0	0	0	0	0	
0.559	0.545	0.516	0.477	0.466	0.453	0.415	0.438	0.388	0.332	0.346	0.345	0.273	0.265	0.252	0.256	0.24	0.235	0.219	0.183	0.164	0.176	0.141	0.145	0.127	0.137	0.116	0.11	0.092	0.081	0.085	0.088	0.088	0.07	0.058	0.066	0.059	0.046	0.049	0.038	0.049	0.031	0.025	0.032	0.028	0.024	0.028	0.025	0.027	0.015	0.008	0.008	0.01	0.01	0.012	0.013	0.009	0.005	0.009	0.005	0.002	0.005	0.001	0	0.003	0.004	0.002	0.005	0.004	0	0.002	0.001	0.001	0	0	0	0.002	0.001	0	0.001	0	0	0.001	0.001	0	0	0	0	0	0	0	0	0	0	0	0	0	0	0	0	
1	1	1	1	1	1	1	1	1	1	1	1	1	1	1	1	1	1	1	1	1	1	1	1	1	1	1	1	1	1	1	1	1	1	1	1	1	1	1	1	1	1	1	1	1	1	1	1	1	1	1	1	1	1	1	1	1	1	1	1	1	1	1	1	1	1	1	1	1	1	1	1	1	1	1	1	1	1	1	1	1	1	1	1	1	1	1	1	1	1	1	1	1	1	1	1	1	1	1	1	
0.704	0.701	0.709	0.676	0.683	0.712	0.684	0.678	0.672	0.653	0.666	0.686	0.667	0.642	0.657	0.661	0.645	0.621	0.625	0.601	0.603	0.598	0.58	0.583	0.514	0.549	0.522	0.523	0.489	0.484	0.46	0.429	0.418	0.382	0.37	0.365	0.32	0.323	0.302	0.282	0.256	0.229	0.233	0.219	0.184	0.167	0.168	0.158	0.148	0.127	0.129	0.097	0.083	0.089	0.069	0.077	0.071	0.064	0.057	0.067	0.045	0.049	0.042	0.032	0.031	0.026	0.027	0.036	0.019	0.018	0.024	0.017	0.022	0.019	0.015	0.015	0.011	0.014	0.014	0.013	0.008	0.015	0.011	0.004	0.01	0.004	0.009	0.008	0.009	0.006	0.009	0.004	0.009	0.007	0.005	0.01	0.016	0.009	0.011	0.004	
0.042	0.027	0.023	0.02	0.024	0.019	0.019	0.014	0.014	0.016	0.004	0.006	0.007	0.006	0.008	0.007	0.004	0.004	0.004	0.002	0.003	0.002	0.002	0	0.002	0.002	0.002	0.001	0.004	0.001	0	0	0.001	0	0	0.001	0.001	0	0	0	0.001	0	0	0	0	0.002	0	0	0	0.001	0	0	0.001	0	0	0	0	0.001	0	0	0	0	0	0	0	0	0	0	0	0	0	0	0	0	0	0	0	0	0	0	0	0	0	0	0	0	0	0	0	0	0	0	0	0	0	0	0	0	0	0	
0.999	0.999	1	0.996	0.999	1	0.997	0.998	0.998	0.997	0.998	0.998	0.996	0.996	0.995	0.992	0.998	0.996	0.995	0.991	0.993	0.995	0.991	0.99	0.989	0.986	0.987	0.984	0.977	0.982	0.981	0.972	0.974	0.978	0.959	0.967	0.959	0.96	0.939	0.937	0.932	0.936	0.934	0.911	0.933	0.899	0.886	0.902	0.856	0.872	0.858	0.854	0.848	0.827	0.84	0.802	0.798	0.792	0.794	0.783	0.777	0.751	0.738	0.698	0.702	0.69	0.683	0.652	0.66	0.635	0.613	0.617	0.592	0.569	0.582	0.539	0.518	0.489	0.513	0.477	0.453	0.417	0.422	0.396	0.369	0.35	0.351	0.305	0.289	0.258	0.25	0.236	0.203	0.176	0.121	0.155	0.122	0.095	0.09	0.084	
0.419	0.408	0.388	0.405	0.376	0.37	0.348	0.332	0.31	0.3	0.336	0.303	0.288	0.287	0.266	0.267	0.262	0.237	0.216	0.208	0.219	0.233	0.192	0.173	0.176	0.191	0.148	0.136	0.123	0.146	0.115	0.125	0.093	0.101	0.11	0.088	0.071	0.076	0.077	0.065	0.07	0.064	0.053	0.05	0.026	0.039	0.035	0.029	0.04	0.028	0.021	0.019	0.017	0.015	0.02	0.016	0.016	0.013	0.004	0.009	0.006	0.008	0.012	0.009	0.007	0.004	0.005	0.004	0.004	0.003	0.003	0.002	0.001	0.001	0	0	0	0.001	0.001	0	0.001	0	0	0	0	0	0	0	0	0	0	0	0	0	0	0	0	0	0	0	
0.974	0.98	0.978	0.976	0.977	0.979	0.972	0.971	0.97	0.969	0.96	0.964	0.962	0.958	0.958	0.952	0.954	0.945	0.934	0.942	0.934	0.931	0.927	0.913	0.92	0.927	0.902	0.897	0.911	0.895	0.895	0.872	0.869	0.883	0.849	0.864	0.849	0.864	0.837	0.845	0.834	0.83	0.807	0.788	0.795	0.809	0.764	0.763	0.748	0.75	0.759	0.738	0.732	0.679	0.716	0.696	0.695	0.704	0.679	0.681	0.65	0.657	0.657	0.634	0.637	0.593	0.596	0.589	0.584	0.571	0.605	0.543	0.53	0.524	0.5	0.484	0.463	0.42	0.467	0.441	0.38	0.391	0.375	0.357	0.311	0.318	0.274	0.231	0.249	0.213	0.172	0.161	0.154	0.111	0.096	0.084	0.074	0.066	0.038	0.031	
0.997	0.999	0.996	0.996	0.994	0.993	0.994	0.991	0.992	0.993	0.994	0.983	0.988	0.992	0.982	0.988	0.976	0.979	0.971	0.977	0.977	0.961	0.956	0.952	0.956	0.952	0.944	0.942	0.943	0.944	0.933	0.94	0.908	0.891	0.875	0.859	0.856	0.855	0.856	0.86	0.791	0.793	0.783	0.759	0.769	0.732	0.733	0.694	0.677	0.648	0.61	0.614	0.585	0.53	0.527	0.497	0.498	0.444	0.428	0.42	0.372	0.343	0.351	0.328	0.284	0.292	0.263	0.239	0.205	0.197	0.187	0.202	0.155	0.155	0.155	0.117	0.116	0.102	0.099	0.1	0.082	0.078	0.071	0.059	0.076	0.068	0.065	0.051	0.058	0.045	0.04	0.043	0.046	0.039	0.042	0.039	0.037	0.04	0.031	0.033	
1	1	1	1	1	1	1	1	1	1	1	1	1	1	1	0.999	1	1	0.999	0.999	1	0.998	0.999	0.998	0.996	0.996	0.996	0.996	0.998	0.996	0.993	0.993	0.993	0.994	0.993	0.987	0.993	0.989	0.981	0.985	0.983	0.987	0.981	0.974	0.959	0.976	0.965	0.963	0.964	0.96	0.955	0.945	0.945	0.941	0.935	0.932	0.916	0.919	0.903	0.899	0.893	0.871	0.865	0.886	0.881	0.846	0.828	0.816	0.829	0.806	0.812	0.798	0.78	0.762	0.749	0.757	0.747	0.718	0.736	0.717	0.689	0.677	0.674	0.652	0.649	0.612	0.591	0.582	0.575	0.56	0.549	0.491	0.5	0.487	0.45	0.417	0.401	0.384	0.342	0.336	
1	1	1	1	1	1	0.999	1	1	1	1	1	1	1	1	1	1	1	1	1	0.999	1	1	1	0.999	1	1	0.999	0.999	0.999	0.997	0.997	0.996	0.997	0.997	0.991	0.993	0.994	0.989	0.983	0.982	0.988	0.978	0.976	0.961	0.959	0.958	0.957	0.941	0.947	0.94	0.947	0.921	0.938	0.905	0.898	0.901	0.887	0.874	0.861	0.873	0.851	0.87	0.816	0.81	0.8	0.817	0.808	0.76	0.758	0.752	0.73	0.702	0.723	0.706	0.662	0.662	0.63	0.62	0.576	0.573	0.546	0.553	0.518	0.514	0.468	0.451	0.418	0.405	0.362	0.347	0.328	0.307	0.289	0.233	0.233	0.194	0.167	0.166	0.111	
1	1	1	1	1	1	1	1	1	1	1	1	1	1	1	1	1	1	1	1	1	1	1	1	1	1	1	0.999	1	1	1	1	1	1	0.993	0.999	0.997	0.998	0.997	0.998	0.997	0.996	0.994	0.995	0.991	0.995	0.986	0.988	0.986	0.988	0.989	0.978	0.98	0.984	0.974	0.959	0.961	0.973	0.961	0.946	0.955	0.954	0.946	0.955	0.963	0.956	0.933	0.93	0.917	0.905	0.921	0.922	0.916	0.906	0.916	0.915	0.886	0.899	0.895	0.887	0.893	0.863	0.858	0.854	0.863	0.833	0.841	0.783	0.79	0.784	0.748	0.693	0.685	0.644	0.595	0.543	0.493	0.46	0.406	0.392	
0.249	0.218	0.23	0.219	0.203	0.187	0.195	0.194	0.172	0.16	0.13	0.135	0.139	0.138	0.134	0.127	0.121	0.117	0.108	0.1	0.092	0.081	0.066	0.096	0.083	0.075	0.075	0.062	0.068	0.049	0.054	0.051	0.043	0.056	0.044	0.035	0.049	0.045	0.032	0.023	0.025	0.038	0.033	0.026	0.027	0.023	0.031	0.022	0.019	0.022	0.023	0.023	0.015	0.021	0.023	0.012	0.024	0.011	0.014	0.013	0.018	0.015	0.011	0.009	0.014	0.013	0.012	0.015	0.005	0.007	0.01	0.006	0.01	0.005	0.006	0.006	0.006	0.001	0.005	0.002	0.003	0.001	0.004	0.003	0.001	0	0.002	0	0.001	0	0	0	0	0	0	0	0	0	0	0	
0.981	0.991	0.982	0.977	0.964	0.949	0.957	0.93	0.929	0.923	0.88	0.868	0.906	0.861	0.817	0.816	0.83	0.785	0.804	0.758	0.75	0.74	0.709	0.695	0.69	0.637	0.608	0.612	0.575	0.627	0.554	0.533	0.507	0.503	0.471	0.411	0.4	0.426	0.375	0.394	0.351	0.327	0.288	0.273	0.25	0.234	0.219	0.179	0.188	0.189	0.153	0.136	0.112	0.093	0.095	0.101	0.075	0.081	0.075	0.06	0.057	0.053	0.062	0.04	0.024	0.044	0.037	0.029	0.03	0.022	0.019	0.025	0.02	0.024	0.018	0.015	0.006	0.011	0.015	0.013	0.01	0.007	0.006	0.009	0.017	0.013	0.002	0.003	0.007	0.004	0.007	0.008	0.003	0.006	0.004	0.004	0.003	0.002	0.002	0.002	
1	1	1	1	1	1	1	1	1	1	1	1	1	1	1	1	1	1	1	1	1	1	1	1	1	1	1	1	1	1	1	1	1	1	1	1	1	1	1	1	0.999	1	0.998	0.999	0.999	1	0.996	0.999	0.997	0.998	1	0.998	0.999	0.996	0.989	0.994	0.988	0.985	0.982	0.981	0.978	0.973	0.973	0.972	0.977	0.961	0.964	0.959	0.96	0.954	0.951	0.943	0.928	0.936	0.935	0.928	0.899	0.896	0.899	0.885	0.88	0.842	0.845	0.858	0.835	0.809	0.812	0.755	0.75	0.741	0.697	0.658	0.621	0.589	0.541	0.466	0.396	0.371	0.344	0.279	
0.997	1	0.997	0.995	1	0.997	0.997	0.996	0.999	0.997	0.998	0.997	0.998	0.997	0.996	0.999	0.996	0.997	0.996	0.993	0.997	0.994	0.992	0.995	0.995	0.996	0.989	0.995	0.991	0.985	0.991	0.988	0.989	0.983	0.982	0.988	0.976	0.988	0.98	0.98	0.976	0.97	0.973	0.97	0.969	0.973	0.972	0.967	0.96	0.956	0.955	0.957	0.954	0.953	0.937	0.94	0.931	0.936	0.921	0.921	0.918	0.927	0.924	0.881	0.903	0.885	0.899	0.863	0.862	0.867	0.876	0.83	0.833	0.823	0.822	0.782	0.792	0.789	0.783	0.768	0.744	0.764	0.696	0.72	0.717	0.695	0.665	0.66	0.617	0.602	0.629	0.567	0.528	0.534	0.504	0.497	0.472	0.415	0.425	0.387	
0.84	0.85	0.799	0.816	0.799	0.801	0.784	0.798	0.8	0.789	0.802	0.804	0.775	0.8	0.772	0.792	0.806	0.76	0.799	0.775	0.78	0.794	0.779	0.796	0.774	0.786	0.769	0.781	0.794	0.771	0.796	0.8	0.782	0.803	0.786	0.799	0.821	0.823	0.814	0.81	0.827	0.791	0.818	0.815	0.836	0.815	0.811	0.835	0.828	0.834	0.831	0.844	0.818	0.855	0.841	0.807	0.794	0.8	0.799	0.813	0.789	0.807	0.764	0.746	0.746	0.755	0.714	0.714	0.705	0.66	0.606	0.619	0.6	0.573	0.561	0.527	0.519	0.457	0.445	0.401	0.387	0.355	0.313	0.277	0.253	0.234	0.208	0.19	0.167	0.147	0.117	0.101	0.086	0.053	0.036	0.05	0.036	0.016	0.024	0.009	
1	1	1	1	1	1	1	1	1	1	1	1	0.999	0.998	0.999	1	1	0.999	0.997	0.996	0.995	0.995	0.993	0.989	0.991	0.989	0.987	0.986	0.98	0.981	0.959	0.977	0.958	0.955	0.959	0.946	0.949	0.932	0.929	0.926	0.917	0.91	0.884	0.887	0.851	0.838	0.828	0.848	0.797	0.788	0.747	0.756	0.722	0.706	0.7	0.693	0.657	0.645	0.636	0.602	0.562	0.577	0.542	0.507	0.491	0.474	0.48	0.396	0.403	0.382	0.374	0.33	0.334	0.307	0.307	0.265	0.236	0.187	0.196	0.173	0.161	0.183	0.152	0.131	0.122	0.101	0.081	0.064	0.061	0.06	0.053	0.039	0.025	0.025	0.02	0.013	0.013	0.015	0.007	0.007	
0.603	0.621	0.595	0.584	0.568	0.547	0.557	0.558	0.525	0.5	0.47	0.482	0.466	0.46	0.445	0.453	0.398	0.396	0.385	0.354	0.349	0.367	0.326	0.332	0.319	0.298	0.276	0.278	0.246	0.256	0.237	0.219	0.208	0.185	0.199	0.18	0.167	0.17	0.148	0.141	0.131	0.12	0.129	0.102	0.107	0.083	0.071	0.095	0.078	0.074	0.061	0.049	0.053	0.051	0.049	0.051	0.036	0.031	0.03	0.025	0.033	0.033	0.033	0.025	0.011	0.021	0.015	0.017	0.018	0.016	0.013	0.013	0.011	0.012	0.013	0.007	0.005	0.005	0.001	0.004	0.001	0.005	0.002	0.004	0	0.002	0.001	0	0.002	0	0	0	0	0	0	0	0	0	0	0	
0.461	0.425	0.409	0.381	0.386	0.36	0.338	0.349	0.319	0.301	0.294	0.292	0.28	0.246	0.255	0.245	0.23	0.252	0.235	0.223	0.19	0.216	0.195	0.183	0.177	0.166	0.164	0.163	0.17	0.162	0.139	0.146	0.156	0.129	0.114	0.124	0.127	0.109	0.101	0.108	0.096	0.101	0.095	0.095	0.087	0.079	0.087	0.087	0.08	0.068	0.074	0.068	0.071	0.069	0.061	0.057	0.062	0.066	0.06	0.057	0.052	0.046	0.041	0.038	0.044	0.036	0.025	0.023	0.039	0.033	0.031	0.024	0.025	0.028	0.02	0.016	0.021	0.021	0.015	0.019	0.008	0.008	0.01	0.005	0.007	0.005	0.006	0.004	0.002	0.005	0	0.001	0.001	0.001	0.001	0	0.002	0	0	0	
1	1	1	1	1	1	1	1	1	1	1	1	1	0.999	1	1	1	1	1	1	1	1	1	1	1	1	0.999	0.999	0.999	1	0.998	1	0.998	0.997	0.998	0.995	0.997	0.994	0.986	0.991	0.984	0.991	0.984	0.987	0.979	0.967	0.972	0.97	0.968	0.969	0.967	0.955	0.952	0.946	0.943	0.938	0.925	0.936	0.911	0.917	0.918	0.903	0.891	0.881	0.876	0.882	0.882	0.854	0.865	0.838	0.865	0.824	0.81	0.81	0.809	0.775	0.771	0.755	0.75	0.748	0.736	0.722	0.701	0.678	0.666	0.645	0.618	0.625	0.575	0.57	0.516	0.478	0.484	0.448	0.439	0.372	0.335	0.308	0.299	0.254	
0.995	0.985	0.991	0.985	0.991	0.989	0.984	0.982	0.982	0.989	0.983	0.981	0.981	0.975	0.972	0.97	0.971	0.979	0.967	0.972	0.967	0.962	0.956	0.949	0.943	0.948	0.929	0.937	0.942	0.941	0.92	0.919	0.921	0.922	0.905	0.896	0.897	0.88	0.871	0.872	0.868	0.853	0.848	0.852	0.85	0.828	0.833	0.796	0.794	0.785	0.754	0.79	0.73	0.74	0.729	0.712	0.678	0.705	0.674	0.711	0.673	0.68	0.676	0.634	0.64	0.6	0.591	0.556	0.6	0.567	0.578	0.569	0.534	0.577	0.518	0.531	0.511	0.524	0.514	0.491	0.501	0.461	0.475	0.443	0.442	0.438	0.432	0.38	0.386	0.366	0.345	0.34	0.332	0.305	0.267	0.246	0.229	0.199	0.202	0.197	
1	1	1	1	1	1	1	1	1	1	1	0.997	0.999	1	1	0.997	1	0.999	0.999	0.994	0.997	0.995	0.999	0.999	0.993	0.989	0.987	0.985	0.982	0.983	0.983	0.978	0.974	0.972	0.966	0.953	0.959	0.952	0.95	0.933	0.923	0.944	0.896	0.911	0.874	0.875	0.862	0.836	0.827	0.83	0.803	0.774	0.772	0.71	0.706	0.715	0.68	0.664	0.606	0.629	0.573	0.531	0.551	0.498	0.448	0.453	0.422	0.364	0.375	0.336	0.311	0.291	0.271	0.271	0.22	0.213	0.185	0.168	0.167	0.126	0.124	0.119	0.108	0.087	0.105	0.069	0.052	0.066	0.044	0.043	0.043	0.034	0.026	0.024	0.024	0.031	0.021	0.015	0.02	0.013	
1	1	1	1	1	1	1	1	1	1	1	1	1	1	0.999	1	0.999	1	0.998	0.998	0.998	0.997	0.999	0.993	0.999	0.995	0.997	0.997	0.992	0.991	0.991	0.987	0.982	0.979	0.979	0.979	0.978	0.968	0.979	0.969	0.959	0.958	0.949	0.94	0.933	0.931	0.92	0.908	0.901	0.905	0.874	0.859	0.855	0.827	0.804	0.799	0.79	0.777	0.732	0.74	0.687	0.693	0.673	0.629	0.622	0.57	0.549	0.523	0.478	0.492	0.464	0.427	0.38	0.379	0.339	0.321	0.311	0.28	0.254	0.245	0.205	0.175	0.157	0.17	0.134	0.13	0.113	0.11	0.089	0.072	0.088	0.061	0.047	0.054	0.026	0.044	0.038	0.039	0.017	0.023	
0.666	0.654	0.68	0.661	0.597	0.602	0.594	0.58	0.564	0.545	0.551	0.558	0.532	0.536	0.514	0.531	0.488	0.479	0.471	0.466	0.442	0.462	0.417	0.383	0.411	0.376	0.392	0.352	0.382	0.346	0.32	0.307	0.323	0.286	0.289	0.258	0.263	0.26	0.253	0.26	0.232	0.237	0.229	0.196	0.198	0.177	0.181	0.16	0.169	0.149	0.146	0.165	0.123	0.118	0.127	0.125	0.118	0.1	0.101	0.096	0.099	0.069	0.09	0.091	0.084	0.054	0.058	0.062	0.051	0.049	0.047	0.044	0.05	0.025	0.038	0.034	0.037	0.023	0.027	0.012	0.013	0.018	0.024	0.024	0.021	0.019	0.016	0.013	0.006	0.011	0.016	0.007	0.007	0.013	0.01	0.006	0.005	0.006	0.005	0.005	
1	1	1	1	1	1	1	1	1	1	1	1	1	1	1	1	1	1	1	1	1	1	1	1	1	1	1	1	0.999	0.997	1	0.998	0.999	0.999	0.998	1	0.995	0.995	0.996	0.993	0.985	0.988	0.982	0.979	0.982	0.977	0.97	0.968	0.957	0.961	0.942	0.954	0.922	0.941	0.923	0.911	0.905	0.892	0.882	0.873	0.872	0.836	0.825	0.819	0.771	0.793	0.785	0.759	0.747	0.711	0.692	0.716	0.689	0.649	0.658	0.635	0.613	0.61	0.588	0.574	0.567	0.539	0.536	0.529	0.529	0.485	0.491	0.469	0.459	0.453	0.427	0.423	0.461	0.41	0.414	0.429	0.458	0.4	0.416	0.385	
1	1	1	1	1	1	1	1	1	1	1	1	1	1	1	1	1	1	1	1	1	1	1	1	1	1	1	1	1	1	1	1	1	1	1	1	1	1	1	1	1	1	0.999	0.999	1	1	1	1	0.998	0.998	0.998	0.999	1	0.998	0.998	0.998	0.998	0.995	0.993	1	0.995	0.99	0.996	0.993	0.992	0.988	0.982	0.983	0.979	0.986	0.981	0.975	0.974	0.973	0.957	0.952	0.959	0.937	0.933	0.933	0.932	0.912	0.883	0.851	0.852	0.834	0.811	0.753	0.736	0.719	0.675	0.599	0.632	0.546	0.456	0.424	0.393	0.295	0.272	0.206	
0.3	0.304	0.301	0.317	0.303	0.33	0.289	0.329	0.338	0.33	0.361	0.355	0.351	0.376	0.366	0.364	0.383	0.375	0.405	0.367	0.379	0.417	0.415	0.379	0.423	0.383	0.422	0.424	0.406	0.398	0.431	0.417	0.427	0.458	0.459	0.444	0.483	0.488	0.486	0.477	0.452	0.495	0.489	0.486	0.479	0.487	0.475	0.487	0.465	0.463	0.49	0.481	0.486	0.455	0.426	0.458	0.463	0.47	0.453	0.44	0.423	0.437	0.44	0.41	0.408	0.428	0.404	0.383	0.394	0.388	0.384	0.362	0.36	0.344	0.308	0.3	0.289	0.299	0.285	0.278	0.289	0.255	0.27	0.253	0.25	0.229	0.25	0.208	0.237	0.224	0.228	0.197	0.186	0.172	0.153	0.148	0.116	0.09	0.092	0.071	
1	1	1	1	1	1	1	0.999	1	1	1	1	0.999	1	1	0.999	1	0.999	1	1	1	1	0.998	0.999	0.999	1	1	0.999	0.996	0.997	0.992	0.997	0.996	0.992	0.992	0.989	0.992	0.994	0.991	0.983	0.985	0.985	0.983	0.974	0.976	0.971	0.97	0.963	0.962	0.958	0.957	0.939	0.927	0.92	0.919	0.899	0.902	0.886	0.884	0.871	0.845	0.807	0.794	0.808	0.761	0.757	0.726	0.731	0.648	0.631	0.616	0.574	0.579	0.535	0.482	0.466	0.411	0.404	0.337	0.297	0.287	0.249	0.232	0.189	0.193	0.146	0.125	0.117	0.087	0.061	0.05	0.044	0.032	0.023	0.019	0.022	0.013	0.007	0.007	0.005	
1	1	0.999	1	1	0.998	0.998	0.998	1	0.993	0.997	0.999	0.995	0.995	0.995	0.991	0.993	0.992	0.984	0.994	0.988	0.985	0.988	0.98	0.979	0.98	0.972	0.972	0.974	0.96	0.968	0.946	0.943	0.943	0.935	0.928	0.924	0.915	0.908	0.894	0.874	0.856	0.854	0.862	0.81	0.825	0.815	0.793	0.757	0.764	0.789	0.742	0.734	0.7	0.704	0.672	0.67	0.655	0.618	0.635	0.572	0.541	0.527	0.508	0.496	0.443	0.446	0.42	0.425	0.369	0.33	0.324	0.306	0.306	0.269	0.279	0.246	0.209	0.195	0.182	0.18	0.152	0.117	0.119	0.12	0.106	0.081	0.083	0.057	0.053	0.045	0.039	0.027	0.028	0.029	0.012	0.014	0.008	0.008	0.008	
1	0.999	1	0.999	0.999	0.999	1	0.999	1	0.997	1	1	0.998	1	1	1	0.998	0.997	0.999	0.999	0.998	0.997	0.999	0.997	0.997	0.998	0.997	0.996	0.994	0.991	0.995	0.996	0.994	0.99	0.987	0.987	0.992	0.988	0.979	0.98	0.977	0.973	0.983	0.97	0.98	0.964	0.952	0.958	0.958	0.944	0.937	0.94	0.917	0.908	0.922	0.893	0.905	0.869	0.856	0.884	0.848	0.872	0.838	0.818	0.789	0.794	0.776	0.763	0.756	0.722	0.718	0.652	0.661	0.668	0.632	0.588	0.535	0.47	0.493	0.5	0.472	0.419	0.371	0.346	0.31	0.276	0.242	0.226	0.171	0.146	0.129	0.104	0.073	0.063	0.044	0.027	0.022	0.01	0.007	0.005	
0	0	0	0	0	0	0	0	0	0	0	0	0	0	0	0	0	0	0	0	0	0	0	0	0	0	0	0	0	0	0	0	0	0	0	0	0	0	0	0	0	0	0	0	0	0	0	0	0	0	0	0	0	0	0	0	0	0	0	0	0	0	0	0	0	0	0	0	0	0	0	0	0	0	0	0	0	0	0	0	0	0	0	0	0	0	0	0	0	0.001	0	0	0	0	0	0.003	0.003	0.004	0.005	0.001	
0.996	0.997	0.994	0.99	0.99	0.992	0.988	0.987	0.983	0.984	0.976	0.978	0.971	0.972	0.969	0.968	0.955	0.963	0.952	0.946	0.949	0.937	0.925	0.936	0.893	0.898	0.891	0.891	0.87	0.882	0.854	0.845	0.847	0.841	0.832	0.805	0.787	0.762	0.759	0.744	0.733	0.718	0.694	0.671	0.661	0.663	0.643	0.658	0.609	0.597	0.59	0.553	0.547	0.508	0.545	0.531	0.495	0.466	0.429	0.446	0.4	0.418	0.43	0.379	0.383	0.358	0.315	0.308	0.308	0.3	0.259	0.286	0.251	0.246	0.23	0.222	0.207	0.185	0.157	0.161	0.139	0.142	0.115	0.118	0.099	0.087	0.07	0.081	0.068	0.051	0.051	0.019	0.028	0.019	0.017	0.03	0.016	0.012	0.008	0.007	
1	1	1	1	1	1	1	1	1	1	1	1	1	1	1	1	1	1	1	1	1	1	1	1	1	1	1	1	1	1	1	1	1	1	1	1	0.999	1	0.999	1	0.999	0.999	0.998	0.999	0.998	1	0.997	0.999	0.998	0.998	0.999	0.999	0.999	0.999	0.999	0.997	0.996	0.996	0.998	0.995	0.994	0.995	0.994	0.994	0.988	0.993	0.99	0.988	0.985	0.989	0.99	0.984	0.983	0.979	0.983	0.973	0.977	0.979	0.967	0.964	0.964	0.958	0.951	0.942	0.94	0.923	0.945	0.923	0.914	0.881	0.878	0.879	0.872	0.852	0.817	0.803	0.778	0.759	0.728	0.674	
0.464	0.462	0.451	0.413	0.356	0.383	0.362	0.35	0.367	0.339	0.331	0.322	0.319	0.286	0.266	0.257	0.265	0.22	0.227	0.216	0.235	0.202	0.2	0.209	0.181	0.162	0.173	0.138	0.164	0.151	0.131	0.127	0.124	0.125	0.136	0.12	0.114	0.095	0.078	0.1	0.094	0.086	0.076	0.065	0.065	0.044	0.053	0.053	0.052	0.046	0.051	0.045	0.048	0.044	0.038	0.043	0.024	0.037	0.031	0.03	0.019	0.026	0.02	0.024	0.019	0.022	0.022	0.026	0.013	0.017	0.018	0.02	0.021	0.011	0.014	0.018	0.011	0.017	0.017	0.012	0.014	0.015	0.015	0.013	0.01	0.011	0.012	0.013	0.017	0.012	0.011	0.011	0.013	0.012	0.012	0.008	0.012	0.011	0.008	0.012	
0.996	0.992	0.98	0.975	0.967	0.959	0.942	0.937	0.918	0.901	0.893	0.867	0.852	0.827	0.808	0.773	0.77	0.738	0.7	0.689	0.668	0.631	0.635	0.612	0.589	0.564	0.556	0.561	0.534	0.495	0.491	0.459	0.448	0.417	0.38	0.41	0.354	0.366	0.335	0.314	0.329	0.264	0.26	0.249	0.243	0.24	0.238	0.217	0.195	0.167	0.163	0.156	0.131	0.13	0.129	0.119	0.1	0.098	0.089	0.076	0.062	0.071	0.057	0.055	0.052	0.04	0.036	0.036	0.032	0.024	0.033	0.019	0.02	0.021	0.015	0.007	0.011	0.008	0.01	0.006	0.007	0.002	0.003	0.005	0.002	0.002	0.001	0	0.001	0.001	0.003	0.001	0	0	0.001	0	0	0	0	0.001	
0.981	0.972	0.976	0.972	0.963	0.96	0.962	0.937	0.93	0.905	0.916	0.894	0.883	0.887	0.882	0.84	0.797	0.824	0.786	0.764	0.747	0.735	0.737	0.691	0.663	0.671	0.603	0.596	0.601	0.588	0.556	0.518	0.47	0.467	0.438	0.444	0.405	0.397	0.355	0.333	0.317	0.31	0.289	0.266	0.274	0.241	0.228	0.205	0.183	0.185	0.17	0.144	0.15	0.134	0.122	0.091	0.094	0.078	0.068	0.066	0.062	0.054	0.054	0.041	0.032	0.032	0.024	0.024	0.015	0.015	0.013	0.009	0.006	0.005	0.005	0.003	0.004	0.003	0	0	0.001	0	0	0.001	0	0	0	0.001	0	0	0	0	0	0	0	0	0	0	0	0	
0.862	0.867	0.865	0.862	0.851	0.827	0.847	0.838	0.811	0.815	0.795	0.801	0.792	0.781	0.788	0.791	0.771	0.769	0.782	0.748	0.758	0.735	0.737	0.733	0.714	0.737	0.719	0.717	0.705	0.672	0.697	0.679	0.697	0.668	0.66	0.676	0.653	0.667	0.651	0.655	0.636	0.617	0.622	0.613	0.589	0.616	0.624	0.622	0.601	0.582	0.587	0.598	0.601	0.56	0.548	0.575	0.553	0.55	0.559	0.544	0.569	0.529	0.558	0.536	0.515	0.524	0.523	0.534	0.493	0.491	0.502	0.504	0.467	0.503	0.498	0.485	0.466	0.458	0.43	0.45	0.416	0.434	0.447	0.428	0.413	0.355	0.373	0.36	0.347	0.317	0.3	0.308	0.267	0.262	0.241	0.22	0.213	0.193	0.189	0.176	
0.996	0.996	0.993	0.995	0.993	0.992	0.981	0.993	0.984	0.986	0.982	0.975	0.973	0.981	0.973	0.97	0.966	0.964	0.951	0.952	0.945	0.951	0.934	0.934	0.917	0.917	0.913	0.893	0.896	0.886	0.872	0.875	0.853	0.842	0.818	0.824	0.807	0.767	0.783	0.742	0.757	0.713	0.718	0.704	0.695	0.671	0.664	0.661	0.637	0.623	0.601	0.619	0.538	0.574	0.55	0.515	0.524	0.501	0.508	0.486	0.48	0.484	0.451	0.465	0.413	0.396	0.401	0.389	0.354	0.363	0.387	0.33	0.354	0.335	0.345	0.323	0.308	0.313	0.281	0.274	0.266	0.246	0.27	0.223	0.206	0.197	0.229	0.197	0.196	0.203	0.177	0.182	0.172	0.136	0.161	0.156	0.141	0.138	0.106	0.13	
0.019	0.019	0.016	0.01	0.009	0.011	0.015	0.021	0.01	0.013	0.007	0.012	0.007	0.008	0.006	0.009	0.01	0.003	0.003	0.003	0.008	0.003	0.007	0.01	0.007	0.004	0.007	0	0.004	0.002	0.003	0.004	0.002	0.005	0.004	0.005	0.002	0.004	0.002	0.001	0.001	0.003	0	0.002	0.004	0	0.002	0	0.002	0.003	0	0	0	0	0.001	0	0	0	0	0.001	0.002	0	0	0.001	0	0	0	0.001	0.001	0.001	0	0	0	0	0	0	0	0	0.001	0	0	0.001	0.001	0.001	0.001	0.001	0.001	0.002	0	0.004	0.003	0.004	0.004	0.001	0.009	0.006	0.004	0.008	0.008	0.005	
0.988	0.997	0.989	0.986	0.993	0.983	0.975	0.973	0.974	0.978	0.964	0.962	0.964	0.961	0.962	0.957	0.949	0.95	0.942	0.935	0.939	0.928	0.906	0.911	0.922	0.899	0.906	0.888	0.89	0.895	0.87	0.849	0.863	0.861	0.833	0.824	0.811	0.822	0.824	0.844	0.782	0.777	0.803	0.762	0.766	0.763	0.73	0.733	0.745	0.734	0.7	0.702	0.676	0.663	0.641	0.632	0.612	0.629	0.582	0.589	0.569	0.556	0.552	0.557	0.514	0.501	0.448	0.495	0.472	0.426	0.408	0.404	0.389	0.351	0.373	0.334	0.301	0.306	0.278	0.239	0.241	0.218	0.228	0.163	0.174	0.154	0.129	0.133	0.105	0.124	0.079	0.104	0.085	0.074	0.055	0.058	0.047	0.05	0.047	0.036	
1	1	1	1	1	1	1	1	1	1	1	1	1	1	1	1	1	1	1	1	1	1	1	1	1	0.999	0.999	1	0.999	0.999	0.998	0.999	0.998	0.997	0.998	0.996	0.996	0.995	0.992	0.996	0.991	0.989	0.989	0.985	0.987	0.984	0.983	0.977	0.98	0.965	0.96	0.965	0.97	0.946	0.952	0.933	0.939	0.94	0.896	0.92	0.915	0.902	0.874	0.882	0.853	0.862	0.856	0.807	0.836	0.799	0.801	0.793	0.759	0.772	0.725	0.722	0.712	0.716	0.7	0.686	0.661	0.62	0.618	0.615	0.592	0.579	0.59	0.545	0.528	0.525	0.486	0.468	0.458	0.415	0.398	0.393	0.373	0.324	0.327	0.298	
1	0.999	1	1	1	1	1	1	1	1	1	1	1	1	1	0.999	1	1	1	0.999	1	0.999	1	1	0.999	1	1	1	1	1	0.998	1	1	0.998	1	1	0.999	1	0.998	0.998	0.999	0.998	0.998	1	1	0.999	0.993	0.997	0.998	0.995	0.995	0.997	0.996	0.994	0.994	0.993	0.996	0.996	0.991	0.99	0.994	0.985	0.979	0.984	0.981	0.978	0.981	0.99	0.977	0.982	0.972	0.96	0.957	0.963	0.962	0.96	0.937	0.933	0.94	0.921	0.919	0.887	0.898	0.877	0.828	0.83	0.846	0.804	0.78	0.735	0.737	0.699	0.664	0.639	0.561	0.541	0.52	0.461	0.407	0.387	
1	1	1	1	1	0.999	1	1	1	1	1	1	0.999	1	1	1	1	1	1	0.997	0.996	0.999	0.997	0.998	0.996	0.997	0.997	0.992	0.993	0.99	0.989	0.988	0.994	0.987	0.981	0.984	0.989	0.979	0.98	0.982	0.976	0.974	0.968	0.966	0.97	0.96	0.958	0.955	0.958	0.94	0.944	0.951	0.943	0.921	0.918	0.928	0.911	0.908	0.92	0.909	0.895	0.901	0.886	0.866	0.852	0.848	0.847	0.821	0.836	0.803	0.811	0.777	0.752	0.746	0.707	0.68	0.676	0.646	0.607	0.572	0.563	0.522	0.448	0.44	0.379	0.341	0.325	0.3	0.263	0.215	0.175	0.147	0.092	0.107	0.081	0.045	0.031	0.021	0.015	0.011	
1	1	1	1	1	1	1	1	1	1	1	1	1	1	1	1	1	1	1	1	1	1	1	1	1	1	1	1	1	1	1	1	1	1	1	1	1	1	1	1	1	1	1	1	1	1	1	1	1	1	1	1	1	1	1	1	0.999	0.999	1	0.999	0.999	0.997	0.997	0.999	1	0.997	0.993	0.998	0.997	0.994	0.998	0.996	0.995	0.998	0.989	0.988	0.991	0.99	0.988	0.988	0.978	0.976	0.977	0.982	0.953	0.967	0.945	0.952	0.935	0.928	0.926	0.896	0.892	0.852	0.863	0.846	0.79	0.757	0.743	0.677	
