1	1	1	1	1	1	1	1	1	1	1	1	1	1	1	1	1	1	1	1	1	1	1	1	1	1	1	1	1	1	1	1	1	1	1	1	1	1	1	1	1	1	0.998	0.996	0.991	0.98	0.958	0.927	0.906	0.857	0.818	0.742	0.664	0.603	0.51	0.385	0.329	0.265	0.216	0.165	0.124	0.103	0.088	0.055	0.046	0.023	0.021	0.012	0.012	0.003	0.005	0.004	0.007	0.001	0.003	0	0	0.001	0	0.001	0	0	0	0	0	0	0	0	0	0	0	0	0	0	0	0	0	0	0	0	
1	1	1	1	1	1	1	1	1	1	1	1	1	1	1	1	1	1	1	1	1	1	1	1	0.999	1	0.998	0.996	0.996	0.991	0.975	0.968	0.935	0.908	0.873	0.815	0.74	0.654	0.577	0.489	0.446	0.375	0.322	0.247	0.2	0.166	0.134	0.096	0.07	0.057	0.051	0.035	0.026	0.026	0.009	0.013	0.004	0.003	0.004	0.004	0.001	0.001	0	0	0.001	0	0	0	0.001	0	0	0	0	0	0.001	0	0	0	0	0	0	0	0	0	0	0	0	0	0	0	0	0	0	0	0	0	0	0	0	0	
1	0.988	0.975	0.96	0.933	0.898	0.908	0.914	0.952	0.971	0.993	0.986	0.995	0.996	0.999	1	1	1	1	0.998	1	0.998	0.995	0.99	0.987	0.981	0.961	0.94	0.956	0.922	0.886	0.861	0.848	0.825	0.811	0.794	0.768	0.764	0.752	0.729	0.671	0.647	0.608	0.59	0.529	0.464	0.452	0.392	0.284	0.227	0.183	0.131	0.103	0.068	0.035	0.028	0.018	0.004	0.006	0	0.001	0	0	0	0	0	0	0	0	0	0	0	0	0	0	0	0	0	0	0	0	0	0	0	0	0	0	0	0	0	0	0	0	0	0	0	0	0	0	0	
1	0.999	0.981	0.877	0.664	0.484	0.325	0.179	0.122	0.054	0.027	0.013	0.012	0.007	0.006	0.004	0.003	0.003	0.002	0	0.001	0.001	0	0.001	0	0	0	0	0	0	0	0	0	0	0	0	0	0	0	0	0	0	0	0	0	0	0	0	0	0	0	0	0	0	0	0	0	0	0	0	0	0	0	0	0	0	0	0	0	0	0	0	0	0	0	0	0	0	0	0	0	0	0	0	0	0	0	0	0	0	0	0	0	0	0	0	0	0	0	0	
1	1	1	1	1	0.993	0.991	0.976	0.921	0.859	0.762	0.64	0.517	0.386	0.289	0.21	0.162	0.11	0.065	0.058	0.038	0.039	0.018	0.012	0.005	0.002	0.004	0.003	0.003	0	0	0	0	0	0	0	0	0	0	0	0	0	0	0	0	0	0	0	0	0	0	0	0	0	0	0	0	0	0	0	0	0	0	0	0	0	0	0	0	0	0	0	0	0	0	0	0	0	0	0	0	0	0	0	0	0	0	0	0	0	0	0	0	0	0	0	0	0	0	0	
1	1	1	0.996	0.987	0.971	0.958	0.966	0.965	0.973	0.962	0.961	0.935	0.867	0.832	0.764	0.684	0.591	0.545	0.422	0.322	0.272	0.22	0.162	0.124	0.106	0.054	0.04	0.022	0.016	0.008	0.006	0	0.002	0	0	0	0	0	0	0	0	0	0	0	0	0	0	0	0	0	0	0	0	0	0	0	0	0	0	0	0	0	0	0	0	0	0	0	0	0	0	0	0	0	0	0	0	0	0	0	0	0	0	0	0	0	0	0	0	0	0	0	0	0	0	0	0	0	0	
1	1	1	1	1	1	1	1	1	1	1	0.999	1	0.995	0.99	0.99	0.968	0.954	0.919	0.902	0.857	0.818	0.756	0.724	0.676	0.622	0.57	0.514	0.44	0.409	0.377	0.302	0.263	0.208	0.162	0.14	0.108	0.075	0.045	0.045	0.023	0.011	0.009	0.007	0.003	0	0.001	0.001	0	0.001	0	0	0	0	0	0	0	0	0	0	0	0	0	0	0	0	0	0	0	0	0	0	0	0	0	0	0	0	0	0	0	0	0	0	0	0	0	0	0	0	0	0	0	0	0	0	0	0	0	0	
1	1	1	1	1	1	1	1	1	1	1	1	1	1	0.999	1	1	0.998	0.994	0.997	0.986	0.977	0.963	0.947	0.931	0.902	0.885	0.831	0.772	0.74	0.667	0.626	0.567	0.47	0.448	0.387	0.338	0.288	0.244	0.218	0.146	0.132	0.085	0.083	0.059	0.057	0.031	0.022	0.014	0.013	0.01	0.008	0.007	0.003	0	0	0.001	0	0	0.001	0	0	0	0	0	0	0	0	0	0	0	0	0	0	0	0	0	0	0	0	0	0	0	0	0	0	0	0	0	0	0	0	0	0	0	0	0	0	0	0	
1	1	1	1	1	1	1	1	1	1	1	1	1	1	1	1	1	1	1	1	1	1	1	1	1	1	1	1	0.999	1	1	0.999	0.999	0.999	0.998	0.992	0.991	0.988	0.974	0.966	0.959	0.942	0.918	0.897	0.857	0.821	0.749	0.707	0.663	0.603	0.536	0.477	0.447	0.401	0.337	0.29	0.238	0.206	0.164	0.149	0.122	0.075	0.065	0.044	0.035	0.024	0.013	0.013	0.008	0.006	0.003	0.004	0	0.001	0	0	0	0	0	0	0	0	0	0	0	0	0	0	0	0	0	0	0	0	0	0	0	0	0	0	
0.999	0.969	0.933	0.947	0.936	0.976	0.981	0.992	0.995	0.997	0.999	1	0.999	0.999	0.998	1	0.999	0.998	0.997	0.998	0.996	0.995	0.991	0.996	0.99	0.987	0.983	0.989	0.984	0.969	0.959	0.957	0.945	0.926	0.915	0.899	0.891	0.845	0.809	0.762	0.748	0.702	0.681	0.641	0.592	0.534	0.509	0.441	0.423	0.373	0.354	0.284	0.253	0.222	0.186	0.164	0.131	0.116	0.067	0.063	0.043	0.037	0.028	0.02	0.011	0.012	0.009	0.002	0.002	0.001	0	0.001	0.001	0	0	0	0	0	0	0	0	0	0	0	0	0	0	0	0	0	0	0	0	0	0	0	0	0	0	0	
1	1	0.993	0.787	0.471	0.273	0.131	0.089	0.088	0.089	0.156	0.28	0.371	0.515	0.549	0.51	0.405	0.232	0.112	0.039	0.012	0.009	0	0	0	0	0	0	0	0	0	0	0	0	0	0	0	0	0	0	0	0	0	0	0	0	0	0	0	0	0	0	0	0	0	0	0	0	0	0	0	0	0	0	0	0	0	0	0	0	0	0	0	0	0	0	0	0	0	0	0	0	0	0	0	0	0	0	0	0	0	0	0	0	0	0	0	0	0	0	
1	1	0.999	0.975	0.92	0.913	0.919	0.946	0.955	0.972	0.969	0.953	0.881	0.718	0.457	0.269	0.134	0.035	0.015	0.013	0.001	0.001	0	0	0	0	0	0.001	0	0	0	0	0	0	0	0	0	0	0	0	0	0	0	0	0	0	0	0	0	0	0	0	0	0	0	0	0	0	0	0	0	0	0	0	0	0	0	0	0	0	0	0	0	0	0	0	0	0	0	0	0	0	0	0	0	0	0	0	0	0	0	0	0	0	0	0	0	0	0	0	
1	1	1	1	1	1	1	1	1	1	1	1	1	1	1	1	1	1	1	1	1	1	1	0.998	0.999	0.999	0.999	1	0.998	0.997	0.998	0.998	0.998	0.994	0.996	0.993	0.984	0.981	0.969	0.969	0.95	0.927	0.904	0.863	0.843	0.784	0.73	0.678	0.577	0.538	0.443	0.347	0.296	0.243	0.156	0.133	0.088	0.061	0.045	0.025	0.015	0.004	0.004	0.004	0.002	0.002	0.001	0.002	0	0	0	0	0	0	0	0	0	0	0	0	0	0	0	0	0	0	0	0	0	0	0	0	0	0	0	0	0	0	0	0	
1	1	1	1	1	1	1	1	1	1	1	1	1	1	1	1	0.996	0.998	0.988	0.979	0.961	0.915	0.868	0.822	0.736	0.632	0.525	0.43	0.354	0.29	0.24	0.181	0.153	0.102	0.106	0.075	0.063	0.043	0.039	0.05	0.036	0.031	0.022	0.034	0.03	0.021	0.019	0.013	0.023	0.02	0.013	0.017	0.022	0.01	0.012	0.006	0.01	0.007	0.006	0.007	0.003	0.002	0.003	0.001	0.001	0	0	0	0.001	0	0	0	0	0	0	0	0	0	0	0	0	0	0	0	0	0	0	0	0	0	0	0	0	0	0	0	0	0	0	0	
1	1	1	1	1	1	1	1	1	1	1	1	1	1	1	1	1	1	1	1	1	0.999	0.998	0.997	0.997	0.993	0.991	0.981	0.96	0.946	0.93	0.906	0.863	0.818	0.777	0.722	0.677	0.579	0.551	0.456	0.452	0.401	0.315	0.266	0.187	0.168	0.137	0.082	0.068	0.056	0.027	0.035	0.012	0.006	0.003	0.001	0.002	0	0	0	0	0	0	0	0	0	0	0	0	0	0	0	0	0	0	0	0	0	0	0	0	0	0	0	0	0	0	0	0	0	0	0	0	0	0	0	0	0	0	0	
1	1	1	1	1	1	1	1	1	1	1	1	1	1	1	0.999	0.998	0.996	0.985	0.971	0.94	0.922	0.873	0.821	0.756	0.704	0.637	0.577	0.474	0.44	0.363	0.321	0.255	0.245	0.193	0.16	0.142	0.096	0.084	0.076	0.057	0.049	0.042	0.031	0.024	0.019	0.013	0.012	0.01	0.004	0.008	0.005	0.001	0.004	0.001	0.001	0.002	0.003	0	0.002	0	0	0	0	0	0	0	0	0	0	0	0	0	0	0	0	0	0	0	0	0	0	0	0	0	0	0	0	0	0	0	0	0	0	0	0	0	0	0	0	
1	1	1	1	1	1	1	1	1	1	0.998	0.975	0.928	0.828	0.668	0.565	0.42	0.307	0.222	0.137	0.106	0.064	0.031	0.02	0.024	0.008	0.003	0.006	0.002	0.002	0.001	0.001	0	0	0.001	0	0	0	0	0	0	0	0	0	0	0	0	0	0	0	0	0	0	0	0	0	0	0	0	0	0	0	0	0	0	0	0	0	0	0	0	0	0	0	0	0	0	0	0	0	0	0	0	0	0	0	0	0	0	0	0	0	0	0	0	0	0	0	0	0	
1	1	1	1	1	1	1	1	1	1	1	1	0.998	0.998	0.985	0.959	0.94	0.896	0.805	0.776	0.677	0.635	0.599	0.513	0.454	0.388	0.354	0.282	0.282	0.224	0.194	0.158	0.126	0.076	0.077	0.044	0.04	0.03	0.017	0.01	0.011	0.004	0.002	0.002	0.002	0.001	0	0	0	0	0	0	0	0	0	0	0	0	0	0	0	0	0	0	0	0	0	0	0	0	0	0	0	0	0	0	0	0	0	0	0	0	0	0	0	0	0	0	0	0	0	0	0	0	0	0	0	0	0	0	
1	1	1	1	0.999	0.996	0.989	0.991	0.991	0.984	0.98	0.982	0.979	0.975	0.977	0.979	0.975	0.971	0.969	0.977	0.975	0.97	0.955	0.958	0.932	0.933	0.912	0.852	0.859	0.789	0.712	0.641	0.58	0.486	0.415	0.316	0.274	0.19	0.142	0.078	0.067	0.047	0.027	0.021	0.015	0.007	0.004	0.006	0.002	0	0	0.001	0	0	0	0	0	0	0	0	0	0	0	0	0	0	0	0	0	0	0	0	0	0	0	0	0	0	0	0	0	0	0	0	0	0	0	0	0	0	0	0	0	0	0	0	0	0	0	0	
1	1	1	1	1	1	1	1	1	1	1	1	1	1	1	1	1	1	1	1	1	1	1	1	1	1	1	1	1	1	1	1	1	1	1	1	1	0.999	0.999	0.999	0.999	1	0.995	0.99	0.981	0.969	0.917	0.851	0.765	0.668	0.586	0.46	0.342	0.258	0.155	0.109	0.062	0.059	0.026	0.021	0.01	0.005	0.003	0.001	0	0	0	0	0	0	0	0	0	0	0	0	0	0	0	0	0	0	0	0	0	0	0	0	0	0	0	0	0	0	0	0	0	0	0	0	
0.949	0.79	0.797	0.653	0.576	0.492	0.441	0.375	0.329	0.267	0.214	0.152	0.114	0.082	0.071	0.072	0.066	0.054	0.068	0.045	0.057	0.064	0.074	0.087	0.08	0.101	0.096	0.085	0.111	0.094	0.089	0.084	0.082	0.086	0.08	0.086	0.088	0.083	0.069	0.059	0.052	0.05	0.047	0.038	0.035	0.025	0.013	0.013	0.018	0.009	0.013	0.004	0.01	0.005	0.002	0.001	0.002	0	0	0.001	0	0	0	0	0	0	0	0	0	0	0	0	0	0	0	0	0	0	0	0	0	0	0	0	0	0	0	0	0	0	0	0	0	0	0	0	0	0	0	0	
1	1	1	1	0.99	0.886	0.666	0.314	0.15	0.061	0.027	0.027	0.012	0.008	0.013	0.005	0.012	0.015	0.013	0.017	0.015	0.025	0.023	0.024	0.019	0.024	0.009	0.013	0.006	0.004	0.003	0.001	0	0.001	0	0	0	0	0	0	0	0	0	0	0	0	0	0	0	0	0	0	0	0	0	0	0	0	0	0	0	0	0	0	0	0	0	0	0	0	0	0	0	0	0	0	0	0	0	0	0	0	0	0	0	0	0	0	0	0	0	0	0	0	0	0	0	0	0	0	
1	1	1	1	1	1	1	1	1	1	1	1	1	1	1	1	0.999	0.996	0.995	0.971	0.939	0.873	0.785	0.666	0.576	0.434	0.366	0.26	0.18	0.147	0.097	0.064	0.042	0.026	0.018	0.016	0.007	0.005	0.001	0	0.001	0	0	0	0	0	0	0	0	0	0	0	0	0	0	0	0	0	0	0	0	0	0	0	0	0	0	0	0	0	0	0	0	0	0	0	0	0	0	0	0	0	0	0	0	0	0	0	0	0	0	0	0	0	0	0	0	0	0	0	
1	1	1	1	1	1	1	1	1	1	1	1	1	1	1	1	1	1	1	1	1	0.999	0.996	0.992	0.982	0.975	0.939	0.892	0.851	0.737	0.643	0.568	0.467	0.367	0.296	0.211	0.136	0.1	0.064	0.038	0.034	0.02	0.014	0.008	0.008	0.002	0.001	0	0	0	0	0	0	0	0	0	0	0	0	0	0	0	0	0	0	0	0	0	0	0	0	0	0	0	0	0	0	0	0	0	0	0	0	0	0	0	0	0	0	0	0	0	0	0	0	0	0	0	0	0	
1	0.987	0.891	0.824	0.83	0.87	0.901	0.935	0.95	0.94	0.934	0.924	0.87	0.804	0.723	0.597	0.535	0.428	0.313	0.248	0.196	0.131	0.088	0.079	0.059	0.042	0.029	0.022	0.025	0.024	0.009	0.014	0.019	0.016	0.013	0.012	0.011	0.014	0.011	0.004	0.005	0.005	0.004	0.003	0.003	0.002	0.002	0.001	0.002	0	0.001	0	0	0	0	0	0	0	0	0	0	0	0	0	0	0	0	0	0	0	0	0	0	0	0	0	0	0	0	0	0	0	0	0	0	0	0	0	0	0	0	0	0	0	0	0	0	0	0	0	
1	1	1	1	1	1	1	1	1	1	1	1	1	1	1	1	1	1	1	1	1	1	0.999	1	0.998	0.983	0.967	0.96	0.918	0.864	0.83	0.725	0.644	0.549	0.45	0.349	0.302	0.221	0.152	0.107	0.071	0.052	0.036	0.018	0.016	0.008	0.007	0.002	0	0.001	0.002	0	0	0	0	0	0	0	0	0	0	0	0	0	0	0	0	0	0	0	0	0	0	0	0	0	0	0	0	0	0	0	0	0	0	0	0	0	0	0	0	0	0	0	0	0	0	0	0	0	
1	0.989	0.718	0.44	0.244	0.111	0.033	0.01	0.004	0.001	0	0	0	0	0	0	0	0	0	0	0	0	0	0	0	0	0	0	0	0	0	0	0	0	0	0	0	0	0	0	0	0	0	0	0	0	0	0	0	0	0	0	0	0	0	0	0	0	0	0	0	0	0	0	0	0	0	0	0	0	0	0	0	0	0	0	0	0	0	0	0	0	0	0	0	0	0	0	0	0	0	0	0	0	0	0	0	0	0	0	
1	1	1	1	1	1	1	1	1	1	1	1	0.998	0.995	0.993	0.991	0.991	0.986	0.987	0.981	0.987	0.981	0.987	0.983	0.987	0.985	0.987	0.993	0.989	0.977	0.963	0.949	0.932	0.902	0.828	0.781	0.712	0.66	0.601	0.53	0.441	0.383	0.358	0.283	0.257	0.199	0.198	0.12	0.112	0.102	0.084	0.055	0.039	0.028	0.015	0.017	0.01	0.003	0.001	0.002	0.001	0	0	0	0	0.001	0	0	0	0	0	0	0	0	0	0	0	0	0	0	0	0	0	0	0	0	0	0	0	0	0	0	0	0	0	0	0	0	0	0	
1	1	1	1	1	1	1	1	1	1	1	1	1	0.999	0.997	0.994	0.976	0.956	0.902	0.833	0.715	0.624	0.521	0.418	0.341	0.282	0.231	0.198	0.165	0.121	0.099	0.106	0.088	0.073	0.061	0.044	0.046	0.036	0.02	0.021	0.018	0.012	0.009	0.003	0.005	0.003	0.001	0.001	0	0.003	0.001	0	0.001	0.001	0	0	0	0	0	0	0	0	0	0	0	0	0	0	0	0	0	0	0	0	0	0	0	0	0	0	0	0	0	0	0	0	0	0	0	0	0	0	0	0	0	0	0	0	0	0	
1	1	1	0.999	0.989	0.971	0.923	0.848	0.802	0.737	0.694	0.684	0.613	0.548	0.516	0.473	0.461	0.375	0.343	0.288	0.242	0.187	0.161	0.144	0.104	0.105	0.075	0.086	0.065	0.061	0.061	0.054	0.052	0.042	0.046	0.03	0.037	0.04	0.04	0.043	0.042	0.041	0.037	0.041	0.03	0.037	0.031	0.027	0.026	0.033	0.023	0.009	0.015	0.019	0.007	0.01	0.01	0.011	0.003	0.003	0.002	0.002	0.002	0.002	0	0	0	0	0	0	0	0	0	0	0	0	0	0	0	0	0	0	0	0	0	0	0	0	0	0	0	0	0	0	0	0	0	0	0	0	
1	1	1	1	1	1	1	1	1	1	1	1	1	1	0.998	0.993	0.989	0.984	0.974	0.975	0.944	0.959	0.943	0.914	0.917	0.894	0.877	0.886	0.869	0.877	0.854	0.85	0.836	0.814	0.825	0.802	0.778	0.78	0.739	0.697	0.708	0.671	0.675	0.632	0.593	0.569	0.54	0.511	0.477	0.434	0.405	0.381	0.327	0.337	0.261	0.263	0.198	0.181	0.126	0.119	0.079	0.068	0.058	0.024	0.032	0.016	0.013	0.007	0.004	0.004	0.001	0.001	0.001	0	0	0	0	0	0	0	0	0	0	0	0	0	0	0	0	0	0	0	0	0	0	0	0	0	0	0	
1	1	1	1	1	1	1	1	1	1	1	1	1	1	1	0.999	0.999	0.995	0.987	0.97	0.959	0.9	0.824	0.736	0.64	0.506	0.38	0.307	0.247	0.181	0.157	0.108	0.101	0.091	0.085	0.064	0.05	0.055	0.065	0.051	0.044	0.036	0.037	0.034	0.015	0.015	0.024	0.006	0.003	0.004	0.004	0.002	0.002	0.001	0	0	0	0	0	0	0	0	0	0	0	0	0	0	0	0	0	0	0	0	0	0	0	0	0	0	0	0	0	0	0	0	0	0	0	0	0	0	0	0	0	0	0	0	0	0	
1	1	1	1	1	0.999	0.997	0.967	0.934	0.847	0.755	0.678	0.581	0.526	0.454	0.401	0.359	0.332	0.273	0.263	0.232	0.18	0.201	0.185	0.167	0.15	0.13	0.132	0.099	0.094	0.074	0.074	0.058	0.051	0.042	0.021	0.02	0.018	0.015	0.018	0.007	0.007	0.004	0.001	0.006	0.003	0	0.001	0.001	0	0	0	0	0.001	0	0	0	0	0	0	0	0	0	0	0	0	0	0	0	0	0	0	0	0	0	0	0	0	0	0	0	0	0	0	0	0	0	0	0	0	0	0	0	0	0	0	0	0	0	0	
1	1	1	1	1	1	1	0.999	0.986	0.95	0.854	0.729	0.565	0.381	0.296	0.246	0.162	0.134	0.079	0.056	0.048	0.035	0.018	0.017	0.01	0.012	0.007	0.002	0.001	0.004	0.001	0	0.001	0	0	0.001	0	0	0	0.001	0.001	0	0	0	0	0	0	0	0	0	0	0	0	0	0	0	0	0	0	0	0	0	0	0	0	0	0	0	0	0	0	0	0	0	0	0	0	0	0	0	0	0	0	0	0	0	0	0	0	0	0	0	0	0	0	0	0	0	0	0	
1	1	1	1	1	1	1	1	1	1	1	1	1	1	1	1	1	0.999	1	1	1	0.996	0.998	0.997	0.992	0.99	0.989	0.978	0.97	0.959	0.944	0.94	0.922	0.874	0.835	0.825	0.767	0.712	0.692	0.621	0.564	0.494	0.45	0.43	0.374	0.338	0.284	0.263	0.201	0.171	0.14	0.136	0.109	0.095	0.079	0.043	0.029	0.028	0.027	0.014	0.015	0.008	0.005	0.006	0.001	0.001	0	0	0	0.001	0	0	0	0	0	0	0	0	0	0	0	0	0	0	0	0	0	0	0	0	0	0	0	0	0	0	0	0	0	0	
1	1	1	1	1	1	1	1	1	1	1	1	1	1	1	1	1	1	1	1	1	1	1	1	1	0.999	1	0.997	0.997	0.99	0.984	0.961	0.929	0.87	0.826	0.732	0.632	0.506	0.404	0.341	0.244	0.192	0.128	0.088	0.056	0.033	0.022	0.016	0.008	0.001	0	0.001	0.001	0.001	0.001	0	0	0	0	0	0	0	0	0	0	0	0	0	0	0	0	0	0	0	0	0	0	0	0	0	0	0	0	0	0	0	0	0	0	0	0	0	0	0	0	0	0	0	0	0	
1	1	0.996	0.96	0.854	0.744	0.531	0.317	0.207	0.098	0.056	0.026	0.015	0.004	0.006	0.001	0.001	0.001	0	0	0.001	0	0	0	0	0	0	0	0	0	0	0	0.001	0	0	0	0	0	0	0	0	0	0	0	0	0	0	0	0	0	0	0	0	0	0	0	0	0	0	0	0	0	0	0	0	0	0	0	0	0	0	0	0	0	0	0	0	0	0	0	0	0	0	0	0	0	0	0	0	0	0	0	0	0	0	0	0	0	0	0	
1	1	1	1	0.977	0.867	0.706	0.555	0.436	0.364	0.282	0.254	0.166	0.143	0.108	0.092	0.078	0.057	0.089	0.078	0.086	0.102	0.122	0.095	0.09	0.095	0.081	0.077	0.063	0.052	0.049	0.031	0.018	0.015	0.018	0.008	0.003	0.002	0.001	0.001	0.001	0	0	0	0	0	0	0	0	0	0	0	0	0	0	0	0	0	0	0	0	0	0	0	0	0	0	0	0	0	0	0	0	0	0	0	0	0	0	0	0	0	0	0	0	0	0	0	0	0	0	0	0	0	0	0	0	0	0	0	
1	1	1	1	1	1	1	1	0.999	0.996	0.989	0.967	0.909	0.788	0.615	0.479	0.325	0.231	0.159	0.113	0.072	0.059	0.037	0.021	0.015	0.026	0.019	0.005	0.008	0.003	0.005	0.003	0.006	0.002	0.002	0.004	0.005	0.003	0.002	0.001	0.002	0.003	0.003	0.003	0.003	0.002	0.002	0.002	0.006	0.005	0.002	0.001	0.001	0.001	0.001	0.001	0.002	0.003	0.001	0.001	0.002	0.001	0	0.001	0.002	0.002	0	0.001	0	0.001	0	0	0	0	0.001	0	0	0	0	0	0	0	0	0	0	0	0	0	0	0	0	0	0	0	0	0	0	0	0	0	
1	1	1	1	1	1	1	1	1	1	1	1	1	1	1	1	1	1	1	1	1	1	1	1	0.998	0.996	0.992	0.997	0.991	0.978	0.966	0.958	0.943	0.909	0.918	0.853	0.827	0.783	0.752	0.689	0.671	0.62	0.572	0.486	0.463	0.395	0.354	0.319	0.278	0.228	0.209	0.201	0.153	0.115	0.093	0.085	0.07	0.06	0.043	0.025	0.02	0.018	0.006	0.009	0.004	0.003	0.001	0	0	0.001	0	0	0	0	0	0	0	0	0	0	0	0	0	0	0	0	0	0	0	0	0	0	0	0	0	0	0	0	0	0	
1	1	1	1	1	1	1	1	1	1	1	1	1	1	1	1	1	1	1	0.999	0.999	0.999	0.998	0.996	0.987	0.986	0.978	0.977	0.943	0.917	0.889	0.876	0.819	0.742	0.673	0.632	0.497	0.442	0.374	0.305	0.218	0.171	0.129	0.089	0.052	0.039	0.033	0.013	0.011	0.012	0.007	0.001	0.001	0.001	0.002	0	0	0	0.001	0	0	0	0	0	0	0	0	0	0	0	0	0	0	0	0	0	0	0	0	0	0	0	0	0	0	0	0	0	0	0	0	0	0	0	0	0	0	0	0	0	
1	1	1	1	1	1	1	1	1	1	1	1	1	1	1	1	1	1	1	1	1	1	1	1	1	0.996	0.994	0.987	0.99	0.972	0.969	0.946	0.933	0.91	0.884	0.845	0.832	0.808	0.748	0.699	0.661	0.593	0.583	0.523	0.507	0.415	0.387	0.317	0.297	0.218	0.195	0.158	0.118	0.103	0.092	0.052	0.045	0.034	0.016	0.018	0.008	0.002	0.001	0.004	0	0.001	0	0	0	0	0	0	0	0	0	0	0	0	0	0	0	0	0	0	0	0	0	0	0	0	0	0	0	0	0	0	0	0	0	0	
1	1	1	1	1	1	1	1	1	1	1	1	1	1	1	1	1	1	1	1	1	1	1	1	1	1	1	1	1	1	1	1	1	1	1	1	1	1	1	1	1	1	1	0.999	1	1	0.999	0.998	0.997	0.991	0.981	0.982	0.961	0.936	0.901	0.862	0.788	0.748	0.663	0.579	0.499	0.408	0.346	0.259	0.174	0.143	0.097	0.071	0.042	0.019	0.023	0.008	0.003	0.002	0	0.001	0	0	0	0	0	0	0	0	0	0	0	0	0	0	0	0	0	0	0	0	0	0	0	0	
1	1	1	1	1	1	1	1	1	1	1	1	1	1	1	1	1	1	1	1	1	1	1	1	1	1	1	1	1	1	1	1	1	1	1	1	1	1	1	1	1	0.999	0.999	0.998	1	0.999	1	0.999	0.993	0.991	0.985	0.992	0.993	0.977	0.974	0.959	0.937	0.934	0.883	0.846	0.773	0.738	0.614	0.536	0.457	0.326	0.278	0.17	0.139	0.084	0.061	0.042	0.022	0.011	0.003	0.004	0.001	0	0.001	0	0	0	0	0	0	0	0	0	0	0	0	0	0	0	0	0	0	0	0	0	
1	1	1	1	1	1	1	1	1	1	1	0.999	0.989	0.965	0.901	0.763	0.633	0.464	0.359	0.279	0.156	0.127	0.052	0.062	0.039	0.024	0.022	0.006	0.009	0.004	0.001	0.004	0.003	0.003	0.001	0.001	0.002	0	0.002	0	0	0	0	0	0	0	0	0	0	0	0	0	0	0	0	0	0	0	0	0	0	0	0	0	0	0	0	0	0	0	0	0	0	0	0	0	0	0	0	0	0	0	0	0	0	0	0	0	0	0	0	0	0	0	0	0	0	0	0	0	
1	1	1	1	1	1	1	1	1	1	1	1	1	1	1	1	0.999	0.998	0.99	0.982	0.96	0.943	0.873	0.854	0.774	0.711	0.613	0.583	0.51	0.464	0.388	0.351	0.296	0.264	0.207	0.168	0.141	0.135	0.093	0.107	0.07	0.069	0.057	0.038	0.047	0.035	0.026	0.013	0.007	0.004	0.007	0.002	0.003	0.002	0.001	0.002	0.001	0	0	0	0	0	0	0	0	0	0	0	0	0	0	0	0	0	0	0	0	0	0	0	0	0	0	0	0	0	0	0	0	0	0	0	0	0	0	0	0	0	0	0	
1	1	1	1	1	1	1	1	1	1	1	0.999	0.996	0.988	0.958	0.919	0.884	0.838	0.761	0.702	0.647	0.598	0.464	0.419	0.322	0.269	0.228	0.196	0.12	0.107	0.081	0.049	0.032	0.03	0.021	0.017	0.01	0.004	0.002	0.001	0	0	0	0	0	0	0	0	0	0	0	0	0	0	0	0	0	0	0	0	0	0	0	0	0	0	0	0	0	0	0	0	0	0	0	0	0	0	0	0	0	0	0	0	0	0	0	0	0	0	0	0	0	0	0	0	0	0	0	0	
1	1	1	1	1	1	1	1	1	1	1	1	1	1	1	1	1	1	0.997	0.999	0.998	0.993	0.989	0.982	0.956	0.907	0.853	0.766	0.601	0.452	0.309	0.186	0.11	0.041	0.033	0.012	0.006	0.007	0	0	0	0	0	0	0	0	0	0	0	0	0	0	0	0	0	0	0	0	0	0	0	0	0	0	0	0	0	0	0	0	0	0	0	0	0	0	0	0	0	0	0	0	0	0	0	0	0	0	0	0	0	0	0	0	0	0	0	0	0	0	
1	1	1	1	1	1	1	1	1	1	1	1	1	1	1	1	1	1	0.996	0.992	0.979	0.946	0.922	0.899	0.881	0.861	0.817	0.801	0.8	0.806	0.795	0.799	0.793	0.811	0.825	0.845	0.856	0.845	0.831	0.852	0.852	0.865	0.858	0.837	0.819	0.83	0.771	0.759	0.718	0.69	0.622	0.531	0.475	0.418	0.328	0.291	0.217	0.166	0.101	0.077	0.063	0.035	0.031	0.023	0.005	0.008	0.002	0.003	0.001	0	0	0	0	0	0	0	0	0	0	0	0	0	0	0	0	0	0	0	0	0	0	0	0	0	0	0	0	0	0	0	
1	1	1	1	1	1	1	1	1	1	1	1	1	1	1	1	1	1	1	1	1	1	1	1	1	1	1	1	1	1	1	1	1	1	1	0.999	1	0.999	1	1	0.998	1	1	0.997	0.99	0.991	0.979	0.954	0.93	0.864	0.806	0.699	0.638	0.543	0.416	0.317	0.244	0.177	0.102	0.071	0.043	0.028	0.018	0.008	0.005	0.002	0.003	0.002	0	0.001	0	0	0	0	0	0	0	0	0	0	0	0	0	0	0	0	0	0	0	0	0	0	0	0	0	0	0	0	0	0	
1	1	1	1	1	1	1	1	1	1	1	1	1	0.998	0.998	0.994	0.992	0.982	0.962	0.94	0.908	0.902	0.876	0.812	0.786	0.723	0.701	0.631	0.587	0.549	0.439	0.409	0.357	0.298	0.237	0.186	0.161	0.111	0.065	0.045	0.02	0.011	0.005	0.001	0	0	0	0	0	0	0	0	0	0	0	0	0	0	0	0	0	0	0	0	0	0	0	0	0	0	0	0	0	0	0	0	0	0	0	0	0	0	0	0	0	0	0	0	0	0	0	0	0	0	0	0	0	0	0	0	
1	1	1	1	1	1	1	1	1	1	1	0.997	0.999	0.994	0.979	0.954	0.912	0.847	0.814	0.742	0.644	0.526	0.508	0.404	0.309	0.241	0.185	0.123	0.082	0.055	0.033	0.026	0.016	0.005	0.003	0.004	0.002	0	0.001	0.002	0	0	0	0	0	0	0	0	0	0	0	0	0	0	0	0	0	0	0	0	0	0	0	0	0	0	0	0	0	0	0	0	0	0	0	0	0	0	0	0	0	0	0	0	0	0	0	0	0	0	0	0	0	0	0	0	0	0	0	0	
1	1	1	1	1	1	1	1	1	1	1	1	1	1	1	1	1	1	1	1	1	1	0.999	1	1	0.992	0.992	0.973	0.966	0.902	0.84	0.748	0.665	0.585	0.451	0.377	0.307	0.233	0.199	0.138	0.101	0.067	0.056	0.028	0.025	0.021	0.013	0.005	0.002	0.004	0.003	0	0	0	0	0	0	0	0	0	0	0	0	0	0	0	0	0	0	0	0	0	0	0	0	0	0	0	0	0	0	0	0	0	0	0	0	0	0	0	0	0	0	0	0	0	0	0	0	0	
1	1	1	1	1	1	1	1	1	1	1	1	1	1	1	1	1	1	1	1	1	1	1	1	1	1	1	1	1	1	1	1	1	1	1	1	1	1	1	1	0.998	0.998	0.997	0.999	0.993	0.991	0.985	0.993	0.969	0.972	0.957	0.934	0.905	0.903	0.89	0.854	0.831	0.806	0.805	0.771	0.751	0.703	0.68	0.642	0.581	0.533	0.525	0.475	0.427	0.389	0.321	0.3	0.301	0.239	0.208	0.183	0.165	0.146	0.111	0.105	0.086	0.069	0.043	0.043	0.044	0.034	0.028	0.015	0.019	0.013	0.009	0.006	0.005	0.005	0.001	0.004	0.001	0.001	0.001	0.002	
1	1	1	1	1	1	1	1	1	1	1	1	1	1	1	0.999	1	0.997	0.996	0.998	0.995	0.994	0.995	0.989	0.987	0.972	0.966	0.955	0.92	0.906	0.89	0.828	0.8	0.756	0.684	0.621	0.523	0.487	0.401	0.365	0.255	0.226	0.155	0.154	0.111	0.087	0.06	0.046	0.03	0.024	0.021	0.009	0.01	0.009	0.006	0.002	0.002	0.004	0.001	0	0	0	0	0.001	0	0	0	0	0	0	0	0	0	0	0	0	0	0	0	0	0	0	0	0	0	0	0	0	0	0	0	0	0	0	0	0	0	0	0	0	
1	1	1	1	1	1	1	1	1	1	1	1	1	1	1	1	1	1	1	1	1	1	1	1	1	1	1	1	1	1	1	0.999	1	0.995	0.992	0.989	0.957	0.932	0.902	0.845	0.801	0.726	0.652	0.587	0.49	0.399	0.343	0.299	0.223	0.174	0.124	0.11	0.087	0.06	0.034	0.024	0.021	0.02	0.015	0.008	0.002	0.002	0.001	0.004	0.001	0	0.001	0	0	0	0	0	0	0	0	0	0	0	0	0	0	0	0	0	0	0	0	0	0	0	0	0	0	0	0	0	0	0	0	0	
1	1	1	1	1	0.997	0.969	0.901	0.752	0.502	0.349	0.2	0.129	0.069	0.031	0.021	0.01	0.008	0.003	0	0.006	0.001	0.003	0.002	0.002	0.004	0.002	0.003	0.002	0.004	0	0.003	0	0.005	0.012	0.003	0.008	0.008	0.007	0.01	0.015	0.01	0.015	0.012	0.017	0.016	0.021	0.016	0.007	0.009	0.006	0.006	0.006	0.005	0.003	0.003	0.001	0.003	0.001	0	0.001	0	0	0	0	0	0	0	0	0	0	0	0	0	0	0	0	0	0	0	0	0	0	0	0	0	0	0	0	0	0	0	0	0	0	0	0	0	0	0	
1	1	1	1	1	0.994	0.976	0.907	0.8	0.73	0.592	0.522	0.405	0.355	0.305	0.255	0.246	0.18	0.161	0.148	0.113	0.109	0.107	0.078	0.074	0.051	0.053	0.048	0.049	0.039	0.033	0.02	0.024	0.015	0.013	0.007	0.006	0.006	0.002	0	0	0.002	0	0	0	0	0	0	0	0	0	0	0	0	0	0	0	0	0	0	0	0	0	0	0	0	0	0	0	0	0	0	0	0	0	0	0	0	0	0	0	0	0	0	0	0	0	0	0	0	0	0	0	0	0	0	0	0	0	0	
1	1	0.999	0.425	0.003	0	0	0	0	0	0	0	0	0	0	0	0.003	0.005	0.019	0.031	0.063	0.09	0.16	0.19	0.247	0.309	0.366	0.393	0.466	0.501	0.531	0.543	0.56	0.596	0.611	0.616	0.604	0.61	0.591	0.587	0.563	0.525	0.496	0.49	0.458	0.441	0.406	0.343	0.369	0.334	0.301	0.285	0.274	0.23	0.2	0.218	0.201	0.16	0.168	0.146	0.149	0.129	0.114	0.115	0.086	0.065	0.083	0.072	0.061	0.05	0.054	0.052	0.043	0.028	0.027	0.019	0.011	0.005	0.003	0.005	0.004	0.002	0.002	0	0.002	0	0	0	0	0	0	0	0	0	0	0	0	0	0	0	
1	1	1	1	1	1	1	1	1	1	1	1	1	1	1	1	1	1	1	1	1	1	1	1	1	1	1	1	1	1	1	1	1	1	1	1	0.999	0.999	0.997	0.999	0.998	0.991	0.994	0.977	0.97	0.958	0.928	0.908	0.884	0.832	0.784	0.745	0.679	0.669	0.579	0.506	0.465	0.411	0.347	0.299	0.248	0.198	0.181	0.147	0.104	0.088	0.059	0.034	0.037	0.029	0.02	0.019	0.008	0.006	0.003	0.002	0.002	0.002	0.001	0	0	0	0	0	0	0	0	0	0	0	0	0	0	0	0	0	0	0	0	0	
1	1	1	1	1	1	1	1	1	1	1	1	1	1	1	1	1	1	1	1	1	1	1	1	1	1	1	1	1	1	1	1	1	1	1	1	1	1	1	1	1	1	1	1	1	1	1	1	1	0.999	0.999	0.994	0.999	0.987	0.981	0.974	0.958	0.934	0.905	0.857	0.804	0.716	0.65	0.527	0.451	0.328	0.262	0.185	0.107	0.083	0.047	0.037	0.019	0.007	0.005	0.006	0.001	0	0	0	0	0	0	0	0	0	0	0	0	0	0	0	0	0	0	0	0	0	0	0	
1	1	1	1	1	1	1	1	1	1	1	1	0.998	0.999	0.971	0.93	0.849	0.74	0.603	0.464	0.345	0.2	0.115	0.07	0.044	0.016	0.006	0	0	0	0	0	0	0	0	0	0	0	0	0	0	0	0	0	0	0	0	0	0	0	0	0	0	0	0	0	0	0	0	0	0	0	0	0	0	0	0	0	0	0	0	0	0	0	0	0	0	0	0	0	0	0	0	0	0	0	0	0	0	0	0	0	0	0	0	0	0	0	0	0	
0.999	0.01	0.002	0	0.007	0.009	0.016	0.01	0.002	0.001	0	0.001	0	0.001	0.001	0	0	0	0	0	0	0	0	0	0	0	0	0	0	0	0	0	0	0	0	0	0	0	0	0	0	0	0	0	0	0	0	0	0	0	0	0	0	0	0	0	0	0	0	0	0	0	0	0	0	0	0	0	0	0	0	0	0	0	0	0	0	0	0	0	0	0	0	0	0	0	0	0	0	0	0	0	0	0	0	0	0	0	0	0	
1	1	1	1	1	1	1	1	1	0.999	0.998	0.996	0.984	0.988	0.969	0.948	0.944	0.93	0.91	0.907	0.912	0.901	0.891	0.896	0.913	0.917	0.916	0.93	0.923	0.926	0.938	0.916	0.927	0.892	0.875	0.844	0.797	0.751	0.666	0.66	0.552	0.476	0.38	0.348	0.269	0.205	0.152	0.123	0.083	0.051	0.043	0.016	0.014	0.007	0.003	0.003	0.001	0.001	0	0	0	0	0	0	0	0	0	0	0	0	0	0	0	0	0	0	0	0	0	0	0	0	0	0	0	0	0	0	0	0	0	0	0	0	0	0	0	0	0	0	
1	1	1	1	1	1	1	1	1	1	1	0.997	0.998	0.999	0.994	0.99	0.981	0.974	0.977	0.961	0.951	0.951	0.94	0.916	0.903	0.882	0.854	0.843	0.821	0.806	0.769	0.744	0.674	0.657	0.6	0.588	0.536	0.483	0.463	0.418	0.403	0.36	0.345	0.341	0.33	0.323	0.333	0.311	0.341	0.363	0.368	0.386	0.368	0.41	0.383	0.393	0.383	0.402	0.33	0.358	0.26	0.196	0.158	0.149	0.098	0.069	0.056	0.037	0.023	0.017	0.005	0.004	0.002	0.003	0	0.001	0	0	0	0	0	0	0	0	0	0	0	0	0	0	0	0	0	0	0	0	0	0	0	0	
1	1	1	1	1	1	1	1	1	1	1	1	1	1	0.998	0.993	0.987	0.984	0.978	0.966	0.948	0.94	0.936	0.927	0.918	0.917	0.89	0.878	0.828	0.812	0.791	0.765	0.702	0.672	0.624	0.544	0.499	0.419	0.37	0.353	0.298	0.237	0.201	0.162	0.113	0.093	0.068	0.042	0.032	0.024	0.009	0.009	0.003	0.003	0	0	0	0	0	0	0	0	0	0	0	0	0	0	0	0	0	0	0	0	0	0	0	0	0	0	0	0	0	0	0	0	0	0	0	0	0	0	0	0	0	0	0	0	0	0	
1	1	1	1	1	1	1	1	1	1	1	1	1	1	1	1	1	1	1	1	1	1	1	1	1	1	1	1	1	1	1	0.998	0.996	0.997	0.988	0.978	0.973	0.964	0.939	0.908	0.908	0.869	0.823	0.803	0.728	0.665	0.651	0.623	0.595	0.534	0.471	0.432	0.405	0.37	0.311	0.299	0.253	0.196	0.151	0.126	0.071	0.06	0.033	0.028	0.009	0.008	0.004	0.001	0	0	0	0	0	0	0	0	0	0	0	0	0	0	0	0	0	0	0	0	0	0	0	0	0	0	0	0	0	0	0	0	
1	1	1	1	1	1	1	1	1	1	1	1	1	1	1	1	1	1	1	1	1	1	1	0.998	0.997	0.994	0.993	0.97	0.967	0.921	0.882	0.858	0.806	0.727	0.634	0.564	0.496	0.434	0.354	0.261	0.206	0.175	0.145	0.1	0.061	0.052	0.04	0.019	0.023	0.012	0.007	0.008	0.006	0.006	0	0.002	0	0	0.001	0	0	0	0	0	0	0	0	0	0	0	0	0	0	0	0	0	0	0	0	0	0	0	0	0	0	0	0	0	0	0	0	0	0	0	0	0	0	0	0	0	
1	1	1	1	1	1	1	1	1	1	1	1	1	0.999	1	0.997	0.998	0.981	0.97	0.935	0.877	0.864	0.798	0.706	0.593	0.571	0.492	0.408	0.339	0.275	0.243	0.179	0.132	0.094	0.077	0.058	0.045	0.018	0.017	0.006	0.008	0.003	0.003	0.001	0.001	0	0	0	0	0	0	0	0	0	0	0	0	0	0	0	0	0	0	0	0	0	0	0	0	0	0	0	0	0	0	0	0	0	0	0	0	0	0	0	0	0	0	0	0	0	0	0	0	0	0	0	0	0	0	0	
1	1	1	1	1	1	1	1	1	1	0.995	0.966	0.919	0.808	0.688	0.53	0.404	0.303	0.24	0.183	0.111	0.072	0.056	0.046	0.022	0.017	0.012	0.007	0.004	0.005	0.003	0.001	0	0.001	0	0	0	0	0	0	0	0	0	0	0	0	0	0	0	0	0	0	0	0	0	0	0	0	0	0	0	0	0	0	0	0	0	0	0	0	0	0	0	0	0	0	0	0	0	0	0	0	0	0	0	0	0	0	0	0	0	0	0	0	0	0	0	0	0	0	
1	1	1	1	1	1	1	1	1	1	1	1	1	1	1	1	1	1	1	1	1	1	0.999	1	0.995	0.983	0.955	0.929	0.842	0.741	0.618	0.501	0.331	0.261	0.161	0.094	0.059	0.023	0.013	0.008	0.004	0	0.002	0	0	0	0	0	0	0	0	0	0	0	0	0	0	0	0	0	0	0	0	0	0	0	0	0	0	0	0	0	0	0	0	0	0	0	0	0	0	0	0	0	0	0	0	0	0	0	0	0	0	0	0	0	0	0	0	0	
1	1	0.999	0.999	0.982	0.94	0.865	0.741	0.629	0.474	0.32	0.173	0.115	0.054	0.033	0.016	0.008	0.005	0.001	0.001	0.003	0	0	0	0	0	0	0	0	0	0	0	0	0	0	0	0	0	0	0	0	0	0	0	0	0	0	0	0	0	0	0	0	0	0	0	0	0	0	0	0	0	0	0	0	0	0	0	0	0	0	0	0	0	0	0	0	0	0	0	0	0	0	0	0	0	0	0	0	0	0	0	0	0	0	0	0	0	0	0	
1	1	0.999	0.988	0.979	0.933	0.854	0.784	0.702	0.67	0.591	0.565	0.566	0.596	0.569	0.621	0.621	0.634	0.662	0.69	0.736	0.728	0.767	0.799	0.805	0.824	0.836	0.847	0.865	0.86	0.869	0.871	0.878	0.885	0.888	0.872	0.897	0.868	0.885	0.881	0.89	0.897	0.894	0.904	0.897	0.904	0.891	0.884	0.891	0.905	0.89	0.912	0.916	0.881	0.897	0.895	0.873	0.871	0.863	0.859	0.855	0.862	0.844	0.822	0.808	0.793	0.768	0.755	0.717	0.71	0.69	0.684	0.647	0.648	0.577	0.562	0.573	0.515	0.49	0.462	0.439	0.42	0.43	0.364	0.359	0.314	0.302	0.281	0.262	0.213	0.245	0.196	0.173	0.167	0.145	0.141	0.146	0.109	0.12	0.092	
1	1	1	1	0.998	0.997	0.99	0.979	0.954	0.846	0.713	0.516	0.303	0.182	0.1	0.059	0.032	0.028	0.015	0.017	0.021	0.017	0.016	0.021	0.025	0.033	0.026	0.033	0.046	0.053	0.078	0.075	0.088	0.082	0.094	0.096	0.128	0.151	0.161	0.144	0.131	0.175	0.169	0.176	0.175	0.22	0.196	0.176	0.212	0.192	0.191	0.179	0.167	0.138	0.131	0.105	0.083	0.083	0.06	0.037	0.031	0.026	0.016	0.012	0.007	0.012	0.001	0.003	0.001	0.002	0	0	0.002	0	0	0	0	0	0	0	0	0	0	0	0	0	0	0	0	0	0	0	0	0	0	0	0	0	0	0	
0.989	0.971	0.932	0.901	0.884	0.852	0.742	0.591	0.544	0.441	0.344	0.32	0.274	0.21	0.204	0.169	0.15	0.149	0.152	0.129	0.118	0.093	0.097	0.111	0.095	0.102	0.105	0.103	0.114	0.134	0.113	0.108	0.123	0.144	0.128	0.117	0.103	0.11	0.107	0.122	0.1	0.096	0.097	0.099	0.075	0.099	0.086	0.084	0.073	0.08	0.058	0.065	0.055	0.055	0.039	0.031	0.024	0.024	0.02	0.015	0.021	0.007	0.004	0.006	0.001	0.001	0.001	0.001	0.001	0	0	0.001	0	0	0	0	0	0	0	0	0	0	0	0	0	0	0	0	0	0	0	0	0	0	0	0	0	0	0	0	
1	1	1	1	1	1	1	1	1	1	1	1	1	1	1	1	1	1	1	1	1	1	1	1	1	1	1	1	1	1	0.998	0.997	0.993	0.985	0.976	0.971	0.959	0.916	0.9	0.864	0.792	0.753	0.709	0.634	0.588	0.492	0.452	0.394	0.365	0.289	0.243	0.216	0.165	0.137	0.111	0.067	0.072	0.055	0.054	0.037	0.012	0.019	0.009	0.006	0.004	0.003	0.003	0	0	0	0.001	0	0	0	0	0	0	0	0	0	0	0	0	0	0	0	0	0	0	0	0	0	0	0	0	0	0	0	0	0	
1	1	1	1	1	1	1	1	1	1	1	1	1	1	1	1	1	1	0.999	0.994	0.989	0.983	0.96	0.957	0.945	0.91	0.875	0.862	0.824	0.743	0.703	0.657	0.547	0.504	0.465	0.413	0.3	0.279	0.236	0.168	0.175	0.105	0.1	0.079	0.067	0.053	0.04	0.024	0.012	0.012	0.011	0.015	0.01	0.003	0.006	0.002	0.001	0.002	0	0.001	0.001	0.001	0	0	0	0	0	0	0	0	0	0	0	0	0	0	0	0	0	0	0	0	0	0	0	0	0	0	0	0	0	0	0	0	0	0	0	0	0	0	
1	1	1	1	1	1	1	1	1	1	1	1	1	1	1	1	0.997	0.975	0.936	0.802	0.598	0.422	0.256	0.153	0.078	0.032	0.013	0.003	0.003	0.001	0	0.001	0	0	0	0	0	0	0	0	0	0	0	0	0	0	0	0	0	0	0	0	0	0	0	0	0	0	0	0	0	0	0	0	0	0	0	0	0	0	0	0	0	0	0	0	0	0	0	0	0	0	0	0	0	0	0	0	0	0	0	0	0	0	0	0	0	0	0	0	
0	0	0	0	0	0	0	0	0	0	0	0	0	0	0	0	0	0	0	0.001	0	0	0.001	0.002	0.003	0.006	0.006	0.005	0.005	0.004	0.005	0.006	0.006	0.008	0.007	0.002	0.001	0.003	0	0.002	0.001	0	0.001	0	0	0	0	0	0	0	0	0	0	0	0	0	0	0	0	0	0	0	0	0	0	0	0	0	0	0	0	0	0	0	0	0	0	0	0	0	0	0	0	0	0	0	0	0	0	0	0	0	0	0	0	0	0	0	0	0	
0.77	0.256	0.176	0.493	0.802	0.838	0.772	0.638	0.417	0.207	0.109	0.044	0.022	0.015	0.005	0.002	0.001	0	0	0	0	0	0	0	0	0	0	0	0	0	0	0	0	0	0	0	0	0	0	0	0	0	0	0	0	0	0	0	0	0	0	0	0	0	0	0	0	0	0	0	0	0	0	0	0	0	0	0	0	0	0	0	0	0	0	0	0	0	0	0	0	0	0	0	0	0	0	0	0	0	0	0	0	0	0	0	0	0	0	0	
1	1	1	1	1	1	1	1	1	1	1	1	1	1	1	1	1	1	1	1	1	1	1	1	1	1	1	1	1	1	1	1	1	1	1	1	1	1	1	1	1	1	1	1	1	1	1	1	1	1	1	1	1	1	1	1	1	1	0.999	0.996	0.974	0.959	0.913	0.844	0.711	0.603	0.497	0.368	0.26	0.166	0.135	0.066	0.042	0.032	0.016	0.011	0.01	0.003	0.002	0	0.002	0	0	0	0	0	0	0	0	0	0	0	0	0	0	0	0	0	0	0	
1	1	1	0.998	0.99	0.98	0.945	0.808	0.687	0.566	0.421	0.298	0.208	0.14	0.104	0.08	0.063	0.04	0.033	0.04	0.025	0.013	0.013	0.011	0.009	0.002	0.004	0.003	0	0	0.002	0	0	0	0	0	0	0	0	0	0	0	0	0	0	0	0	0	0	0	0	0	0	0	0	0	0	0	0	0	0	0	0	0	0	0	0	0	0	0	0	0	0	0	0	0	0	0	0	0	0	0	0	0	0	0	0	0	0	0	0	0	0	0	0	0	0	0	0	0	
1	1	1	1	1	0.999	0.997	0.974	0.933	0.883	0.813	0.724	0.613	0.534	0.38	0.283	0.219	0.149	0.116	0.058	0.048	0.028	0.016	0.009	0.01	0.004	0	0.001	0.001	0	0	0	0	0	0	0	0	0	0	0	0	0	0	0	0	0	0	0	0	0	0	0	0	0	0	0	0	0	0	0	0	0	0	0	0	0	0	0	0	0	0	0	0	0	0	0	0	0	0	0	0	0	0	0	0	0	0	0	0	0	0	0	0	0	0	0	0	0	0	0	
1	1	1	1	1	1	1	1	1	1	1	1	1	1	1	1	1	1	1	1	1	1	1	1	1	0.997	0.996	0.983	0.977	0.96	0.942	0.903	0.854	0.794	0.765	0.713	0.629	0.56	0.535	0.459	0.407	0.337	0.269	0.241	0.165	0.154	0.112	0.105	0.099	0.064	0.039	0.044	0.047	0.025	0.024	0.02	0.015	0.02	0.009	0.018	0.009	0.005	0.003	0.005	0.005	0.003	0.003	0.001	0	0	0.001	0	0	0	0	0	0	0	0	0	0	0	0	0	0	0	0	0	0	0	0	0	0	0	0	0	0	0	0	0	
1	1	1	1	1	1	1	1	1	1	1	1	1	1	1	1	1	1	1	1	1	1	1	1	1	1	1	1	1	1	1	1	0.999	0.998	1	1	0.998	0.998	0.997	0.99	0.996	0.985	0.982	0.979	0.961	0.946	0.918	0.899	0.856	0.791	0.698	0.644	0.55	0.475	0.386	0.29	0.241	0.175	0.127	0.096	0.05	0.047	0.039	0.026	0.009	0.005	0.005	0.004	0	0.001	0.003	0	0	0	0.001	0	0	0	0	0	0	0	0	0	0	0	0	0	0	0	0	0	0	0	0	0	0	0	0	0	
1	1	1	1	1	1	1	1	1	1	1	1	1	1	1	1	1	1	1	1	1	1	1	1	1	1	0.999	0.999	0.995	0.989	0.971	0.967	0.938	0.898	0.851	0.805	0.712	0.637	0.542	0.492	0.402	0.323	0.278	0.215	0.163	0.112	0.09	0.058	0.037	0.028	0.021	0.014	0.007	0.001	0.002	0.002	0.001	0	0	0	0	0	0	0	0	0	0	0	0	0	0	0	0	0	0	0	0	0	0	0	0	0	0	0	0	0	0	0	0	0	0	0	0	0	0	0	0	0	0	0	
1	1	1	1	1	1	1	0.999	0.99	0.956	0.87	0.752	0.61	0.506	0.395	0.295	0.243	0.202	0.177	0.12	0.108	0.114	0.08	0.091	0.076	0.078	0.07	0.066	0.065	0.056	0.045	0.046	0.044	0.041	0.028	0.025	0.033	0.026	0.015	0.017	0.011	0.007	0.008	0.005	0.003	0.005	0.006	0.004	0.001	0.001	0.001	0	0.002	0	0	0	0	0.001	0.001	0	0	0	0.001	0	0	0	0	0	0	0	0	0	0	0	0	0	0	0	0	0	0	0	0	0	0	0	0	0	0	0	0	0	0	0	0	0	0	0	0	0	
1	1	1	1	1	1	1	1	1	1	1	1	1	1	1	1	1	0.997	0.993	0.992	0.978	0.95	0.918	0.861	0.781	0.721	0.647	0.555	0.515	0.429	0.391	0.355	0.331	0.303	0.242	0.257	0.219	0.223	0.214	0.187	0.176	0.17	0.161	0.127	0.122	0.111	0.089	0.093	0.078	0.065	0.046	0.048	0.045	0.031	0.036	0.03	0.025	0.016	0.016	0.014	0.008	0.008	0.008	0.005	0.002	0.002	0.004	0.001	0.002	0.003	0.001	0	0.001	0.001	0.003	0	0	0	0	0	0	0	0	0	0	0	0.001	0	0	0	0	0	0	0	0	0	0	0	0	0	
1	1	1	1	1	1	1	1	1	1	1	1	1	1	1	1	1	1	0.999	0.989	0.991	0.983	0.972	0.957	0.935	0.922	0.905	0.864	0.857	0.814	0.797	0.754	0.707	0.733	0.674	0.657	0.631	0.62	0.595	0.556	0.539	0.505	0.498	0.463	0.408	0.381	0.338	0.338	0.324	0.281	0.276	0.264	0.213	0.205	0.2	0.191	0.174	0.159	0.126	0.112	0.102	0.102	0.126	0.094	0.083	0.071	0.06	0.071	0.057	0.061	0.052	0.049	0.02	0.028	0.027	0.018	0.011	0.013	0.005	0.007	0.007	0.001	0.002	0	0.001	0.001	0	0	0	0	0	0	0	0	0	0	0	0	0	0	
1	1	1	1	1	1	1	1	1	1	1	1	1	1	1	1	1	1	1	1	1	1	1	1	1	1	1	1	1	1	1	1	1	1	1	1	1	1	1	1	1	1	1	1	1	1	1	1	1	1	1	1	0.999	1	1	0.997	0.993	0.996	0.98	0.979	0.968	0.952	0.938	0.904	0.879	0.853	0.835	0.803	0.723	0.694	0.644	0.583	0.521	0.481	0.432	0.378	0.36	0.312	0.237	0.24	0.209	0.154	0.136	0.125	0.108	0.08	0.063	0.048	0.049	0.044	0.04	0.024	0.024	0.012	0.021	0.02	0.006	0.008	0.008	0.005	
1	1	1	1	1	1	1	1	1	1	1	1	1	1	1	1	1	0.999	1	1	0.999	1	0.997	0.997	0.989	0.989	0.983	0.957	0.913	0.877	0.801	0.711	0.64	0.54	0.449	0.372	0.262	0.216	0.143	0.126	0.082	0.044	0.039	0.029	0.015	0.013	0.007	0.005	0.003	0.003	0	0.001	0.002	0	0	0.001	0	0	0	0	0	0	0	0	0	0	0	0	0	0	0	0	0	0	0	0	0	0	0	0	0	0	0	0	0	0	0	0	0	0	0	0	0	0	0	0	0	0	0	0	
1	1	1	1	1	1	1	1	1	1	1	1	1	1	1	1	1	1	1	1	1	1	0.999	1	0.997	0.996	0.998	0.997	0.986	0.979	0.963	0.96	0.939	0.926	0.88	0.845	0.847	0.803	0.795	0.788	0.763	0.718	0.722	0.706	0.703	0.69	0.713	0.696	0.709	0.728	0.731	0.749	0.774	0.801	0.822	0.865	0.877	0.895	0.908	0.913	0.92	0.932	0.915	0.907	0.874	0.843	0.841	0.761	0.662	0.585	0.504	0.403	0.345	0.256	0.198	0.142	0.099	0.072	0.041	0.027	0.022	0.008	0.004	0.002	0.002	0.003	0	0	0	0	0	0	0	0	0	0	0	0	0	0	
1	1	1	1	1	1	1	1	1	1	1	1	1	1	0.993	0.978	0.945	0.888	0.79	0.671	0.512	0.398	0.274	0.15	0.08	0.055	0.018	0.011	0.005	0.003	0.003	0	0	0	0	0	0	0	0	0	0	0	0	0	0	0	0	0	0	0	0	0	0	0	0	0	0	0	0	0	0	0	0	0	0	0	0	0	0	0	0	0	0	0	0	0	0	0	0	0	0	0	0	0	0	0	0	0	0	0	0	0	0	0	0	0	0	0	0	0	
1	1	1	1	1	1	1	0.996	0.982	0.957	0.914	0.879	0.844	0.821	0.832	0.859	0.854	0.899	0.91	0.932	0.948	0.961	0.966	0.966	0.971	0.939	0.914	0.886	0.825	0.817	0.723	0.682	0.557	0.491	0.407	0.313	0.229	0.187	0.137	0.092	0.063	0.035	0.015	0.016	0.006	0.002	0.002	0	0.001	0	0	0	0	0	0	0	0	0	0	0	0	0	0	0	0	0	0	0	0	0	0	0	0	0	0	0	0	0	0	0	0	0	0	0	0	0	0	0	0	0	0	0	0	0	0	0	0	0	0	0	
1	1	1	1	1	1	1	1	1	0.999	0.999	0.999	0.999	0.994	0.994	0.993	0.994	0.986	0.985	0.986	0.977	0.978	0.971	0.969	0.971	0.966	0.954	0.969	0.962	0.944	0.956	0.922	0.915	0.909	0.882	0.87	0.831	0.791	0.759	0.717	0.657	0.614	0.567	0.54	0.444	0.413	0.359	0.294	0.296	0.248	0.188	0.155	0.167	0.111	0.075	0.084	0.074	0.046	0.048	0.04	0.032	0.03	0.023	0.009	0.016	0.007	0.007	0.003	0	0.003	0.001	0.001	0	0	0	0	0	0	0	0	0	0	0	0	0	0	0	0	0	0	0	0	0	0	0	0	0	0	0	0	
1	1	1	1	1	1	1	0.998	0.993	0.972	0.956	0.923	0.893	0.87	0.844	0.824	0.835	0.851	0.851	0.854	0.818	0.823	0.809	0.797	0.768	0.775	0.712	0.729	0.665	0.651	0.568	0.465	0.439	0.339	0.262	0.201	0.142	0.105	0.06	0.042	0.016	0.012	0.007	0.003	0	0	0	0.001	0	0	0	0	0	0	0	0	0	0	0	0	0	0	0	0	0	0	0	0	0	0	0	0	0	0	0	0	0	0	0	0	0	0	0	0	0	0	0	0	0	0	0	0	0	0	0	0	0	0	0	0	
1	1	1	1	1	1	1	1	1	1	1	1	1	0.995	0.997	0.992	0.992	0.989	0.984	0.973	0.969	0.976	0.958	0.963	0.958	0.958	0.961	0.961	0.932	0.927	0.927	0.921	0.907	0.87	0.858	0.829	0.761	0.731	0.672	0.612	0.559	0.463	0.415	0.361	0.319	0.286	0.231	0.188	0.156	0.128	0.098	0.083	0.071	0.04	0.027	0.027	0.019	0.011	0.016	0.007	0.004	0.001	0.001	0.001	0.001	0	0.001	0	0	0	0	0	0	0	0	0	0	0	0	0	0	0	0	0	0	0	0	0	0	0	0	0	0	0	0	0	0	0	0	0	
1	1	1	1	1	1	1	1	0.999	0.996	0.988	0.991	0.98	0.975	0.96	0.966	0.949	0.965	0.954	0.947	0.945	0.939	0.932	0.941	0.946	0.942	0.929	0.888	0.849	0.803	0.688	0.644	0.52	0.43	0.367	0.302	0.228	0.171	0.135	0.101	0.095	0.052	0.044	0.022	0.022	0.022	0.022	0.014	0.01	0.003	0.008	0.003	0.005	0.002	0	0	0.002	0	0.001	0	0	0	0	0	0	0	0	0	0	0	0	0	0	0	0	0	0	0	0	0	0	0	0	0	0	0	0	0	0	0	0	0	0	0	0	0	0	0	0	0	
1	1	1	1	1	1	1	1	1	1	1	1	1	1	1	1	1	1	1	1	1	1	1	1	1	1	1	1	1	1	1	0.999	1	0.999	0.994	0.991	0.992	0.979	0.98	0.965	0.967	0.953	0.948	0.935	0.923	0.881	0.875	0.838	0.804	0.764	0.716	0.616	0.559	0.459	0.406	0.303	0.218	0.19	0.141	0.084	0.066	0.032	0.024	0.015	0.012	0.009	0.002	0.002	0.001	0	0	0.002	0	0	0	0	0	0	0	0	0	0	0	0	0	0	0	0	0	0	0	0	0	0	0	0	0	0	0	0	
1	1	1	1	1	1	1	1	1	1	1	1	1	1	1	0.998	0.999	0.998	0.996	0.999	0.996	0.995	0.994	0.994	0.996	0.992	0.994	0.989	0.992	0.981	0.98	0.971	0.954	0.922	0.911	0.87	0.844	0.764	0.712	0.629	0.536	0.477	0.346	0.294	0.195	0.142	0.094	0.072	0.044	0.025	0.018	0.01	0.003	0.005	0	0.001	0.001	0	0	0	0	0	0	0	0	0	0	0	0	0	0	0	0	0	0	0	0	0	0	0	0	0	0	0	0	0	0	0	0	0	0	0	0	0	0	0	0	0	0	0	
