1	1	1	1	1	1	1	1	1	1	0.999	0.997	1	0.996	0.989	0.993	0.979	0.959	0.939	0.925	0.922	0.902	0.842	0.817	0.799	0.729	0.708	0.68	0.602	0.553	0.502	0.433	0.413	0.321	0.243	0.18	0.148	0.095	0.057	0.031	0.023	0.007	0.008	0.003	0.002	0	0	0	0	0	0	0	0	0	0	0	0	0	0	0	0	0	0	0	0	0	0	0	0	0	0	0	0	0	0	0	0	0	0	0	0	0	0	0	0	0	0	0	0	0	0	0	0	0	0	0	0	0	0	0	
1	1	1	1	0.999	1	0.998	1	0.999	0.999	1	1	0.999	1	1	1	0.999	0.998	0.999	0.998	1	0.999	0.996	0.992	0.988	0.991	0.972	0.963	0.923	0.912	0.862	0.819	0.784	0.714	0.657	0.609	0.492	0.466	0.393	0.327	0.275	0.251	0.209	0.167	0.144	0.102	0.107	0.063	0.059	0.041	0.028	0.018	0.009	0.012	0.011	0.005	0.002	0.002	0.002	0	0.002	0.001	0	0	0	0	0	0	0	0	0	0	0	0	0	0	0	0	0	0	0	0	0	0	0	0	0	0	0	0	0	0	0	0	0	0	0	0	0	0	
1	1	1	1	1	1	1	1	1	1	1	1	1	1	1	1	1	1	1	1	1	0.998	1	0.998	0.99	0.994	0.99	0.99	0.994	0.986	0.99	0.981	0.981	0.968	0.952	0.935	0.909	0.889	0.842	0.776	0.726	0.651	0.573	0.486	0.372	0.285	0.232	0.129	0.085	0.058	0.034	0.013	0.014	0.004	0.001	0	0	0	0	0	0	0	0	0	0	0	0	0	0	0	0	0	0	0	0	0	0	0	0	0	0	0	0	0	0	0	0	0	0	0	0	0	0	0	0	0	0	0	0	0	
1	1	1	1	1	1	1	1	1	1	1	1	1	1	1	1	1	1	1	1	1	1	1	1	1	1	1	0.999	0.994	0.994	0.976	0.93	0.87	0.796	0.707	0.578	0.479	0.367	0.273	0.196	0.126	0.095	0.074	0.044	0.025	0.014	0.009	0.004	0	0.001	0.001	0.001	0	0	0	0	0	0	0	0	0	0	0	0	0	0	0	0	0	0	0	0	0	0	0	0	0	0	0	0	0	0	0	0	0	0	0	0	0	0	0	0	0	0	0	0	0	0	0	0	
1	1	1	1	1	1	1	1	1	1	1	1	1	0.999	0.997	0.993	0.989	0.988	0.973	0.971	0.961	0.912	0.904	0.852	0.796	0.756	0.688	0.625	0.557	0.477	0.361	0.247	0.179	0.144	0.089	0.049	0.019	0.011	0.006	0.001	0	0.001	0	0	0	0	0	0	0	0	0	0	0	0	0	0	0	0	0	0	0	0	0	0	0	0	0	0	0	0	0	0	0	0	0	0	0	0	0	0	0	0	0	0	0	0	0	0	0	0	0	0	0	0	0	0	0	0	0	0	
1	1	1	1	1	0.999	0.998	0.999	0.999	1	1	1	0.999	0.998	0.996	0.987	0.96	0.952	0.932	0.851	0.782	0.729	0.638	0.562	0.496	0.417	0.322	0.224	0.163	0.101	0.069	0.027	0.014	0.007	0.001	0	0	0	0.001	0	0	0	0	0	0	0	0	0	0	0	0	0	0	0	0	0	0	0	0	0	0	0	0	0	0	0	0	0	0	0	0	0	0	0	0	0	0	0	0	0	0	0	0	0	0	0	0	0	0	0	0	0	0	0	0	0	0	0	0	0	
1	1	1	1	1	1	1	1	1	1	1	0.999	0.997	0.99	0.965	0.941	0.868	0.825	0.73	0.611	0.533	0.414	0.325	0.246	0.167	0.123	0.075	0.055	0.032	0.023	0.015	0.006	0.003	0.002	0.001	0.003	0.001	0	0.001	0	0	0	0	0	0	0	0	0	0	0	0	0	0	0	0	0	0	0	0	0	0	0	0	0	0	0	0	0	0	0	0	0	0	0	0	0	0	0	0	0	0	0	0	0	0	0	0	0	0	0	0	0	0	0	0	0	0	0	0	0	
1	1	1	1	1	1	1	1	1	1	1	1	1	1	1	1	1	1	1	1	1	0.997	0.992	0.984	0.958	0.93	0.834	0.746	0.636	0.537	0.454	0.349	0.277	0.188	0.148	0.112	0.072	0.051	0.05	0.039	0.022	0.023	0.01	0.007	0.006	0.006	0.002	0.003	0.001	0	0	0	0.001	0	0	0	0	0	0	0	0	0	0	0	0	0	0	0	0	0	0	0	0	0	0	0	0	0	0	0	0	0	0	0	0	0	0	0	0	0	0	0	0	0	0	0	0	0	0	0	
1	1	1	1	1	1	1	1	1	0.999	0.999	0.999	0.992	0.991	0.976	0.98	0.963	0.934	0.923	0.886	0.869	0.827	0.77	0.729	0.721	0.683	0.633	0.584	0.585	0.536	0.534	0.507	0.456	0.455	0.383	0.332	0.315	0.266	0.278	0.217	0.224	0.185	0.169	0.142	0.124	0.117	0.101	0.095	0.06	0.076	0.06	0.041	0.029	0.033	0.021	0.012	0.016	0.006	0.002	0.002	0.001	0	0	0	0	0	0	0	0	0	0	0	0	0	0	0	0	0	0	0	0	0	0	0	0	0	0	0	0	0	0	0	0	0	0	0	0	0	0	0	
1	1	1	1	1	1	1	1	1	1	1	0.999	1	0.997	0.999	0.989	0.982	0.955	0.92	0.864	0.779	0.681	0.574	0.416	0.301	0.169	0.134	0.057	0.028	0.01	0.01	0.002	0	0	0	0	0	0	0	0	0	0	0	0	0	0	0	0	0	0	0	0	0	0	0	0	0	0	0	0	0	0	0	0	0	0	0	0	0	0	0	0	0	0	0	0	0	0	0	0	0	0	0	0	0	0	0	0	0	0	0	0	0	0	0	0	0	0	0	0	
1	1	1	1	1	1	1	1	1	1	1	1	1	1	1	1	1	1	1	1	1	1	1	0.996	0.992	0.996	0.978	0.962	0.939	0.895	0.833	0.773	0.711	0.615	0.537	0.451	0.372	0.296	0.217	0.171	0.141	0.103	0.057	0.058	0.026	0.006	0.006	0.001	0.003	0	0	0	0.001	0	0	0	0	0	0	0	0	0	0	0	0	0	0	0	0	0	0	0	0	0	0	0	0	0	0	0	0	0	0	0	0	0	0	0	0	0	0	0	0	0	0	0	0	0	0	0	
1	1	1	1	1	1	0.994	0.98	0.913	0.759	0.564	0.391	0.229	0.177	0.113	0.078	0.098	0.092	0.088	0.091	0.102	0.115	0.129	0.14	0.173	0.164	0.227	0.188	0.231	0.215	0.2	0.246	0.245	0.245	0.245	0.212	0.179	0.188	0.172	0.147	0.151	0.116	0.099	0.066	0.073	0.04	0.036	0.027	0.021	0.008	0.013	0.009	0.006	0.004	0.001	0.003	0	0	0	0	0	0	0	0	0	0	0	0	0	0	0	0	0	0	0	0	0	0	0	0	0	0	0	0	0	0	0	0	0	0	0	0	0	0	0	0	0	0	0	0	
1	1	1	1	1	0.994	0.94	0.771	0.61	0.475	0.419	0.336	0.307	0.291	0.265	0.273	0.263	0.24	0.251	0.273	0.272	0.249	0.26	0.239	0.258	0.235	0.244	0.216	0.226	0.196	0.191	0.166	0.135	0.123	0.092	0.078	0.06	0.045	0.035	0.023	0.014	0.013	0.006	0.001	0.003	0.003	0.001	0.002	0	0	0	0	0	0	0	0	0	0	0	0	0	0	0	0	0	0	0	0	0	0	0	0	0	0	0	0	0	0	0	0	0	0	0	0	0	0	0	0	0	0	0	0	0	0	0	0	0	0	0	0	
1	1	1	1	1	1	1	1	1	1	1	1	1	1	1	1	1	1	1	1	1	1	1	1	1	1	1	1	1	1	1	1	1	1	1	1	0.995	0.988	0.978	0.957	0.901	0.807	0.722	0.54	0.461	0.317	0.231	0.155	0.083	0.062	0.03	0.019	0.005	0.001	0	0	0	0	0	0	0	0	0	0	0	0	0	0	0	0	0	0	0	0	0	0	0	0	0	0	0	0	0	0	0	0	0	0	0	0	0	0	0	0	0	0	0	0	0	0	
1	1	1	1	1	1	1	1	1	1	0.999	0.997	0.994	0.983	0.939	0.922	0.84	0.778	0.658	0.556	0.433	0.294	0.175	0.099	0.063	0.037	0.02	0.011	0.005	0.002	0	0.001	0	0	0	0	0	0	0	0	0	0	0	0	0	0	0	0	0	0	0	0	0	0	0	0	0	0	0	0	0	0	0	0	0	0	0	0	0	0	0	0	0	0	0	0	0	0	0	0	0	0	0	0	0	0	0	0	0	0	0	0	0	0	0	0	0	0	0	0	
1	1	1	1	1	1	0.999	0.997	0.978	0.939	0.788	0.52	0.283	0.124	0.052	0.019	0.008	0	0	0	0	0	0	0	0	0	0	0	0	0	0	0	0	0	0	0	0	0	0	0	0	0	0	0	0	0	0	0	0	0	0	0	0	0	0	0	0	0	0	0	0	0	0	0	0	0	0	0	0	0	0	0	0	0	0	0	0	0	0	0	0	0	0	0	0	0	0	0	0	0	0	0	0	0	0	0	0	0	0	0	
1	1	1	1	1	1	1	1	1	1	1	1	1	0.999	0.994	0.996	0.991	0.976	0.984	0.975	0.96	0.952	0.941	0.941	0.928	0.924	0.917	0.892	0.901	0.89	0.873	0.882	0.839	0.828	0.786	0.733	0.715	0.694	0.641	0.598	0.511	0.442	0.427	0.337	0.262	0.285	0.213	0.129	0.117	0.095	0.061	0.045	0.037	0.027	0.018	0.011	0.009	0.008	0.002	0.002	0	0	0.001	0.001	0	0.001	0	0	0	0	0	0	0	0	0	0	0	0	0	0	0	0	0	0	0	0	0	0	0	0	0	0	0	0	0	0	0	0	0	0	
1	1	1	1	1	1	1	1	1	1	1	1	1	1	1	1	1	1	1	1	1	1	1	1	1	1	1	1	1	1	0.999	1	0.998	0.997	0.988	0.988	0.981	0.966	0.959	0.956	0.945	0.899	0.877	0.871	0.81	0.769	0.698	0.625	0.563	0.475	0.385	0.319	0.232	0.177	0.144	0.097	0.081	0.063	0.028	0.025	0.009	0.01	0.01	0.003	0.005	0.001	0	0.002	0	0.001	0	0	0	0	0	0	0	0	0	0	0	0	0	0	0	0	0	0	0	0	0	0	0	0	0	0	0	0	0	0	
1	1	1	1	1	1	1	1	1	1	0.999	0.998	0.994	0.991	0.985	0.967	0.958	0.954	0.933	0.941	0.907	0.888	0.886	0.88	0.87	0.873	0.878	0.846	0.875	0.873	0.87	0.851	0.874	0.864	0.881	0.88	0.871	0.846	0.837	0.766	0.76	0.661	0.605	0.493	0.352	0.263	0.198	0.124	0.081	0.047	0.026	0.007	0.002	0.005	0.002	0.002	0.001	0	0	0	0	0	0	0	0	0	0	0	0	0	0	0	0	0	0	0	0	0	0	0	0	0	0	0	0	0	0	0	0	0	0	0	0	0	0	0	0	0	0	0	
1	1	0.998	0.93	0.729	0.434	0.323	0.189	0.104	0.061	0.017	0.01	0.009	0.002	0	0.001	0.001	0	0.001	0	0.001	0	0	0	0	0.001	0	0	0	0	0.002	0.001	0.003	0.004	0.006	0.004	0.006	0.014	0.012	0.018	0.024	0.028	0.025	0.024	0.018	0.029	0.022	0.03	0.02	0.021	0.018	0.019	0.016	0.009	0.003	0.004	0.007	0.003	0.004	0.001	0.004	0	0.002	0.003	0.003	0	0	0.001	0	0	0.001	0	0	0	0	0	0	0	0	0	0	0	0	0	0	0	0	0	0	0	0	0	0	0	0	0	0	0	0	0	
1	1	1	1	1	1	1	1	1	1	1	1	1	1	0.998	0.991	0.969	0.968	0.918	0.871	0.793	0.669	0.523	0.405	0.266	0.186	0.108	0.064	0.037	0.02	0.009	0.007	0.001	0.001	0	0	0	0	0	0	0	0	0	0	0	0	0	0	0	0	0	0	0	0	0	0	0	0	0	0	0	0	0	0	0	0	0	0	0	0	0	0	0	0	0	0	0	0	0	0	0	0	0	0	0	0	0	0	0	0	0	0	0	0	0	0	0	0	0	0	
1	1	1	1	1	1	1	0.993	0.969	0.897	0.783	0.699	0.627	0.534	0.422	0.321	0.262	0.183	0.115	0.061	0.044	0.018	0.014	0.012	0	0.002	0.002	0	0.001	0	0	0	0	0	0	0	0	0	0	0	0	0	0	0	0	0	0	0	0	0	0	0	0	0	0	0	0	0	0	0	0	0	0	0	0	0	0	0	0	0	0	0	0	0	0	0	0	0	0	0	0	0	0	0	0	0	0	0	0	0	0	0	0	0	0	0	0	0	0	0	
1	1	1	1	0.999	0.998	0.979	0.925	0.802	0.547	0.365	0.237	0.146	0.061	0.06	0.038	0.033	0.021	0.008	0.012	0.009	0.008	0.006	0.01	0.004	0	0.002	0.002	0.004	0.003	0.002	0.001	0.001	0.001	0	0	0	0	0.001	0	0	0	0	0	0	0	0	0	0	0	0	0	0	0	0	0	0	0	0	0	0	0	0	0	0	0	0	0	0	0	0	0	0	0	0	0	0	0	0	0	0	0	0	0	0	0	0	0	0	0	0	0	0	0	0	0	0	0	0	0	
1	1	1	1	0.999	0.99	0.926	0.75	0.53	0.313	0.222	0.143	0.095	0.089	0.083	0.068	0.047	0.065	0.065	0.065	0.059	0.055	0.049	0.069	0.042	0.042	0.037	0.035	0.028	0.018	0.016	0.007	0.006	0.005	0.002	0.003	0.002	0.001	0	0	0	0	0	0	0	0	0	0	0	0	0	0	0	0	0	0	0	0	0	0	0	0	0	0	0	0	0	0	0	0	0	0	0	0	0	0	0	0	0	0	0	0	0	0	0	0	0	0	0	0	0	0	0	0	0	0	0	0	0	0	
1	1	1	1	1	1	1	1	1	1	1	1	1	1	1	1	1	1	1	1	1	1	1	1	1	1	0.997	0.996	0.991	0.984	0.979	0.964	0.946	0.903	0.881	0.819	0.768	0.669	0.621	0.487	0.411	0.334	0.229	0.13	0.11	0.074	0.034	0.019	0.01	0.002	0.003	0.001	0	0.001	0.001	0	0	0	0	0	0	0	0	0	0	0	0	0	0	0	0	0	0	0	0	0	0	0	0	0	0	0	0	0	0	0	0	0	0	0	0	0	0	0	0	0	0	0	0	0	
1	1	0.993	0.984	0.972	0.974	0.975	0.98	0.975	0.985	0.989	0.993	0.995	0.997	0.994	0.999	1	0.999	1	0.997	0.997	0.998	1	0.998	0.993	0.994	0.992	0.99	0.988	0.991	0.992	0.98	0.979	0.986	0.982	0.973	0.974	0.975	0.943	0.942	0.901	0.875	0.813	0.773	0.712	0.626	0.552	0.467	0.401	0.334	0.254	0.206	0.166	0.118	0.074	0.037	0.04	0.015	0.009	0.005	0.004	0.006	0.001	0	0	0.001	0	0	0	0	0	0	0	0	0	0	0	0	0	0	0	0	0	0	0	0	0	0	0	0	0	0	0	0	0	0	0	0	0	0	
1	1	1	1	1	1	1	1	1	1	1	1	1	1	1	1	1	1	1	1	0.999	0.997	0.998	0.991	0.996	0.994	0.986	0.985	0.968	0.969	0.953	0.948	0.936	0.928	0.913	0.898	0.862	0.841	0.807	0.745	0.714	0.669	0.608	0.511	0.457	0.432	0.314	0.31	0.233	0.156	0.153	0.121	0.079	0.063	0.046	0.034	0.038	0.014	0.01	0.004	0.004	0.002	0	0.001	0	0	0	0	0	0	0	0	0	0	0	0	0	0	0	0	0	0	0	0	0	0	0	0	0	0	0	0	0	0	0	0	0	0	0	0	
1	1	1	1	1	1	1	1	1	1	1	1	1	1	1	1	1	1	1	1	1	1	1	0.999	1	1	0.999	1	1	0.998	0.996	0.998	0.997	0.997	0.997	0.995	0.988	0.983	0.975	0.964	0.957	0.938	0.894	0.852	0.823	0.772	0.685	0.616	0.557	0.482	0.404	0.316	0.237	0.184	0.135	0.093	0.069	0.05	0.031	0.02	0.011	0.005	0.006	0.001	0.001	0	0	0	0	0	0	0	0	0	0	0	0	0	0	0	0	0	0	0	0	0	0	0	0	0	0	0	0	0	0	0	0	0	0	0	
1	1	1	1	1	1	1	1	1	1	1	1	1	1	1	1	1	1	0.998	1	1	0.997	0.993	0.994	0.989	0.99	0.977	0.966	0.959	0.956	0.941	0.929	0.919	0.899	0.882	0.834	0.846	0.82	0.778	0.732	0.699	0.626	0.605	0.55	0.495	0.39	0.336	0.256	0.212	0.163	0.131	0.098	0.07	0.051	0.034	0.027	0.02	0.008	0.006	0.004	0.001	0.002	0.003	0	0.002	0	0	0	0	0	0	0	0	0	0	0	0	0	0	0	0	0	0	0	0	0	0	0	0	0	0	0	0	0	0	0	0	0	0	0	
1	1	1	1	1	1	0.997	0.988	0.973	0.914	0.818	0.766	0.686	0.59	0.525	0.445	0.389	0.325	0.228	0.166	0.141	0.089	0.071	0.072	0.046	0.034	0.028	0.016	0.008	0.008	0.008	0.001	0.003	0.005	0.001	0.001	0	0	0	0	0	0	0	0	0	0	0	0	0	0	0	0	0	0	0	0	0	0	0	0	0	0	0	0	0	0	0	0	0	0	0	0	0	0	0	0	0	0	0	0	0	0	0	0	0	0	0	0	0	0	0	0	0	0	0	0	0	0	0	0	
1	1	1	1	1	1	1	1	1	1	1	1	1	1	1	1	1	1	1	1	1	1	0.998	0.996	0.995	0.986	0.974	0.958	0.932	0.897	0.844	0.787	0.72	0.597	0.517	0.387	0.311	0.264	0.174	0.12	0.064	0.052	0.017	0.013	0.003	0.004	0	0	0.001	0	0	0	0	0	0	0	0	0	0	0	0	0	0	0	0	0	0	0	0	0	0	0	0	0	0	0	0	0	0	0	0	0	0	0	0	0	0	0	0	0	0	0	0	0	0	0	0	0	0	0	
1	0.762	0.623	0.632	0.718	0.796	0.846	0.895	0.915	0.928	0.949	0.96	0.969	0.955	0.975	0.968	0.965	0.973	0.963	0.966	0.965	0.968	0.963	0.968	0.961	0.968	0.971	0.964	0.974	0.971	0.971	0.961	0.959	0.944	0.936	0.902	0.86	0.812	0.741	0.672	0.634	0.531	0.414	0.392	0.316	0.244	0.198	0.144	0.1	0.073	0.05	0.038	0.029	0.023	0.014	0.011	0.003	0.003	0.001	0.001	0	0	0	0	0	0	0	0	0	0	0	0	0	0	0	0	0	0	0	0	0	0	0	0	0	0	0	0	0	0	0	0	0	0	0	0	0	0	0	0	
1	1	1	1	1	1	0.999	0.997	0.978	0.942	0.918	0.886	0.86	0.849	0.808	0.79	0.792	0.785	0.756	0.76	0.728	0.688	0.664	0.629	0.525	0.472	0.344	0.266	0.186	0.146	0.09	0.044	0.035	0.01	0.011	0.004	0	0	0	0	0	0	0	0	0	0	0	0	0	0	0	0	0	0	0	0	0	0	0	0	0	0	0	0	0	0	0	0	0	0	0	0	0	0	0	0	0	0	0	0	0	0	0	0	0	0	0	0	0	0	0	0	0	0	0	0	0	0	0	0	
1	1	1	1	1	1	1	1	1	1	0.998	0.999	0.995	0.991	0.984	0.963	0.957	0.931	0.899	0.874	0.816	0.745	0.698	0.633	0.524	0.417	0.328	0.25	0.182	0.128	0.098	0.061	0.036	0.017	0.007	0.006	0.004	0.001	0	0	0	0	0	0	0	0	0	0	0	0	0	0	0	0	0	0	0	0	0	0	0	0	0	0	0	0	0	0	0	0	0	0	0	0	0	0	0	0	0	0	0	0	0	0	0	0	0	0	0	0	0	0	0	0	0	0	0	0	0	0	
1	1	1	1	1	1	1	1	0.998	0.987	0.971	0.911	0.823	0.711	0.563	0.456	0.36	0.283	0.199	0.154	0.115	0.064	0.042	0.028	0.014	0.015	0.005	0.003	0	0.001	0	0	0	0	0	0	0	0	0	0	0	0	0	0	0	0	0	0	0	0	0	0	0	0	0	0	0	0	0	0	0	0	0	0	0	0	0	0	0	0	0	0	0	0	0	0	0	0	0	0	0	0	0	0	0	0	0	0	0	0	0	0	0	0	0	0	0	0	0	0	
1	1	1	1	1	1	1	1	1	1	1	1	1	1	1	1	1	1	1	0.999	1	0.998	1	0.995	0.993	0.987	0.981	0.973	0.968	0.958	0.946	0.918	0.913	0.889	0.86	0.852	0.808	0.761	0.745	0.695	0.662	0.59	0.563	0.507	0.473	0.409	0.375	0.323	0.283	0.212	0.209	0.171	0.13	0.098	0.057	0.043	0.036	0.022	0.009	0.007	0.002	0.002	0	0.001	0	0	0	0	0	0	0	0	0	0	0	0	0	0	0	0	0	0	0	0	0	0	0	0	0	0	0	0	0	0	0	0	0	0	0	0	
1	1	1	1	1	1	1	0.999	0.981	0.975	0.958	0.962	0.958	0.965	0.971	0.96	0.964	0.976	0.97	0.951	0.92	0.889	0.843	0.802	0.73	0.673	0.583	0.479	0.403	0.344	0.279	0.207	0.171	0.12	0.103	0.066	0.056	0.058	0.031	0.025	0.015	0.016	0.007	0.005	0.003	0.001	0.003	0.001	0	0	0	0	0	0	0	0	0	0	0	0	0	0	0	0	0	0	0	0	0	0	0	0	0	0	0	0	0	0	0	0	0	0	0	0	0	0	0	0	0	0	0	0	0	0	0	0	0	0	0	0	
1	1	1	1	1	1	1	1	1	1	1	1	1	1	1	1	1	1	1	1	1	1	1	0.999	0.996	0.995	0.994	0.986	0.973	0.932	0.929	0.87	0.786	0.716	0.624	0.495	0.381	0.262	0.212	0.109	0.064	0.031	0.026	0.01	0.002	0	0.001	0	0	0	0	0	0	0	0	0	0	0	0	0	0	0	0	0	0	0	0	0	0	0	0	0	0	0	0	0	0	0	0	0	0	0	0	0	0	0	0	0	0	0	0	0	0	0	0	0	0	0	0	0	
1	1	1	1	0.999	1	1	1	1	0.999	0.999	0.999	0.998	0.993	0.99	0.995	0.989	0.986	0.98	0.974	0.955	0.946	0.934	0.92	0.914	0.869	0.856	0.839	0.762	0.745	0.693	0.684	0.662	0.592	0.56	0.521	0.478	0.425	0.331	0.273	0.255	0.198	0.184	0.124	0.094	0.061	0.039	0.024	0.016	0.006	0.003	0.006	0.002	0.002	0	0	0	0	0	0	0	0	0	0	0	0	0	0	0	0	0	0	0	0	0	0	0	0	0	0	0	0	0	0	0	0	0	0	0	0	0	0	0	0	0	0	0	0	0	0	
1	1	1	1	1	1	1	1	1	1	1	1	1	0.999	0.994	0.99	0.958	0.923	0.852	0.783	0.669	0.579	0.469	0.418	0.342	0.258	0.228	0.17	0.123	0.123	0.087	0.076	0.059	0.053	0.033	0.03	0.03	0.03	0.02	0.013	0.014	0.019	0.012	0.008	0.008	0.005	0.003	0.004	0.004	0.002	0.002	0.002	0.001	0	0.001	0	0	0	0	0	0	0	0	0	0.001	0	0	0	0	0	0	0	0	0	0	0	0	0	0	0	0	0	0	0	0	0	0	0	0	0	0	0	0	0	0	0	0	0	0	0	
1	1	1	1	1	1	1	1	1	1	1	1	1	1	1	1	1	1	1	1	1	1	1	1	1	1	1	1	1	1	1	1	1	1	1	1	1	1	1	1	1	1	1	1	1	1	1	1	1	1	1	1	1	1	1	1	1	1	1	0.999	1	0.999	0.997	0.999	0.995	0.991	0.988	0.98	0.976	0.957	0.935	0.918	0.869	0.86	0.822	0.804	0.71	0.673	0.587	0.546	0.459	0.365	0.331	0.246	0.188	0.143	0.11	0.081	0.047	0.028	0.017	0.009	0.011	0.002	0	0.002	0.001	0.001	0.001	0	
1	1	1	1	1	1	1	1	1	1	1	1	1	1	1	0.999	1	1	1	1	1	1	1	0.998	0.996	0.998	0.999	0.996	0.995	0.997	0.992	0.981	0.977	0.969	0.934	0.913	0.88	0.839	0.775	0.661	0.605	0.488	0.362	0.259	0.183	0.107	0.06	0.038	0.014	0.007	0.003	0.002	0.001	0	0	0	0	0	0	0	0	0	0	0	0	0	0	0	0	0	0	0	0	0	0	0	0	0	0	0	0	0	0	0	0	0	0	0	0	0	0	0	0	0	0	0	0	0	0	0	
1	1	1	1	1	1	1	1	1	1	1	1	1	1	1	1	1	1	1	1	1	1	1	1	1	1	1	1	1	1	1	1	1	1	0.997	0.998	0.995	0.983	0.972	0.954	0.933	0.894	0.809	0.75	0.637	0.537	0.451	0.366	0.292	0.207	0.136	0.085	0.067	0.024	0.024	0.01	0.005	0.005	0.001	0	0	0	0	0	0	0	0	0	0	0	0	0	0	0	0	0	0	0	0	0	0	0	0	0	0	0	0	0	0	0	0	0	0	0	0	0	0	0	0	0	
1	1	1	1	1	1	1	1	0.998	1	0.999	0.998	0.991	0.992	0.988	0.994	0.994	0.995	0.998	0.996	0.998	0.998	0.994	0.999	1	0.999	1	1	0.999	0.999	1	0.999	0.999	0.999	0.997	0.995	0.997	0.997	0.995	0.995	0.994	0.992	0.984	0.983	0.977	0.971	0.961	0.941	0.944	0.898	0.866	0.845	0.793	0.784	0.741	0.673	0.664	0.608	0.57	0.528	0.544	0.471	0.411	0.373	0.313	0.252	0.203	0.15	0.106	0.071	0.047	0.028	0.019	0.008	0.006	0.005	0.003	0.002	0	0	0	0	0	0	0	0	0	0	0	0	0	0	0	0	0	0	0	0	0	0	
1	0.996	0.969	0.909	0.916	0.946	0.939	0.926	0.894	0.83	0.769	0.623	0.467	0.329	0.212	0.119	0.067	0.032	0.035	0.017	0.01	0.008	0.006	0.001	0	0.002	0.001	0	0	0	0	0	0	0	0	0	0	0	0	0	0	0	0	0	0	0	0	0	0	0	0	0	0	0	0	0	0	0	0	0	0	0	0	0	0	0	0	0	0	0	0	0	0	0	0	0	0	0	0	0	0	0	0	0	0	0	0	0	0	0	0	0	0	0	0	0	0	0	0	0	
1	0.995	0.985	0.951	0.909	0.85	0.8	0.806	0.766	0.778	0.782	0.768	0.797	0.797	0.803	0.768	0.736	0.697	0.695	0.658	0.631	0.595	0.592	0.607	0.619	0.656	0.642	0.703	0.696	0.705	0.711	0.737	0.717	0.746	0.742	0.751	0.765	0.791	0.811	0.868	0.879	0.916	0.943	0.959	0.972	0.986	0.975	0.984	0.989	0.973	0.964	0.955	0.95	0.921	0.9	0.899	0.879	0.857	0.835	0.811	0.808	0.802	0.738	0.761	0.743	0.738	0.737	0.714	0.666	0.704	0.675	0.697	0.644	0.641	0.63	0.638	0.59	0.588	0.592	0.581	0.548	0.546	0.524	0.512	0.506	0.512	0.504	0.483	0.514	0.486	0.474	0.457	0.449	0.439	0.467	0.467	0.471	0.436	0.446	0.421	
1	1	1	1	1	1	1	1	1	1	1	1	1	1	1	1	0.999	0.982	0.959	0.898	0.78	0.612	0.39	0.248	0.143	0.047	0.026	0.012	0.008	0.003	0.001	0	0	0	0	0	0	0	0	0	0	0	0	0	0	0	0	0	0	0	0	0	0	0	0	0	0	0	0	0	0	0	0	0	0	0	0	0	0	0	0	0	0	0	0	0	0	0	0	0	0	0	0	0	0	0	0	0	0	0	0	0	0	0	0	0	0	0	0	0	
1	1	1	0.996	0.948	0.853	0.734	0.695	0.647	0.642	0.626	0.601	0.579	0.586	0.55	0.537	0.501	0.488	0.453	0.421	0.413	0.411	0.377	0.393	0.365	0.359	0.362	0.338	0.316	0.287	0.275	0.257	0.263	0.21	0.181	0.16	0.123	0.122	0.104	0.072	0.064	0.045	0.033	0.027	0.018	0.012	0.005	0.003	0.002	0.004	0.001	0.001	0.001	0	0	0	0	0	0	0	0	0	0	0	0	0	0	0	0	0	0	0	0	0	0	0	0	0	0	0	0	0	0	0	0	0	0	0	0	0	0	0	0	0	0	0	0	0	0	0	
1	1	1	1	1	1	1	1	1	1	1	1	1	1	1	1	1	1	1	1	0.998	0.997	0.989	0.983	0.972	0.955	0.93	0.901	0.812	0.739	0.633	0.531	0.43	0.294	0.214	0.138	0.071	0.036	0.031	0.009	0.004	0.001	0.001	0	0	0	0	0	0	0	0	0	0	0	0	0	0	0	0	0	0	0	0	0	0	0	0	0	0	0	0	0	0	0	0	0	0	0	0	0	0	0	0	0	0	0	0	0	0	0	0	0	0	0	0	0	0	0	0	0	
1	0.97	0.777	0.207	0.024	0.008	0.005	0.002	0	0	0	0.001	0	0	0	0	0	0	0	0	0	0	0	0	0	0	0	0	0	0	0	0	0	0	0	0	0	0	0	0	0	0	0	0	0	0	0	0	0	0	0	0	0	0	0	0	0	0	0	0	0	0	0	0	0	0	0	0	0	0	0	0	0	0	0	0	0	0	0	0	0	0	0	0	0	0	0	0	0	0	0	0	0	0	0	0	0	0	0	0	
1	1	1	1	1	1	1	1	1	1	1	1	1	1	1	1	1	1	1	1	1	1	1	1	1	1	1	1	1	1	1	1	1	0.991	0.995	0.982	0.957	0.946	0.89	0.835	0.748	0.654	0.537	0.405	0.308	0.214	0.14	0.094	0.047	0.027	0.02	0.008	0.002	0	0	0.001	0	0	0	0	0	0	0	0	0	0	0	0	0	0	0	0	0	0	0	0	0	0	0	0	0	0	0	0	0	0	0	0	0	0	0	0	0	0	0	0	0	0	0	0	
1	1	1	1	1	1	1	1	1	0.998	0.99	0.969	0.948	0.902	0.857	0.809	0.795	0.76	0.738	0.766	0.741	0.758	0.756	0.778	0.806	0.786	0.836	0.839	0.88	0.905	0.923	0.944	0.957	0.951	0.968	0.972	0.982	0.975	0.975	0.98	0.977	0.968	0.959	0.94	0.911	0.884	0.834	0.794	0.73	0.652	0.547	0.468	0.34	0.267	0.185	0.13	0.094	0.056	0.028	0.01	0.002	0.001	0	0	0	0	0	0	0	0	0	0	0	0	0	0	0	0	0	0	0	0	0	0	0	0	0	0	0	0	0	0	0	0	0	0	0	0	0	0	
1	1	1	1	1	0.998	0.964	0.759	0.439	0.188	0.059	0.016	0.004	0.002	0	0	0	0	0	0	0	0	0	0	0	0	0	0	0	0	0	0	0	0	0	0	0	0	0	0	0	0	0	0	0	0	0	0	0	0	0	0	0	0	0	0	0	0	0	0	0	0	0	0	0	0	0	0	0	0	0	0	0	0	0	0	0	0	0	0	0	0	0	0	0	0	0	0	0	0	0	0	0	0	0	0	0	0	0	0	
1	1	1	1	1	1	1	1	1	1	1	1	1	1	1	1	1	1	1	1	1	1	1	1	1	1	1	0.999	0.999	0.999	0.996	0.996	0.986	0.981	0.969	0.944	0.913	0.881	0.826	0.783	0.733	0.667	0.62	0.533	0.438	0.357	0.284	0.231	0.187	0.137	0.101	0.081	0.044	0.034	0.019	0.011	0.008	0.004	0.001	0	0.001	0	0	0	0	0	0	0	0	0	0	0	0	0	0	0	0	0	0	0	0	0	0	0	0	0	0	0	0	0	0	0	0	0	0	0	0	0	0	0	
1	1	1	1	1	1	1	1	1	1	1	1	1	1	0.998	0.998	0.997	0.993	0.974	0.977	0.963	0.927	0.88	0.866	0.803	0.77	0.703	0.662	0.559	0.515	0.432	0.372	0.295	0.205	0.188	0.147	0.137	0.094	0.066	0.039	0.032	0.022	0.016	0.012	0.014	0.006	0.002	0.003	0.001	0	0.001	0.002	0.001	0	0	0	0	0	0	0	0	0	0	0	0	0	0	0	0	0	0	0	0	0	0	0	0	0	0	0	0	0	0	0	0	0	0	0	0	0	0	0	0	0	0	0	0	0	0	0	
1	1	1	1	1	1	0.992	0.967	0.919	0.84	0.741	0.713	0.668	0.66	0.699	0.721	0.69	0.659	0.651	0.634	0.607	0.545	0.513	0.438	0.418	0.368	0.28	0.255	0.195	0.156	0.13	0.111	0.079	0.064	0.041	0.036	0.024	0.019	0.016	0.013	0.008	0.005	0.003	0.002	0.001	0.001	0	0.002	0.001	0	0	0	0	0.001	0	0	0	0	0	0	0	0	0	0	0	0	0	0	0	0	0	0	0	0	0	0	0	0	0	0	0	0	0	0	0	0	0	0	0	0	0	0	0	0	0	0	0	0	0	0	
1	1	1	1	1	1	1	1	1	1	1	1	1	1	1	1	1	1	1	1	0.995	0.996	0.981	0.969	0.951	0.925	0.894	0.842	0.79	0.682	0.636	0.557	0.451	0.383	0.28	0.23	0.182	0.148	0.112	0.089	0.055	0.043	0.033	0.03	0.021	0.01	0.011	0.014	0.008	0.005	0.002	0.002	0.001	0.004	0.002	0	0	0	0.001	0	0	0	0	0	0	0	0	0	0	0	0	0	0	0	0	0	0	0	0	0	0	0	0	0	0	0	0	0	0	0	0	0	0	0	0	0	0	0	0	0	
1	1	1	1	1	1	1	1	1	1	1	1	1	1	1	1	1	1	1	1	1	1	1	0.997	0.999	0.993	0.99	0.976	0.973	0.969	0.946	0.928	0.867	0.892	0.823	0.788	0.739	0.689	0.655	0.613	0.533	0.46	0.375	0.343	0.295	0.227	0.212	0.153	0.123	0.074	0.054	0.037	0.046	0.029	0.015	0.017	0.005	0.002	0	0.001	0.002	0	0	0	0	0	0	0	0	0	0	0	0	0	0	0	0	0	0	0	0	0	0	0	0	0	0	0	0	0	0	0	0	0	0	0	0	0	0	0	
1	1	1	1	1	1	1	1	1	1	1	1	1	1	1	1	1	1	1	1	1	1	1	1	1	1	0.995	0.995	0.979	0.974	0.944	0.917	0.866	0.823	0.751	0.703	0.642	0.557	0.467	0.425	0.32	0.256	0.193	0.145	0.116	0.085	0.054	0.05	0.022	0.01	0.01	0.006	0.001	0	0	0	0	0	0	0	0	0	0	0	0	0	0	0	0	0	0	0	0	0	0	0	0	0	0	0	0	0	0	0	0	0	0	0	0	0	0	0	0	0	0	0	0	0	0	0	
1	1	1	1	1	1	1	1	1	1	1	1	1	1	1	1	1	0.998	0.996	0.997	0.995	0.969	0.965	0.936	0.887	0.843	0.747	0.674	0.557	0.458	0.363	0.272	0.183	0.121	0.069	0.039	0.03	0.009	0.005	0.003	0.001	0	0	0	0	0	0	0	0	0	0	0	0	0	0	0	0	0	0	0	0	0	0	0	0	0	0	0	0	0	0	0	0	0	0	0	0	0	0	0	0	0	0	0	0	0	0	0	0	0	0	0	0	0	0	0	0	0	0	0	
1	1	1	1	1	1	1	1	1	1	1	1	1	1	1	1	1	1	1	1	1	1	1	1	1	1	1	1	1	0.999	0.997	0.992	0.994	0.988	0.983	0.969	0.946	0.944	0.924	0.894	0.881	0.845	0.836	0.805	0.779	0.776	0.725	0.687	0.665	0.592	0.528	0.478	0.434	0.323	0.27	0.202	0.126	0.079	0.04	0.03	0.01	0.005	0.003	0.001	0.001	0	0.001	0	0	0	0	0	0	0	0	0	0	0	0	0	0	0	0	0	0	0	0	0	0	0	0	0	0	0	0	0	0	0	0	0	
1	1	1	1	1	1	1	1	1	1	1	1	1	1	1	1	1	1	1	1	1	1	1	1	1	1	1	1	1	1	1	1	1	0.999	0.999	0.998	0.995	0.992	0.991	0.967	0.938	0.889	0.851	0.739	0.684	0.565	0.469	0.387	0.297	0.255	0.194	0.155	0.096	0.077	0.049	0.04	0.026	0.013	0.01	0.005	0.003	0.001	0.001	0.001	0	0.001	0	0	0	0	0	0	0	0	0	0	0	0	0	0	0	0	0	0	0	0	0	0	0	0	0	0	0	0	0	0	0	0	0	0	
1	1	1	1	1	1	1	1	1	1	1	1	0.99	0.975	0.948	0.903	0.838	0.757	0.642	0.526	0.476	0.383	0.328	0.277	0.277	0.224	0.226	0.192	0.184	0.214	0.222	0.208	0.22	0.235	0.243	0.262	0.253	0.247	0.235	0.217	0.189	0.153	0.132	0.086	0.065	0.052	0.045	0.019	0.017	0.014	0.004	0.004	0.001	0.001	0	0	0	0	0	0	0	0	0	0	0	0	0	0	0	0	0	0	0	0	0	0	0	0	0	0	0	0	0	0	0	0	0	0	0	0	0	0	0	0	0	0	0	0	0	0	
1	1	1	1	1	1	1	1	1	1	1	1	1	1	1	1	1	1	0.998	0.997	0.989	0.955	0.91	0.816	0.668	0.525	0.329	0.222	0.148	0.092	0.037	0.027	0.012	0.006	0.002	0.002	0.001	0	0	0	0	0	0	0	0	0	0	0	0	0	0	0	0	0	0	0	0	0	0	0	0	0	0	0	0	0	0	0	0	0	0	0	0	0	0	0	0	0	0	0	0	0	0	0	0	0	0	0	0	0	0	0	0	0	0	0	0	0	0	0	
1	0.966	0.407	0.04	0.005	0	0	0	0	0	0	0	0	0	0	0	0	0	0	0	0	0	0	0	0	0	0	0	0	0	0	0	0	0	0	0	0	0	0	0	0	0	0	0	0	0	0	0	0	0	0	0	0	0	0	0	0	0	0	0	0	0	0	0	0	0	0	0	0	0	0	0	0	0	0	0	0	0	0	0	0	0	0	0	0	0	0	0	0	0	0	0	0	0	0	0	0	0	0	0	
1	0.93	0.748	0.593	0.491	0.454	0.405	0.363	0.302	0.236	0.147	0.128	0.109	0.09	0.076	0.075	0.071	0.069	0.077	0.077	0.062	0.074	0.086	0.074	0.063	0.075	0.068	0.075	0.081	0.05	0.049	0.038	0.046	0.039	0.033	0.023	0.018	0.011	0.006	0.005	0.003	0.003	0.002	0	0	0	0	0	0	0	0	0	0	0	0	0	0	0	0	0	0	0	0	0	0	0	0	0	0	0	0	0	0	0	0	0	0	0	0	0	0	0	0	0	0	0	0	0	0	0	0	0	0	0	0	0	0	0	0	0	
1	1	1	1	1	1	1	1	1	1	1	1	1	0.997	0.971	0.851	0.694	0.446	0.277	0.116	0.057	0.029	0.013	0.005	0.002	0.002	0.001	0	0	0.002	0	0	0.001	0.001	0.002	0	0.001	0.003	0.009	0.003	0.009	0.016	0.021	0.025	0.026	0.037	0.043	0.042	0.021	0.031	0.018	0.016	0.006	0.003	0.001	0.002	0	0	0	0	0	0	0	0	0	0	0	0	0	0	0	0	0	0	0	0	0	0	0	0	0	0	0	0	0	0	0	0	0	0	0	0	0	0	0	0	0	0	0	0	
1	1	1	1	1	1	1	1	1	0.999	0.995	0.99	0.987	0.976	0.978	0.969	0.956	0.93	0.888	0.846	0.787	0.703	0.605	0.468	0.367	0.261	0.18	0.159	0.098	0.06	0.043	0.02	0.014	0.004	0.01	0.002	0.002	0	0.001	0	0	0.001	0	0	0	0	0	0	0	0	0	0	0	0	0	0	0	0	0	0	0	0	0	0	0	0	0	0	0	0	0	0	0	0	0	0	0	0	0	0	0	0	0	0	0	0	0	0	0	0	0	0	0	0	0	0	0	0	0	0	
1	1	1	1	1	1	1	1	1	0.999	0.998	0.998	0.995	0.998	0.998	0.997	0.996	0.998	1	0.994	1	0.991	0.997	0.993	0.994	0.985	0.987	0.982	0.97	0.953	0.951	0.938	0.924	0.91	0.89	0.883	0.843	0.823	0.794	0.731	0.687	0.643	0.585	0.539	0.451	0.38	0.328	0.282	0.216	0.189	0.153	0.105	0.091	0.058	0.043	0.035	0.03	0.015	0.015	0.008	0.006	0.002	0.003	0	0.001	0	0	0	0	0	0	0	0	0	0	0	0	0	0	0	0	0	0	0	0	0	0	0	0	0	0	0	0	0	0	0	0	0	0	0	
1	1	1	1	1	1	1	1	1	1	1	1	1	0.999	1	1	1	1	0.999	0.999	0.995	0.995	0.994	0.992	0.997	0.993	0.995	0.996	0.993	0.996	0.993	0.999	0.998	0.99	0.995	0.994	0.996	0.995	0.989	0.978	0.978	0.97	0.967	0.941	0.9	0.867	0.819	0.725	0.634	0.519	0.445	0.288	0.195	0.147	0.109	0.041	0.029	0.011	0.004	0	0.002	0	0	0	0	0	0	0	0	0	0	0	0	0	0	0	0	0	0	0	0	0	0	0	0	0	0	0	0	0	0	0	0	0	0	0	0	0	0	0	
1	1	1	1	1	1	1	1	1	1	1	1	1	1	1	1	1	1	1	1	0.999	1	0.998	0.998	0.999	0.994	0.996	0.997	0.993	0.995	0.991	0.987	0.983	0.969	0.946	0.901	0.867	0.791	0.733	0.608	0.58	0.503	0.398	0.319	0.257	0.223	0.194	0.136	0.097	0.086	0.066	0.049	0.034	0.015	0.027	0.012	0.006	0.006	0.004	0.001	0.001	0.001	0	0	0	0	0	0	0	0	0	0	0	0	0	0	0	0	0	0	0	0	0	0	0	0	0	0	0	0	0	0	0	0	0	0	0	0	0	0	
1	1	1	0.99	0.904	0.78	0.67	0.588	0.523	0.474	0.399	0.349	0.346	0.302	0.299	0.231	0.227	0.233	0.173	0.17	0.141	0.113	0.097	0.079	0.056	0.041	0.037	0.033	0.019	0.017	0.019	0.014	0.005	0.008	0.001	0.005	0.005	0	0.002	0.001	0.003	0.004	0.001	0.001	0.001	0.003	0.001	0	0.001	0.001	0.002	0	0.003	0	0.001	0	0	0	0	0.001	0	0	0	0	0	0	0	0	0	0	0	0	0	0	0	0	0	0	0	0	0	0	0	0	0	0	0	0	0	0	0	0	0	0	0	0	0	0	0	0	
1	1	1	1	1	1	1	1	1	1	1	0.998	0.997	0.993	0.983	0.967	0.961	0.928	0.882	0.872	0.841	0.821	0.77	0.771	0.727	0.717	0.677	0.695	0.655	0.634	0.663	0.665	0.663	0.637	0.639	0.657	0.648	0.658	0.661	0.647	0.575	0.577	0.533	0.471	0.382	0.308	0.242	0.163	0.097	0.07	0.038	0.015	0.007	0.005	0.002	0.001	0	0.001	0	0	0	0	0	0	0	0	0	0	0	0	0	0	0	0	0	0	0	0	0	0	0	0	0	0	0	0	0	0	0	0	0	0	0	0	0	0	0	0	0	0	
1	1	1	1	1	1	1	1	1	1	1	1	1	1	1	1	0.999	1	0.999	0.998	0.998	0.993	0.995	0.982	0.989	0.97	0.96	0.94	0.936	0.884	0.858	0.798	0.725	0.69	0.594	0.509	0.454	0.363	0.287	0.211	0.134	0.098	0.054	0.031	0.022	0.005	0.006	0.001	0.001	0.002	0	0	0	0	0	0	0	0	0	0	0	0	0	0	0	0	0	0	0	0	0	0	0	0	0	0	0	0	0	0	0	0	0	0	0	0	0	0	0	0	0	0	0	0	0	0	0	0	0	0	
1	1	1	1	1	1	1	1	1	1	1	1	1	0.999	0.998	0.979	0.931	0.852	0.731	0.562	0.442	0.31	0.257	0.21	0.17	0.117	0.114	0.077	0.086	0.09	0.067	0.042	0.039	0.038	0.021	0.023	0.017	0.012	0.013	0.003	0.003	0.001	0	0	0	0	0	0	0	0	0	0	0	0	0	0	0	0	0	0	0	0	0	0	0	0	0	0	0	0	0	0	0	0	0	0	0	0	0	0	0	0	0	0	0	0	0	0	0	0	0	0	0	0	0	0	0	0	0	0	
1	1	1	1	1	1	1	1	1	1	1	1	1	1	1	1	0.999	0.998	0.996	0.996	0.99	0.979	0.959	0.932	0.906	0.873	0.847	0.785	0.752	0.721	0.678	0.671	0.646	0.619	0.602	0.594	0.58	0.554	0.59	0.579	0.593	0.537	0.506	0.456	0.376	0.282	0.185	0.112	0.058	0.033	0.015	0.007	0	0	0	0	0	0	0	0	0	0	0	0	0	0	0	0	0	0	0	0	0	0	0	0	0	0	0	0	0	0	0	0	0	0	0	0	0	0	0	0	0	0	0	0	0	0	0	0	
1	1	1	1	1	1	1	1	1	1	1	1	1	1	1	1	1	0.999	0.999	1	1	0.998	0.992	0.992	0.98	0.986	0.975	0.954	0.916	0.858	0.779	0.634	0.508	0.358	0.246	0.141	0.087	0.039	0.015	0.005	0.002	0.002	0	0	0	0	0	0	0	0	0	0	0	0	0	0	0	0	0	0	0	0	0	0	0	0	0	0	0	0	0	0	0	0	0	0	0	0	0	0	0	0	0	0	0	0	0	0	0	0	0	0	0	0	0	0	0	0	0	0	
1	1	1	0.989	0.919	0.752	0.557	0.439	0.364	0.325	0.269	0.291	0.285	0.261	0.254	0.258	0.249	0.242	0.205	0.172	0.172	0.144	0.121	0.117	0.094	0.083	0.069	0.075	0.056	0.046	0.047	0.039	0.031	0.015	0.011	0.013	0.013	0.003	0.006	0.002	0.004	0.002	0.004	0.002	0.001	0	0	0	0	0	0	0	0	0	0	0	0	0	0	0	0	0	0	0	0	0	0	0	0	0	0	0	0	0	0	0	0	0	0	0	0	0	0	0	0	0	0	0	0	0	0	0	0	0	0	0	0	0	0	0	
1	1	1	1	0.993	0.984	0.955	0.936	0.88	0.824	0.774	0.66	0.652	0.558	0.513	0.431	0.375	0.347	0.323	0.294	0.316	0.265	0.255	0.279	0.271	0.297	0.259	0.241	0.251	0.219	0.228	0.184	0.18	0.166	0.133	0.103	0.092	0.088	0.057	0.042	0.027	0.019	0.019	0.014	0.001	0	0.001	0.001	0	0	0	0	0	0	0	0	0	0	0	0	0	0	0	0	0	0	0	0	0	0	0	0	0	0	0	0	0	0	0	0	0	0	0	0	0	0	0	0	0	0	0	0	0	0	0	0	0	0	0	0	
1	1	1	1	1	1	1	1	1	1	1	1	1	1	1	1	1	1	1	1	1	1	1	0.999	0.999	1	0.998	0.999	0.998	0.995	0.992	0.983	0.974	0.96	0.955	0.928	0.914	0.876	0.835	0.778	0.726	0.674	0.575	0.506	0.46	0.355	0.297	0.237	0.159	0.139	0.094	0.048	0.035	0.026	0.011	0.008	0.004	0.001	0.002	0	0	0	0	0	0	0	0	0	0	0	0	0	0	0	0	0	0	0	0	0	0	0	0	0	0	0	0	0	0	0	0	0	0	0	0	0	0	0	0	0	
1	1	1	1	1	1	1	1	1	1	1	1	1	0.999	1	0.998	1	0.997	0.999	0.998	0.998	0.999	0.997	0.996	0.997	0.997	0.995	0.998	0.994	0.994	0.994	0.995	0.977	0.98	0.981	0.975	0.961	0.958	0.948	0.933	0.908	0.883	0.881	0.859	0.848	0.825	0.776	0.698	0.675	0.634	0.582	0.547	0.488	0.415	0.348	0.315	0.258	0.228	0.167	0.124	0.112	0.074	0.047	0.037	0.025	0.014	0.007	0.004	0.002	0.004	0.001	0	0.001	0	0	0	0	0	0	0	0	0	0	0	0	0	0	0	0	0	0	0	0	0	0	0	0	0	0	0	
1	1	1	1	1	1	1	1	1	1	1	1	1	1	1	1	1	1	1	1	1	1	1	1	1	1	0.999	1	1	1	1	1	1	1	1	0.997	0.998	0.986	0.967	0.927	0.884	0.721	0.558	0.416	0.261	0.139	0.076	0.026	0.011	0.01	0.003	0	0	0	0	0	0	0	0	0	0	0	0	0	0	0	0	0	0	0	0	0	0	0	0	0	0	0	0	0	0	0	0	0	0	0	0	0	0	0	0	0	0	0	0	0	0	0	0	0	
1	1	1	1	1	1	1	1	1	1	0.997	0.996	0.979	0.965	0.916	0.859	0.761	0.678	0.581	0.483	0.434	0.321	0.29	0.254	0.196	0.189	0.138	0.118	0.084	0.084	0.055	0.033	0.023	0.025	0.013	0.014	0.005	0.006	0.003	0.001	0.003	0	0.001	0.001	0	0	0	0	0	0	0	0	0	0	0	0	0	0	0	0	0	0	0	0	0	0	0	0	0	0	0	0	0	0	0	0	0	0	0	0	0	0	0	0	0	0	0	0	0	0	0	0	0	0	0	0	0	0	0	0	
1	1	1	1	1	1	1	1	1	1	1	1	1	1	1	1	1	1	1	1	1	1	1	1	1	1	1	1	1	1	1	1	1	0.999	0.993	0.977	0.934	0.902	0.842	0.708	0.552	0.454	0.314	0.199	0.119	0.061	0.036	0.019	0.013	0.005	0	0.001	0.001	0.001	0	0	0	0	0	0	0	0	0	0	0	0	0	0	0	0	0	0	0	0	0	0	0	0	0	0	0	0	0	0	0	0	0	0	0	0	0	0	0	0	0	0	0	0	0	0	
1	1	1	1	1	1	1	1	1	1	1	1	1	1	1	1	1	1	1	1	1	1	1	1	1	1	1	1	1	1	1	1	1	1	1	1	1	1	1	0.999	1	1	1	1	0.999	1	1	1	0.998	1	1	0.999	0.995	0.997	0.998	0.99	0.972	0.96	0.928	0.848	0.751	0.657	0.503	0.41	0.271	0.138	0.101	0.047	0.032	0.014	0.004	0	0.001	0.001	0	0	0	0	0	0	0	0	0	0	0	0	0	0	0	0	0	0	0	0	0	0	0	0	0	0	
1	1	1	1	1	1	1	1	1	1	1	1	1	1	1	1	1	1	1	1	0.997	0.994	0.975	0.956	0.917	0.865	0.812	0.737	0.646	0.525	0.435	0.349	0.303	0.219	0.165	0.141	0.085	0.066	0.05	0.03	0.025	0.01	0.009	0.004	0.004	0	0.001	0	0.001	0	0	0	0	0	0	0	0	0	0	0	0	0	0	0	0	0	0	0	0	0	0	0	0	0	0	0	0	0	0	0	0	0	0	0	0	0	0	0	0	0	0	0	0	0	0	0	0	0	0	0	
1	1	1	1	1	1	1	1	0.999	0.99	0.985	0.965	0.956	0.937	0.923	0.933	0.926	0.936	0.952	0.955	0.963	0.976	0.978	0.985	0.984	0.99	0.988	0.994	0.996	0.996	0.992	0.993	0.995	0.999	0.995	0.992	0.995	0.994	0.996	0.989	0.988	0.99	0.985	0.971	0.963	0.972	0.944	0.937	0.913	0.879	0.864	0.812	0.751	0.703	0.66	0.576	0.477	0.411	0.319	0.244	0.196	0.152	0.116	0.074	0.032	0.021	0.014	0.006	0.005	0.002	0.001	0.001	0.001	0	0	0	0	0	0	0	0	0	0	0	0	0	0	0	0	0	0	0	0	0	0	0	0	0	0	0	
1	1	1	1	1	1	1	1	1	1	1	1	1	1	1	1	1	1	1	1	1	1	1	1	1	1	1	1	1	1	1	1	0.997	0.993	0.986	0.964	0.928	0.873	0.76	0.617	0.493	0.355	0.248	0.123	0.085	0.057	0.019	0.007	0.008	0.004	0	0	0	0	0	0	0	0	0	0	0	0	0	0	0	0	0	0	0	0	0	0	0	0	0	0	0	0	0	0	0	0	0	0	0	0	0	0	0	0	0	0	0	0	0	0	0	0	0	0	
1	1	1	1	1	1	1	1	1	1	1	1	1	1	1	1	0.999	0.997	0.996	0.984	0.969	0.966	0.927	0.884	0.829	0.759	0.701	0.642	0.579	0.48	0.395	0.366	0.282	0.239	0.172	0.138	0.141	0.096	0.088	0.054	0.054	0.036	0.027	0.031	0.022	0.012	0.017	0.007	0.006	0.004	0	0.001	0	0	0	0	0	0	0	0	0	0	0	0	0	0	0	0	0	0	0	0	0	0	0	0	0	0	0	0	0	0	0	0	0	0	0	0	0	0	0	0	0	0	0	0	0	0	0	0	
1	1	1	1	1	1	1	1	1	1	1	0.999	0.99	0.954	0.893	0.8	0.693	0.565	0.447	0.311	0.23	0.159	0.102	0.06	0.042	0.016	0.01	0.007	0.006	0.003	0.001	0	0	0.001	0	0	0.001	0	0	0	0	0	0	0	0	0	0	0	0	0	0	0	0	0	0	0	0	0	0	0	0	0	0	0	0	0	0	0	0	0	0	0	0	0	0	0	0	0	0	0	0	0	0	0	0	0	0	0	0	0	0	0	0	0	0	0	0	0	0	0	
1	1	1	1	1	1	1	1	1	1	1	1	1	1	1	1	1	1	1	0.999	1	0.995	0.986	0.976	0.951	0.905	0.863	0.803	0.718	0.674	0.584	0.485	0.481	0.376	0.353	0.28	0.245	0.209	0.156	0.119	0.081	0.064	0.037	0.032	0.012	0.006	0.003	0.001	0	0.001	0	0	0	0	0	0	0	0	0	0	0	0	0	0	0	0	0	0	0	0	0	0	0	0	0	0	0	0	0	0	0	0	0	0	0	0	0	0	0	0	0	0	0	0	0	0	0	0	0	0	
1	1	1	1	0.977	0.964	0.979	0.976	0.984	0.99	0.998	0.997	0.998	0.996	0.997	0.998	0.997	0.996	0.995	0.994	0.994	0.996	0.99	0.994	0.99	0.991	0.993	0.989	0.99	0.989	0.993	0.994	0.991	0.993	0.994	0.991	0.995	0.992	0.986	0.996	0.991	0.991	0.986	0.991	0.985	0.982	0.981	0.976	0.981	0.974	0.971	0.973	0.973	0.968	0.967	0.952	0.943	0.946	0.937	0.942	0.948	0.934	0.919	0.913	0.896	0.888	0.881	0.846	0.834	0.81	0.792	0.735	0.704	0.677	0.622	0.554	0.498	0.427	0.346	0.312	0.257	0.18	0.154	0.113	0.09	0.05	0.035	0.023	0.018	0.012	0.004	0.002	0.002	0.001	0	0	0	0	0	0	
1	1	1	1	1	1	1	1	1	1	1	1	1	1	1	1	1	1	0.999	0.989	0.982	0.95	0.89	0.76	0.562	0.361	0.187	0.108	0.044	0.012	0.007	0.001	0	0	0	0	0	0	0	0	0	0	0	0	0	0	0	0	0	0	0	0	0	0	0	0	0	0	0	0	0	0	0	0	0	0	0	0	0	0	0	0	0	0	0	0	0	0	0	0	0	0	0	0	0	0	0	0	0	0	0	0	0	0	0	0	0	0	0	0	
1	1	1	1	1	1	1	1	1	1	1	1	1	1	1	1	1	1	1	1	1	1	1	0.999	0.998	0.993	0.992	0.994	0.983	0.981	0.975	0.961	0.953	0.927	0.917	0.863	0.83	0.793	0.749	0.697	0.656	0.602	0.547	0.498	0.442	0.423	0.382	0.321	0.29	0.257	0.229	0.179	0.181	0.149	0.113	0.114	0.074	0.062	0.037	0.032	0.025	0.005	0.01	0.001	0.003	0	0	0.001	0	0	0	0	0	0	0	0	0	0	0	0	0	0	0	0	0	0	0	0	0	0	0	0	0	0	0	0	0	0	0	0	
1	1	1	1	1	1	1	1	0.999	0.972	0.865	0.693	0.42	0.266	0.13	0.056	0.028	0.015	0.006	0.002	0.003	0	0	0	0	0.001	0	0.001	0	0	0	0	0	0	0	0	0	0	0	0	0	0	0	0	0	0	0	0	0	0	0	0	0	0	0	0	0	0	0	0	0	0	0	0	0	0	0	0	0	0	0	0	0	0	0	0	0	0	0	0	0	0	0	0	0	0	0	0	0	0	0	0	0	0	0	0	0	0	0	0	
1	1	1	1	1	1	1	1	1	1	1	1	1	1	1	1	1	1	1	1	1	1	1	1	1	1	0.999	1	0.998	0.997	0.992	0.999	0.996	0.993	0.992	0.985	0.989	0.979	0.981	0.971	0.976	0.967	0.969	0.958	0.957	0.932	0.908	0.886	0.814	0.755	0.663	0.574	0.455	0.356	0.242	0.193	0.126	0.068	0.031	0.013	0.007	0.003	0.001	0	0	0	0	0	0	0	0	0	0	0	0	0	0	0	0	0	0	0	0	0	0	0	0	0	0	0	0	0	0	0	0	0	0	0	0	0	
1	1	1	1	1	1	1	1	1	1	1	1	1	1	1	1	1	0.999	1	1	1	1	1	1	1	1	1	1	1	1	0.998	0.999	0.998	0.993	0.989	0.992	0.981	0.982	0.968	0.968	0.959	0.925	0.885	0.809	0.724	0.604	0.496	0.377	0.284	0.19	0.115	0.061	0.031	0.019	0.013	0.007	0.004	0	0.001	0	0	0	0	0	0	0	0	0	0	0	0	0	0	0	0	0	0	0	0	0	0	0	0	0	0	0	0	0	0	0	0	0	0	0	0	0	0	0	0	0	
1	1	1	1	0.999	0.961	0.814	0.458	0.179	0.038	0.006	0	0.001	0	0	0	0	0	0	0	0	0	0	0	0	0	0	0	0	0	0	0	0	0	0	0	0	0	0	0	0	0	0	0	0	0	0	0	0	0	0	0	0	0	0	0	0	0	0	0	0	0	0	0	0	0	0	0	0	0	0	0	0	0	0	0	0	0	0	0	0	0	0	0	0	0	0	0	0	0	0	0	0	0	0	0	0	0	0	0	
1	1	1	1	1	1	1	1	1	1	1	1	1	1	1	1	1	1	1	1	1	1	1	1	1	1	1	1	1	1	1	1	1	1	1	1	1	1	1	1	1	1	1	1	0.999	1	0.999	1	0.998	0.998	1	0.995	0.994	0.992	0.988	0.991	0.983	0.973	0.962	0.966	0.944	0.932	0.909	0.878	0.836	0.785	0.673	0.643	0.535	0.504	0.365	0.271	0.221	0.139	0.092	0.064	0.031	0.016	0.009	0.007	0.004	0.001	0	0	0	0	0	0	0	0	0	0	0	0	0	0	0	0	0	0	
1	1	1	0.983	0.964	0.949	0.908	0.867	0.866	0.861	0.859	0.831	0.785	0.723	0.642	0.517	0.408	0.336	0.254	0.193	0.13	0.12	0.134	0.083	0.068	0.055	0.05	0.051	0.049	0.038	0.033	0.041	0.042	0.031	0.037	0.021	0.039	0.026	0.031	0.023	0.027	0.024	0.027	0.021	0.027	0.016	0.014	0.013	0.008	0.009	0.008	0.006	0.004	0.002	0.003	0	0	0.001	0.001	0	0	0	0	0	0	0	0	0	0	0	0	0	0	0	0	0	0	0	0	0	0	0	0	0	0	0	0	0	0	0	0	0	0	0	0	0	0	0	0	0	
