1	1	1	1	1	1	1	1	1	1	1	1	1	1	1	1	1	1	1	1	1	1	1	0.998	1	0.999	1	1	1	0.999	1	1	0.999	0.999	0.999	1	1	1	0.999	1	1	0.999	1	1	1	0.998	0.999	1	1	1	1	1	0.999	1	0.998	1	1	0.999	0.998	1	0.998	0.997	1	0.997	0.999	0.991	0.997	0.994	0.997	0.988	0.986	0.983	0.972	0.968	0.96	0.943	0.927	0.908	0.88	0.841	0.811	0.76	0.716	0.68	0.64	0.608	0.516	0.444	0.362	0.307	0.24	0.213	0.17	0.115	0.084	0.061	0.031	0.022	0.016	0.007	
0.978	0.973	0.977	0.983	0.978	0.981	0.974	0.982	0.974	0.982	0.976	0.976	0.979	0.979	0.99	0.983	0.989	0.983	0.983	0.977	0.982	0.978	0.983	0.978	0.974	0.982	0.985	0.98	0.977	0.985	0.975	0.979	0.982	0.984	0.975	0.977	0.977	0.98	0.97	0.979	0.973	0.975	0.982	0.984	0.98	0.984	0.975	0.975	0.975	0.976	0.976	0.974	0.972	0.968	0.973	0.98	0.976	0.979	0.97	0.968	0.972	0.961	0.967	0.976	0.977	0.975	0.952	0.973	0.968	0.968	0.963	0.958	0.964	0.964	0.971	0.964	0.967	0.971	0.963	0.975	0.971	0.97	0.968	0.976	0.971	0.965	0.98	0.972	0.984	0.981	0.978	0.969	0.986	0.984	0.986	0.98	0.984	0.98	0.975	0.974	
0.995	1	0.996	0.998	0.995	0.998	0.991	0.994	0.994	0.994	0.992	0.986	0.989	0.991	0.99	0.993	0.986	0.987	0.986	0.987	0.983	0.978	0.984	0.983	0.967	0.964	0.963	0.97	0.97	0.957	0.97	0.963	0.951	0.944	0.939	0.937	0.923	0.927	0.92	0.9	0.896	0.874	0.87	0.847	0.834	0.83	0.817	0.803	0.787	0.747	0.726	0.712	0.693	0.659	0.651	0.636	0.576	0.555	0.523	0.489	0.463	0.412	0.385	0.362	0.33	0.323	0.298	0.257	0.229	0.182	0.144	0.145	0.115	0.098	0.088	0.065	0.057	0.041	0.028	0.017	0.014	0.014	0.01	0.005	0.004	0.003	0	0	0.001	0	0	0	0	0	0	0	0	0	0	0	
1	1	1	1	1	1	1	1	1	1	1	1	1	1	1	0.999	0.999	1	1	1	1	0.999	1	1	1	1	1	1	0.999	1	0.999	0.999	1	1	1	0.999	1	1	1	1	1	1	1	1	1	1	1	1	0.999	1	0.998	1	0.998	0.999	0.998	0.996	0.997	0.997	0.995	0.988	0.992	0.99	0.988	0.977	0.977	0.976	0.962	0.962	0.961	0.942	0.947	0.928	0.932	0.883	0.878	0.857	0.845	0.829	0.793	0.77	0.712	0.711	0.646	0.628	0.592	0.576	0.524	0.48	0.459	0.414	0.362	0.326	0.282	0.283	0.233	0.204	0.184	0.146	0.14	0.108	
0.999	0.999	1	1	1	0.999	0.995	0.998	0.997	0.994	0.993	0.99	0.986	0.978	0.983	0.974	0.979	0.971	0.962	0.961	0.963	0.94	0.94	0.919	0.928	0.914	0.916	0.885	0.888	0.887	0.888	0.862	0.829	0.836	0.831	0.804	0.801	0.775	0.783	0.752	0.755	0.71	0.702	0.702	0.688	0.647	0.656	0.641	0.629	0.607	0.605	0.576	0.556	0.53	0.547	0.533	0.471	0.506	0.476	0.446	0.416	0.442	0.412	0.417	0.371	0.357	0.339	0.323	0.315	0.281	0.286	0.263	0.257	0.225	0.197	0.197	0.213	0.149	0.158	0.157	0.126	0.108	0.112	0.105	0.065	0.081	0.06	0.037	0.045	0.042	0.032	0.023	0.029	0.026	0.01	0.024	0.011	0.008	0.011	0.008	
0.979	0.99	0.974	0.971	0.973	0.98	0.955	0.968	0.943	0.952	0.95	0.944	0.942	0.944	0.93	0.925	0.921	0.9	0.918	0.89	0.889	0.901	0.868	0.858	0.85	0.844	0.817	0.833	0.805	0.779	0.775	0.773	0.771	0.735	0.75	0.711	0.689	0.686	0.675	0.665	0.629	0.62	0.619	0.544	0.574	0.565	0.523	0.525	0.483	0.479	0.458	0.481	0.452	0.409	0.376	0.373	0.355	0.328	0.324	0.313	0.318	0.284	0.236	0.251	0.21	0.216	0.178	0.176	0.155	0.146	0.117	0.105	0.093	0.091	0.086	0.077	0.048	0.035	0.03	0.026	0.029	0.016	0.014	0.013	0.006	0.009	0.004	0.001	0.002	0.001	0	0	0	0	0	0	0	0	0	0	
0.997	0.988	0.994	0.992	0.989	0.993	0.988	0.982	0.985	0.975	0.976	0.975	0.986	0.964	0.969	0.966	0.952	0.951	0.953	0.941	0.95	0.939	0.932	0.935	0.924	0.925	0.91	0.935	0.888	0.875	0.881	0.888	0.882	0.857	0.863	0.848	0.836	0.848	0.831	0.829	0.793	0.815	0.812	0.784	0.802	0.777	0.777	0.76	0.749	0.747	0.756	0.719	0.703	0.705	0.699	0.672	0.689	0.649	0.653	0.654	0.616	0.616	0.609	0.6	0.583	0.596	0.58	0.534	0.519	0.523	0.502	0.493	0.462	0.426	0.429	0.423	0.374	0.409	0.362	0.315	0.285	0.299	0.295	0.243	0.226	0.225	0.193	0.165	0.141	0.148	0.11	0.09	0.094	0.07	0.061	0.061	0.038	0.025	0.026	0.026	
1	1	1	1	1	1	1	1	1	1	1	1	1	1	1	1	1	1	1	1	1	1	1	1	1	1	1	1	1	1	1	1	1	1	1	1	1	1	1	1	1	1	1	1	1	1	1	1	1	1	1	1	0.999	1	0.999	1	1	1	0.999	1	1	0.999	1	0.999	0.999	0.999	1	1	1	1	0.999	1	1	0.998	0.996	0.997	0.997	0.995	0.997	0.999	0.993	0.988	0.995	0.993	0.995	0.992	0.99	0.992	0.981	0.982	0.983	0.979	0.976	0.974	0.958	0.97	0.951	0.954	0.946	0.927	
0.963	0.972	0.964	0.951	0.946	0.944	0.918	0.919	0.906	0.89	0.902	0.888	0.871	0.873	0.86	0.844	0.844	0.811	0.792	0.792	0.769	0.758	0.762	0.702	0.737	0.708	0.689	0.695	0.654	0.659	0.66	0.618	0.616	0.583	0.6	0.576	0.554	0.523	0.524	0.533	0.51	0.487	0.476	0.442	0.469	0.433	0.433	0.439	0.433	0.395	0.405	0.403	0.38	0.385	0.363	0.358	0.354	0.345	0.351	0.338	0.316	0.328	0.331	0.298	0.287	0.277	0.318	0.279	0.313	0.271	0.286	0.271	0.288	0.237	0.237	0.237	0.26	0.231	0.218	0.241	0.237	0.192	0.213	0.192	0.195	0.191	0.153	0.142	0.148	0.143	0.125	0.124	0.105	0.088	0.084	0.061	0.039	0.038	0.041	0.025	
1	1	1	1	1	1	1	1	1	1	1	1	1	1	1	1	1	1	1	1	1	1	1	0.999	1	1	1	1	1	1	1	1	1	1	0.998	1	0.999	0.997	0.998	0.999	0.997	0.999	0.998	0.996	0.998	0.999	0.995	0.997	0.997	0.998	0.996	0.998	0.997	0.996	0.996	0.993	0.998	0.99	0.995	1	0.989	0.997	0.987	0.989	0.994	0.987	0.982	0.983	0.985	0.977	0.981	0.971	0.97	0.963	0.972	0.967	0.956	0.964	0.953	0.947	0.941	0.943	0.927	0.92	0.918	0.92	0.921	0.905	0.898	0.905	0.891	0.89	0.861	0.881	0.859	0.851	0.85	0.841	0.82	0.827	
0.926	0.905	0.901	0.903	0.873	0.914	0.9	0.9	0.886	0.875	0.89	0.887	0.875	0.874	0.891	0.877	0.871	0.869	0.861	0.847	0.875	0.879	0.871	0.861	0.878	0.843	0.863	0.854	0.862	0.847	0.848	0.846	0.841	0.85	0.863	0.842	0.842	0.869	0.856	0.841	0.833	0.846	0.854	0.875	0.855	0.853	0.845	0.856	0.864	0.845	0.831	0.848	0.851	0.828	0.846	0.847	0.836	0.841	0.829	0.837	0.843	0.823	0.829	0.84	0.843	0.831	0.837	0.839	0.848	0.856	0.839	0.834	0.835	0.827	0.851	0.819	0.81	0.824	0.817	0.843	0.801	0.802	0.776	0.78	0.766	0.775	0.767	0.748	0.717	0.728	0.665	0.699	0.631	0.629	0.597	0.566	0.547	0.511	0.505	0.458	
1	1	1	1	1	1	1	1	1	1	1	1	1	1	1	1	1	1	1	1	1	1	1	1	1	1	1	1	1	1	1	1	1	1	1	1	1	1	1	1	1	1	1	1	1	1	1	1	0.999	1	1	1	0.999	1	1	0.998	0.999	0.998	0.999	0.999	0.997	0.994	0.996	0.994	0.996	0.996	0.992	0.994	0.99	0.982	0.98	0.982	0.973	0.975	0.958	0.955	0.946	0.944	0.929	0.915	0.889	0.882	0.864	0.833	0.801	0.753	0.747	0.682	0.633	0.601	0.524	0.497	0.438	0.394	0.355	0.264	0.23	0.208	0.134	0.116	
0.849	0.856	0.839	0.836	0.789	0.799	0.77	0.778	0.75	0.715	0.728	0.68	0.7	0.677	0.662	0.642	0.638	0.63	0.623	0.617	0.589	0.57	0.548	0.533	0.539	0.517	0.536	0.488	0.497	0.502	0.48	0.482	0.456	0.433	0.427	0.424	0.433	0.414	0.406	0.39	0.361	0.392	0.378	0.371	0.356	0.358	0.346	0.334	0.339	0.309	0.299	0.322	0.285	0.304	0.285	0.272	0.258	0.284	0.246	0.243	0.25	0.222	0.209	0.203	0.217	0.202	0.211	0.197	0.191	0.172	0.169	0.148	0.149	0.135	0.136	0.113	0.122	0.098	0.082	0.071	0.053	0.058	0.043	0.029	0.025	0.011	0.02	0.013	0.008	0.008	0.006	0.005	0.002	0.002	0	0	0.003	0.003	0.007	0.002	
0.364	0.349	0.37	0.329	0.338	0.33	0.322	0.301	0.288	0.313	0.285	0.262	0.268	0.277	0.259	0.236	0.261	0.221	0.216	0.238	0.222	0.215	0.19	0.196	0.182	0.186	0.171	0.172	0.168	0.146	0.146	0.131	0.131	0.134	0.129	0.106	0.118	0.105	0.113	0.114	0.102	0.093	0.112	0.088	0.094	0.079	0.1	0.076	0.069	0.065	0.077	0.062	0.047	0.062	0.051	0.063	0.053	0.058	0.052	0.044	0.052	0.054	0.045	0.047	0.024	0.043	0.046	0.051	0.046	0.053	0.031	0.031	0.042	0.035	0.028	0.037	0.04	0.027	0.037	0.023	0.037	0.034	0.021	0.024	0.013	0.019	0.015	0.019	0.009	0.012	0.003	0.009	0.012	0.005	0.005	0.01	0.004	0.004	0.002	0.005	
0.976	0.972	0.967	0.967	0.977	0.967	0.962	0.959	0.96	0.955	0.951	0.947	0.951	0.935	0.939	0.932	0.931	0.926	0.919	0.924	0.927	0.908	0.909	0.902	0.9	0.902	0.882	0.907	0.88	0.9	0.87	0.877	0.855	0.857	0.856	0.823	0.833	0.82	0.822	0.834	0.803	0.786	0.822	0.79	0.782	0.772	0.744	0.776	0.745	0.712	0.718	0.728	0.723	0.699	0.685	0.674	0.66	0.675	0.673	0.614	0.63	0.632	0.598	0.573	0.595	0.574	0.552	0.545	0.509	0.502	0.492	0.483	0.465	0.438	0.453	0.408	0.439	0.369	0.396	0.362	0.345	0.33	0.324	0.317	0.334	0.293	0.278	0.241	0.242	0.216	0.205	0.223	0.211	0.21	0.212	0.192	0.199	0.168	0.178	0.177	
1	1	1	1	1	1	0.999	1	1	1	1	1	1	1	0.999	1	1	0.999	0.999	0.995	0.994	0.996	0.996	0.993	0.996	0.99	0.992	0.987	0.988	0.977	0.982	0.981	0.98	0.964	0.968	0.956	0.961	0.952	0.937	0.946	0.917	0.899	0.907	0.884	0.879	0.863	0.855	0.818	0.83	0.8	0.782	0.746	0.738	0.717	0.665	0.629	0.629	0.623	0.587	0.565	0.557	0.518	0.507	0.486	0.449	0.436	0.397	0.357	0.364	0.378	0.31	0.273	0.286	0.257	0.252	0.233	0.192	0.18	0.208	0.151	0.127	0.137	0.134	0.117	0.117	0.088	0.115	0.094	0.058	0.081	0.069	0.054	0.044	0.041	0.04	0.028	0.026	0.025	0.016	0.018	
0.806	0.759	0.762	0.743	0.746	0.701	0.711	0.72	0.662	0.673	0.669	0.636	0.633	0.631	0.623	0.615	0.603	0.587	0.588	0.537	0.573	0.522	0.539	0.496	0.525	0.524	0.493	0.502	0.481	0.45	0.476	0.465	0.446	0.465	0.406	0.444	0.443	0.443	0.429	0.43	0.404	0.436	0.444	0.415	0.421	0.41	0.402	0.41	0.431	0.416	0.418	0.407	0.421	0.4	0.424	0.404	0.422	0.439	0.437	0.388	0.427	0.421	0.426	0.402	0.427	0.47	0.464	0.45	0.452	0.467	0.446	0.48	0.468	0.513	0.509	0.491	0.557	0.51	0.536	0.537	0.547	0.561	0.591	0.585	0.62	0.646	0.649	0.673	0.658	0.659	0.679	0.684	0.699	0.701	0.695	0.705	0.694	0.716	0.689	0.717	
0.999	0.998	0.994	0.998	0.995	0.997	0.994	0.994	0.987	0.993	0.986	0.991	0.983	0.985	0.981	0.973	0.959	0.956	0.951	0.946	0.947	0.937	0.946	0.925	0.908	0.913	0.895	0.89	0.898	0.892	0.852	0.841	0.853	0.853	0.845	0.827	0.785	0.816	0.774	0.793	0.797	0.738	0.765	0.763	0.729	0.751	0.759	0.738	0.755	0.732	0.709	0.71	0.708	0.728	0.701	0.707	0.689	0.693	0.715	0.677	0.658	0.684	0.696	0.649	0.673	0.634	0.683	0.645	0.644	0.63	0.619	0.633	0.594	0.625	0.618	0.586	0.572	0.578	0.542	0.547	0.508	0.482	0.448	0.445	0.397	0.386	0.362	0.371	0.326	0.278	0.249	0.257	0.217	0.2	0.18	0.157	0.142	0.121	0.105	0.096	
0.002	0.001	0.001	0.003	0	0	0.002	0.001	0.001	0	0	0.001	0	0.001	0	0.002	0	0	0.001	0	0	0	0.001	0	0.001	0.001	0	0	0	0.001	0	0	0.001	0	0	0	0	0	0.001	0	0	0	0	0	0	0	0	0	0	0.001	0	0.002	0	0.001	0.001	0	0.001	0	0	0	0	0.002	0.002	0	0.001	0	0.001	0.001	0.001	0	0	0.002	0	0.001	0.001	0	0.001	0.001	0	0	0.001	0	0.001	0	0	0	0	0	0.001	0.001	0	0	0	0	0	0	0	0	0	0	
1	1	1	1	1	1	1	1	1	1	1	1	1	1	1	1	1	1	1	1	1	1	1	1	1	1	1	1	1	1	1	1	1	1	1	1	1	1	1	1	1	1	1	1	1	1	1	1	1	1	1	1	1	1	1	1	1	1	1	1	1	1	1	1	1	1	1	1	1	1	1	1	1	1	1	1	1	1	1	1	1	1	1	1	0.999	1	1	1	1	1	1	1	1	1	1	1	1	1	1	1	
1	1	1	1	1	1	1	1	1	1	1	1	1	1	1	1	1	1	1	1	1	1	1	1	1	1	1	1	1	0.998	0.998	0.997	0.998	0.998	0.998	0.997	0.999	0.994	0.992	0.995	0.992	0.992	0.992	0.987	0.985	0.985	0.984	0.979	0.974	0.966	0.964	0.955	0.964	0.964	0.95	0.958	0.94	0.948	0.944	0.941	0.94	0.909	0.907	0.915	0.907	0.895	0.908	0.898	0.89	0.898	0.861	0.87	0.878	0.864	0.838	0.824	0.837	0.829	0.817	0.794	0.769	0.765	0.756	0.748	0.701	0.703	0.669	0.651	0.651	0.607	0.598	0.526	0.533	0.515	0.441	0.44	0.379	0.374	0.34	0.328	
1	1	1	1	1	1	1	1	1	0.999	1	1	0.999	1	0.998	0.999	1	0.999	0.998	0.997	0.999	0.994	0.995	0.992	0.998	0.99	0.995	0.993	0.99	0.988	0.988	0.987	0.976	0.972	0.973	0.972	0.951	0.964	0.953	0.945	0.931	0.925	0.918	0.919	0.912	0.894	0.857	0.869	0.83	0.842	0.803	0.805	0.799	0.768	0.752	0.744	0.692	0.685	0.689	0.65	0.638	0.637	0.56	0.578	0.584	0.559	0.507	0.508	0.473	0.462	0.469	0.443	0.437	0.393	0.398	0.369	0.377	0.339	0.323	0.32	0.297	0.277	0.266	0.249	0.228	0.225	0.213	0.221	0.168	0.175	0.173	0.146	0.127	0.109	0.099	0.085	0.061	0.046	0.039	0.031	
1	1	1	1	1	1	1	1	1	1	1	1	1	1	1	1	1	1	1	1	1	1	1	1	1	1	1	1	1	1	1	1	1	1	1	1	1	1	1	1	1	1	0.999	1	1	0.999	1	0.997	0.999	0.998	0.997	0.999	0.999	0.996	0.997	0.995	0.99	0.993	0.987	0.985	0.983	0.978	0.975	0.975	0.967	0.967	0.962	0.941	0.947	0.926	0.922	0.916	0.889	0.882	0.862	0.86	0.831	0.812	0.795	0.767	0.73	0.706	0.68	0.673	0.635	0.583	0.533	0.485	0.475	0.435	0.398	0.373	0.32	0.289	0.247	0.248	0.221	0.176	0.144	0.155	
0.689	0.702	0.674	0.677	0.666	0.695	0.665	0.678	0.68	0.664	0.677	0.696	0.688	0.67	0.665	0.654	0.668	0.677	0.693	0.682	0.684	0.688	0.657	0.696	0.685	0.667	0.678	0.642	0.671	0.656	0.668	0.631	0.68	0.675	0.677	0.645	0.637	0.65	0.614	0.632	0.615	0.63	0.586	0.609	0.57	0.606	0.562	0.586	0.555	0.541	0.568	0.498	0.543	0.503	0.515	0.476	0.475	0.485	0.463	0.444	0.429	0.442	0.399	0.395	0.407	0.39	0.396	0.331	0.351	0.309	0.311	0.314	0.283	0.284	0.258	0.263	0.246	0.233	0.218	0.2	0.219	0.203	0.209	0.203	0.191	0.196	0.149	0.149	0.155	0.14	0.129	0.145	0.131	0.105	0.081	0.102	0.087	0.065	0.078	0.063	
0.921	0.932	0.89	0.896	0.872	0.866	0.831	0.827	0.818	0.788	0.756	0.724	0.727	0.732	0.714	0.66	0.66	0.634	0.591	0.611	0.591	0.584	0.556	0.542	0.522	0.509	0.479	0.481	0.477	0.451	0.442	0.461	0.434	0.411	0.405	0.389	0.41	0.41	0.376	0.359	0.374	0.349	0.343	0.373	0.338	0.328	0.333	0.335	0.339	0.305	0.313	0.308	0.335	0.295	0.299	0.287	0.296	0.308	0.277	0.309	0.287	0.306	0.295	0.263	0.258	0.264	0.244	0.256	0.272	0.26	0.233	0.232	0.232	0.206	0.203	0.214	0.182	0.184	0.173	0.18	0.159	0.149	0.13	0.128	0.123	0.106	0.114	0.094	0.096	0.053	0.059	0.059	0.056	0.064	0.051	0.033	0.029	0.026	0.03	0.013	
1	1	1	1	1	1	1	1	1	1	1	1	1	1	1	1	1	1	1	1	1	1	1	1	1	1	1	1	1	1	1	1	1	1	1	1	0.999	1	1	1	1	1	1	1	1	1	1	1	1	0.999	1	1	0.999	1	0.999	1	1	1	0.998	0.998	0.999	1	0.999	0.994	0.997	0.999	0.997	0.994	0.994	0.998	0.994	0.994	0.99	0.992	0.99	0.99	0.989	0.983	0.991	0.973	0.977	0.973	0.98	0.967	0.96	0.955	0.964	0.943	0.918	0.935	0.915	0.914	0.91	0.876	0.858	0.839	0.795	0.811	0.763	0.711	
1	1	1	1	1	1	1	1	1	1	1	1	1	1	0.999	1	1	1	1	1	0.999	0.999	1	1	0.997	0.997	0.998	0.998	0.993	0.998	0.994	0.993	0.996	0.992	0.988	0.995	0.991	0.987	0.988	0.985	0.988	0.983	0.984	0.986	0.986	0.973	0.969	0.97	0.962	0.968	0.97	0.958	0.968	0.955	0.945	0.957	0.941	0.938	0.932	0.928	0.934	0.929	0.912	0.913	0.902	0.904	0.915	0.879	0.898	0.878	0.879	0.871	0.859	0.848	0.85	0.848	0.821	0.811	0.81	0.796	0.772	0.775	0.762	0.715	0.723	0.688	0.688	0.649	0.649	0.643	0.604	0.603	0.546	0.54	0.509	0.48	0.439	0.401	0.411	0.343	
0.903	0.88	0.865	0.862	0.843	0.842	0.809	0.839	0.805	0.783	0.763	0.768	0.745	0.751	0.691	0.702	0.697	0.649	0.633	0.614	0.609	0.58	0.534	0.542	0.538	0.489	0.482	0.482	0.436	0.431	0.407	0.414	0.365	0.318	0.34	0.293	0.299	0.27	0.249	0.238	0.207	0.204	0.203	0.166	0.163	0.15	0.157	0.141	0.109	0.101	0.092	0.104	0.087	0.068	0.047	0.057	0.053	0.043	0.034	0.046	0.026	0.024	0.023	0.022	0.02	0.018	0.011	0.008	0.009	0.005	0.003	0.006	0.002	0	0.004	0	0.002	0	0	0	0	0	0	0	0	0	0	0	0	0	0	0	0	0	0	0	0	0	0	0	
1	1	1	1	1	1	1	1	1	1	1	1	1	1	1	1	1	1	1	1	1	1	1	1	1	1	1	1	1	1	1	1	1	1	1	0.999	1	1	1	1	1	1	0.998	1	0.999	0.999	0.999	0.999	0.998	0.999	0.997	0.997	0.994	0.992	0.991	0.99	0.989	0.99	0.99	0.978	0.979	0.97	0.972	0.954	0.953	0.957	0.958	0.954	0.941	0.926	0.923	0.932	0.919	0.918	0.908	0.894	0.877	0.884	0.842	0.847	0.829	0.813	0.804	0.795	0.781	0.779	0.746	0.742	0.712	0.725	0.688	0.669	0.649	0.637	0.612	0.579	0.576	0.564	0.517	0.49	
0.774	0.766	0.721	0.719	0.679	0.688	0.658	0.638	0.615	0.609	0.543	0.575	0.559	0.509	0.482	0.458	0.474	0.471	0.446	0.438	0.393	0.367	0.404	0.364	0.351	0.348	0.33	0.334	0.307	0.29	0.296	0.265	0.251	0.244	0.23	0.229	0.221	0.217	0.18	0.197	0.149	0.171	0.162	0.163	0.128	0.126	0.13	0.11	0.109	0.105	0.094	0.081	0.081	0.063	0.083	0.07	0.052	0.059	0.043	0.054	0.038	0.04	0.058	0.034	0.026	0.035	0.038	0.028	0.022	0.021	0.018	0.016	0.014	0.017	0.024	0.009	0.02	0.01	0.009	0.007	0.005	0.009	0.012	0.008	0.001	0.004	0.005	0.002	0.002	0.002	0.003	0.002	0.002	0	0	0	0.001	0	0	0	
1	1	1	1	1	1	1	1	1	1	1	1	1	1	1	1	1	1	1	1	1	1	1	1	1	1	1	1	1	1	1	1	1	1	1	1	1	1	1	1	1	1	1	1	1	1	1	1	1	1	1	1	1	1	1	1	1	1	0.999	1	1	1	1	1	1	1	1	1	0.999	1	0.999	0.999	1	0.998	0.998	0.997	0.999	0.998	0.997	0.996	0.997	0.999	0.993	0.997	0.983	0.986	0.98	0.988	0.981	0.968	0.971	0.966	0.946	0.934	0.937	0.908	0.901	0.883	0.858	0.861	
1	1	1	1	1	1	1	1	1	1	1	1	1	1	1	1	1	1	1	1	1	1	1	1	1	1	1	1	1	1	1	1	1	1	1	1	1	1	1	1	1	1	1	1	1	1	1	1	1	1	1	1	1	1	1	1	1	1	1	1	1	1	1	1	1	1	1	1	0.999	1	1	1	0.999	1	1	1	0.999	1	0.999	1	1	0.999	0.999	1	1	1	0.998	0.996	0.998	0.997	0.996	0.992	0.986	0.976	0.969	0.966	0.94	0.916	0.911	0.865	
1	1	1	1	1	1	1	1	1	1	1	1	1	1	1	1	1	1	1	1	0.999	1	1	1	1	0.999	1	1	1	1	1	1	0.999	1	1	1	1	0.997	0.999	1	0.998	1	1	0.998	1	0.999	0.997	1	0.998	0.999	0.999	0.997	0.994	0.996	0.994	0.997	0.994	0.99	0.985	0.991	0.988	0.984	0.981	0.983	0.97	0.963	0.961	0.957	0.954	0.948	0.914	0.917	0.889	0.86	0.853	0.825	0.797	0.745	0.717	0.69	0.637	0.582	0.523	0.464	0.389	0.339	0.297	0.239	0.196	0.15	0.113	0.065	0.047	0.044	0.025	0.02	0.009	0.01	0.004	0	
0.999	0.995	0.997	0.993	0.994	0.995	0.991	0.99	0.992	0.984	0.993	0.981	0.985	0.986	0.992	0.982	0.968	0.973	0.968	0.97	0.975	0.976	0.97	0.96	0.95	0.949	0.941	0.954	0.938	0.942	0.942	0.918	0.914	0.915	0.918	0.915	0.916	0.879	0.886	0.884	0.877	0.867	0.835	0.854	0.858	0.843	0.849	0.812	0.793	0.818	0.807	0.807	0.787	0.798	0.801	0.792	0.82	0.791	0.76	0.759	0.748	0.744	0.703	0.748	0.749	0.706	0.718	0.732	0.692	0.678	0.673	0.68	0.666	0.662	0.667	0.655	0.675	0.641	0.663	0.598	0.631	0.603	0.588	0.594	0.55	0.574	0.547	0.516	0.522	0.489	0.447	0.411	0.393	0.385	0.338	0.316	0.328	0.263	0.243	0.2	
0.934	0.946	0.928	0.926	0.911	0.907	0.92	0.912	0.908	0.888	0.876	0.888	0.877	0.889	0.886	0.887	0.866	0.864	0.873	0.861	0.861	0.861	0.844	0.83	0.845	0.845	0.842	0.844	0.832	0.82	0.828	0.799	0.817	0.81	0.789	0.795	0.773	0.769	0.779	0.767	0.797	0.778	0.763	0.759	0.764	0.743	0.753	0.757	0.746	0.756	0.74	0.741	0.721	0.753	0.749	0.756	0.723	0.728	0.717	0.729	0.715	0.744	0.702	0.705	0.71	0.736	0.741	0.726	0.715	0.723	0.746	0.705	0.726	0.755	0.725	0.75	0.735	0.724	0.736	0.731	0.753	0.748	0.775	0.742	0.753	0.756	0.746	0.716	0.741	0.745	0.724	0.712	0.72	0.702	0.645	0.618	0.591	0.524	0.5	0.502	
1	1	1	1	1	1	1	1	1	1	1	1	1	1	1	1	1	1	1	1	1	1	1	1	1	1	1	1	1	1	1	1	1	1	1	1	1	1	1	1	1	1	1	1	1	1	1	1	1	1	1	1	1	1	1	1	1	1	1	1	1	1	1	1	1	1	1	1	1	1	1	1	1	1	1	1	1	1	1	1	1	1	1	1	1	1	1	1	1	1	1	1	1	1	1	1	1	1	1	1	
1	1	1	1	1	1	1	1	1	1	1	1	1	1	1	1	1	1	1	1	1	1	1	1	1	1	1	1	1	1	1	1	1	1	1	1	1	1	1	1	1	1	1	1	1	1	1	1	1	1	1	1	1	1	1	1	1	1	1	1	1	1	1	1	1	1	1	1	1	1	1	1	1	1	1	1	1	1	1	1	1	1	1	1	1	1	1	1	1	1	1	1	1	1	1	1	1	1	1	1	
1	1	1	1	1	1	1	1	1	1	1	1	1	1	1	1	1	1	1	1	1	1	1	1	1	1	1	1	1	1	1	1	1	1	1	1	1	1	1	1	1	1	1	1	1	1	1	1	1	1	1	1	1	1	0.999	1	1	1	1	1	1	1	1	1	1	1	1	1	1	1	0.998	0.998	1	0.999	1	1	1	0.999	0.998	0.999	0.998	0.998	0.998	0.999	0.999	0.998	1	0.996	0.998	1	0.998	0.996	1	0.998	0.996	0.999	0.998	0.994	0.998	0.998	
0.059	0.06	0.021	0.034	0.017	0.018	0.02	0.008	0.007	0.005	0.004	0.005	0.001	0.002	0.001	0	0.001	0.002	0	0	0	0	0	0	0	0	0	0	0	0	0	0	0	0	0	0	0	0	0	0	0	0	0	0	0	0	0	0	0	0	0	0	0	0	0	0	0	0	0	0	0	0	0	0	0	0	0	0	0	0	0	0	0	0	0	0	0	0	0	0	0	0	0	0	0	0	0	0	0	0	0	0	0	0	0	0	0	0	0	0	
0.668	0.616	0.645	0.626	0.627	0.621	0.629	0.593	0.613	0.582	0.588	0.586	0.565	0.563	0.553	0.546	0.558	0.51	0.523	0.534	0.541	0.513	0.48	0.48	0.481	0.449	0.417	0.437	0.393	0.402	0.373	0.369	0.361	0.344	0.365	0.35	0.332	0.327	0.29	0.275	0.282	0.247	0.259	0.24	0.233	0.2	0.218	0.204	0.208	0.174	0.198	0.185	0.165	0.141	0.15	0.138	0.128	0.123	0.123	0.105	0.103	0.091	0.082	0.082	0.071	0.078	0.064	0.056	0.051	0.054	0.051	0.043	0.033	0.051	0.036	0.027	0.025	0.029	0.023	0.026	0.025	0.015	0.017	0.014	0.016	0.01	0.014	0.013	0.008	0.009	0.011	0.011	0.006	0.007	0.004	0.004	0.003	0.001	0.003	0.003	
1	1	1	1	1	1	1	1	1	1	1	1	1	1	1	1	1	1	1	1	1	1	1	1	1	1	1	1	1	1	1	1	1	1	1	1	1	1	1	1	1	1	1	1	0.999	0.999	1	0.999	1	1	1	0.998	0.997	0.998	0.996	0.994	0.997	0.995	0.995	0.998	0.995	0.993	0.992	0.991	0.993	0.989	0.991	0.99	0.992	0.987	0.985	0.982	0.98	0.977	0.975	0.977	0.981	0.973	0.975	0.97	0.968	0.958	0.959	0.966	0.961	0.94	0.948	0.929	0.923	0.931	0.924	0.918	0.918	0.894	0.888	0.876	0.849	0.844	0.86	0.816	
1	1	1	1	1	1	1	1	0.999	1	0.999	0.999	1	1	1	0.999	1	1	1	1	1	1	1	0.999	1	0.999	1	1	1	0.999	1	1	0.998	0.999	1	1	1	1	1	1	1	1	1	1	1	0.999	0.999	1	0.999	1	1	1	1	1	1	1	1	1	0.998	0.999	0.999	1	1	1	0.999	0.998	0.999	1	0.999	1	0.999	1	1	0.997	0.998	0.998	0.998	0.997	0.997	0.995	0.996	0.991	0.99	0.992	0.989	0.989	0.983	0.976	0.978	0.979	0.958	0.953	0.946	0.952	0.945	0.923	0.912	0.901	0.888	0.849	
0.993	0.993	0.993	0.987	0.991	0.978	0.981	0.988	0.988	0.981	0.981	0.964	0.974	0.973	0.963	0.957	0.96	0.951	0.944	0.956	0.94	0.936	0.932	0.928	0.92	0.913	0.92	0.909	0.895	0.901	0.868	0.882	0.881	0.86	0.882	0.868	0.855	0.868	0.84	0.844	0.848	0.843	0.817	0.817	0.816	0.785	0.801	0.816	0.784	0.812	0.779	0.784	0.768	0.762	0.75	0.724	0.706	0.719	0.726	0.726	0.724	0.728	0.703	0.697	0.669	0.692	0.665	0.686	0.665	0.652	0.669	0.618	0.647	0.654	0.636	0.613	0.639	0.638	0.628	0.638	0.596	0.633	0.628	0.625	0.607	0.625	0.591	0.602	0.616	0.637	0.655	0.613	0.618	0.625	0.646	0.662	0.666	0.646	0.645	0.665	
1	1	1	1	1	1	1	1	1	1	1	1	1	1	1	1	1	1	1	1	1	1	1	1	1	1	1	1	1	1	1	1	1	1	1	1	1	1	1	1	1	1	1	1	0.999	1	1	1	1	1	1	1	1	1	0.999	1	1	0.999	1	1	1	1	0.998	0.997	1	0.999	0.998	0.997	1	0.997	0.996	0.993	0.998	0.997	0.998	0.995	0.996	0.996	0.994	0.988	0.988	0.991	0.987	0.979	0.98	0.986	0.969	0.974	0.962	0.962	0.96	0.967	0.945	0.939	0.923	0.915	0.895	0.875	0.861	0.813	
1	1	1	1	1	1	1	1	1	1	1	1	1	1	1	1	1	1	1	1	1	1	1	1	1	1	1	1	1	1	1	1	1	1	1	1	1	1	1	1	1	1	1	1	1	1	0.999	1	1	1	1	1	1	1	1	0.998	0.999	0.999	1	0.998	0.999	0.999	0.998	0.999	0.998	0.997	0.998	0.997	0.991	0.989	0.991	0.982	0.982	0.964	0.97	0.96	0.95	0.94	0.925	0.925	0.883	0.86	0.834	0.796	0.751	0.752	0.689	0.644	0.569	0.535	0.462	0.432	0.354	0.304	0.232	0.196	0.163	0.115	0.084	0.061	
0.022	0.025	0.014	0.019	0.018	0.008	0.016	0.023	0.012	0.012	0.022	0.009	0.017	0.008	0.011	0.014	0.013	0.012	0.009	0.011	0.012	0.007	0.006	0.006	0.011	0.005	0.006	0.007	0.005	0.008	0.003	0.006	0.007	0	0.005	0.004	0	0.003	0.004	0.001	0.002	0.003	0.003	0.002	0.002	0	0.002	0	0	0	0	0	0	0	0.002	0	0	0	0.001	0	0.001	0	0	0	0	0	0	0	0	0	0	0	0	0	0	0.001	0	0	0	0	0	0	0	0	0	0	0	0	0	0	0	0	0	0	0	0	0	0	0	0	
1	1	1	1	1	1	1	1	1	1	1	1	1	1	1	1	1	1	1	1	1	1	1	1	1	1	1	1	1	1	1	1	1	1	1	1	1	1	1	1	1	1	1	1	1	1	1	1	1	1	1	1	1	1	1	1	1	1	1	1	1	1	1	1	1	1	1	1	1	1	1	1	1	1	1	1	1	1	1	1	1	0.999	1	1	1	1	1	1	1	0.999	1	1	0.997	0.996	0.994	0.995	0.996	0.986	0.982	0.975	
1	1	1	1	1	1	1	1	1	1	1	1	1	1	1	1	1	1	1	1	1	1	1	0.999	1	1	1	1	1	1	1	1	1	1	1	1	0.998	1	0.999	0.998	1	1	0.998	0.999	0.998	0.997	0.995	0.995	0.993	0.989	0.994	0.988	0.992	0.989	0.99	0.988	0.983	0.984	0.987	0.984	0.973	0.98	0.958	0.958	0.962	0.954	0.931	0.945	0.926	0.916	0.901	0.898	0.866	0.86	0.843	0.841	0.802	0.794	0.742	0.745	0.701	0.681	0.63	0.608	0.583	0.55	0.515	0.485	0.443	0.363	0.343	0.292	0.253	0.238	0.189	0.157	0.145	0.103	0.1	0.071	
0.86	0.832	0.819	0.816	0.798	0.763	0.746	0.728	0.721	0.716	0.718	0.703	0.686	0.658	0.623	0.643	0.634	0.592	0.602	0.614	0.565	0.544	0.544	0.53	0.551	0.543	0.517	0.497	0.516	0.477	0.506	0.474	0.46	0.447	0.444	0.411	0.398	0.424	0.402	0.385	0.365	0.365	0.363	0.369	0.345	0.318	0.308	0.312	0.293	0.298	0.272	0.279	0.278	0.246	0.261	0.206	0.205	0.203	0.218	0.166	0.17	0.152	0.16	0.184	0.144	0.13	0.133	0.122	0.101	0.095	0.095	0.071	0.092	0.065	0.052	0.058	0.048	0.05	0.047	0.041	0.043	0.037	0.032	0.026	0.025	0.02	0.014	0.012	0.017	0.006	0.009	0.007	0.006	0.002	0	0.004	0.003	0.001	0	0.002	
0.788	0.78	0.743	0.714	0.725	0.701	0.689	0.66	0.648	0.618	0.587	0.584	0.559	0.547	0.545	0.532	0.479	0.485	0.473	0.441	0.467	0.445	0.431	0.412	0.382	0.366	0.331	0.345	0.348	0.321	0.306	0.319	0.31	0.286	0.287	0.278	0.238	0.244	0.244	0.228	0.243	0.198	0.191	0.176	0.18	0.185	0.179	0.184	0.172	0.157	0.153	0.142	0.143	0.128	0.136	0.134	0.117	0.138	0.13	0.101	0.114	0.094	0.108	0.086	0.084	0.1	0.084	0.077	0.071	0.077	0.058	0.065	0.06	0.061	0.05	0.058	0.061	0.039	0.033	0.03	0.039	0.034	0.036	0.036	0.031	0.025	0.023	0.022	0.026	0.018	0.017	0.015	0.018	0.012	0.01	0.008	0.009	0.007	0.007	0.003	
1	1	1	1	1	1	1	1	1	1	1	1	1	1	1	1	0.999	1	1	1	0.999	0.999	1	1	0.999	0.999	1	0.994	0.999	0.999	0.999	0.996	0.996	0.994	0.991	0.995	0.996	0.997	0.99	0.994	0.987	0.993	0.986	0.984	0.978	0.974	0.975	0.973	0.957	0.955	0.956	0.96	0.951	0.947	0.943	0.923	0.924	0.908	0.905	0.898	0.88	0.868	0.858	0.868	0.858	0.823	0.813	0.816	0.788	0.772	0.77	0.747	0.742	0.707	0.7	0.691	0.685	0.673	0.625	0.617	0.592	0.57	0.565	0.535	0.549	0.501	0.5	0.479	0.478	0.435	0.402	0.39	0.386	0.358	0.34	0.344	0.295	0.255	0.234	0.203	
1	1	1	1	1	1	1	1	1	1	1	1	1	1	1	1	1	1	1	1	1	1	1	1	1	1	1	1	1	1	1	1	1	1	1	1	1	1	1	1	1	1	1	1	1	1	1	1	1	1	1	1	1	1	1	1	1	1	1	1	1	1	1	1	1	1	1	1	1	1	1	1	1	1	1	1	1	1	1	1	1	1	1	1	1	1	1	1	1	1	0.999	1	0.999	0.998	0.999	0.997	0.997	0.991	0.993	0.992	
1	1	1	1	1	1	1	0.999	1	0.999	0.999	0.999	1	0.997	0.999	0.996	0.997	0.999	0.994	0.994	0.989	0.992	0.995	0.985	0.992	0.992	0.985	0.975	0.982	0.975	0.974	0.972	0.96	0.968	0.965	0.967	0.954	0.95	0.94	0.952	0.921	0.918	0.919	0.939	0.894	0.91	0.895	0.908	0.892	0.892	0.885	0.865	0.878	0.857	0.849	0.851	0.851	0.837	0.832	0.844	0.841	0.806	0.83	0.797	0.8	0.758	0.781	0.794	0.761	0.785	0.741	0.707	0.718	0.709	0.669	0.681	0.622	0.606	0.608	0.593	0.57	0.505	0.497	0.45	0.429	0.403	0.354	0.32	0.249	0.231	0.231	0.199	0.164	0.124	0.134	0.115	0.067	0.063	0.052	0.039	
0.797	0.778	0.786	0.745	0.762	0.757	0.743	0.746	0.734	0.699	0.703	0.715	0.683	0.685	0.694	0.645	0.702	0.664	0.619	0.622	0.651	0.597	0.579	0.623	0.596	0.556	0.573	0.575	0.577	0.524	0.554	0.515	0.535	0.521	0.513	0.51	0.488	0.492	0.494	0.468	0.459	0.497	0.493	0.447	0.471	0.447	0.418	0.411	0.425	0.416	0.434	0.424	0.373	0.398	0.375	0.369	0.358	0.342	0.361	0.321	0.298	0.279	0.31	0.297	0.31	0.28	0.271	0.268	0.239	0.261	0.237	0.231	0.209	0.193	0.211	0.18	0.181	0.193	0.175	0.165	0.141	0.137	0.135	0.145	0.115	0.109	0.107	0.097	0.072	0.063	0.061	0.068	0.041	0.045	0.044	0.026	0.026	0.03	0.018	0.017	
0.373	0.389	0.361	0.364	0.315	0.276	0.266	0.248	0.208	0.229	0.196	0.185	0.2	0.178	0.141	0.124	0.123	0.136	0.131	0.113	0.089	0.071	0.081	0.07	0.065	0.066	0.043	0.055	0.051	0.045	0.038	0.044	0.035	0.033	0.033	0.033	0.036	0.039	0.016	0.018	0.016	0.019	0.024	0.024	0.018	0.019	0.014	0.017	0.011	0.015	0.019	0.012	0.013	0.021	0.016	0.021	0.018	0.021	0.018	0.027	0.026	0.03	0.023	0.038	0.04	0.035	0.059	0.046	0.059	0.044	0.076	0.074	0.078	0.056	0.082	0.083	0.075	0.087	0.091	0.105	0.092	0.082	0.086	0.108	0.096	0.096	0.082	0.087	0.077	0.071	0.094	0.057	0.065	0.059	0.055	0.041	0.036	0.038	0.038	0.037	
0.993	0.99	0.989	0.991	0.992	0.991	0.987	0.988	0.99	0.983	0.984	0.976	0.982	0.972	0.967	0.969	0.958	0.961	0.965	0.955	0.95	0.937	0.942	0.942	0.933	0.926	0.913	0.914	0.901	0.874	0.896	0.864	0.868	0.867	0.853	0.833	0.811	0.798	0.805	0.761	0.795	0.775	0.728	0.722	0.722	0.726	0.686	0.644	0.667	0.62	0.646	0.607	0.57	0.578	0.573	0.534	0.52	0.492	0.501	0.507	0.474	0.429	0.416	0.423	0.416	0.373	0.373	0.344	0.333	0.313	0.314	0.294	0.266	0.246	0.258	0.223	0.197	0.208	0.205	0.172	0.181	0.164	0.148	0.149	0.137	0.139	0.105	0.112	0.121	0.095	0.101	0.093	0.069	0.062	0.075	0.053	0.047	0.039	0.035	0.031	
1	1	1	1	1	1	1	1	1	1	1	1	1	1	1	1	1	1	0.999	1	1	1	0.999	1	1	0.998	0.999	0.999	1	0.996	1	0.997	0.997	0.996	0.997	0.997	1	0.997	0.994	0.995	0.995	0.992	0.994	0.988	0.989	0.991	0.991	0.987	0.98	0.982	0.977	0.982	0.973	0.98	0.986	0.974	0.973	0.977	0.962	0.957	0.959	0.954	0.949	0.943	0.924	0.921	0.927	0.912	0.915	0.897	0.884	0.869	0.836	0.833	0.82	0.8	0.786	0.738	0.707	0.694	0.667	0.617	0.608	0.566	0.547	0.478	0.455	0.434	0.36	0.341	0.31	0.243	0.232	0.227	0.145	0.139	0.111	0.095	0.078	0.053	
1	1	1	1	1	0.999	1	1	1	0.999	0.997	0.999	0.993	0.994	0.991	0.987	0.991	0.979	0.988	0.976	0.97	0.963	0.951	0.939	0.943	0.937	0.914	0.903	0.878	0.888	0.85	0.831	0.84	0.791	0.774	0.746	0.722	0.727	0.691	0.682	0.632	0.628	0.585	0.609	0.551	0.523	0.501	0.476	0.448	0.454	0.424	0.409	0.385	0.384	0.359	0.318	0.302	0.311	0.29	0.258	0.278	0.224	0.246	0.205	0.186	0.169	0.154	0.15	0.132	0.135	0.094	0.116	0.097	0.081	0.082	0.083	0.069	0.068	0.052	0.052	0.037	0.04	0.035	0.027	0.019	0.012	0.014	0.012	0.005	0.003	0.004	0.004	0.005	0.002	0.003	0	0	0	0	0.001	
0.987	0.989	0.986	0.982	0.979	0.971	0.98	0.964	0.972	0.97	0.956	0.934	0.943	0.94	0.932	0.916	0.917	0.904	0.899	0.897	0.884	0.874	0.862	0.827	0.831	0.825	0.809	0.819	0.828	0.788	0.777	0.735	0.753	0.733	0.725	0.711	0.699	0.685	0.66	0.663	0.606	0.643	0.61	0.629	0.568	0.537	0.535	0.5	0.51	0.505	0.47	0.455	0.433	0.439	0.404	0.385	0.389	0.342	0.3	0.342	0.289	0.305	0.267	0.235	0.225	0.215	0.199	0.183	0.144	0.123	0.133	0.12	0.094	0.082	0.076	0.06	0.051	0.046	0.038	0.023	0.021	0.013	0.007	0.007	0.004	0.002	0.002	0.001	0.002	0.001	0	0.001	0	0	0	0	0	0	0	0	
1	1	1	1	1	1	1	1	1	1	1	1	0.999	1	0.999	0.999	1	1	1	1	0.996	0.997	0.997	0.998	0.997	1	0.995	0.995	0.993	0.997	0.999	0.995	0.995	0.994	0.991	0.99	0.991	0.991	0.991	0.99	0.988	0.985	0.976	0.978	0.98	0.978	0.971	0.968	0.961	0.965	0.967	0.96	0.949	0.951	0.935	0.938	0.946	0.949	0.933	0.92	0.92	0.931	0.911	0.908	0.913	0.885	0.875	0.902	0.88	0.866	0.881	0.846	0.849	0.842	0.863	0.823	0.837	0.815	0.816	0.843	0.816	0.799	0.801	0.774	0.784	0.778	0.752	0.762	0.734	0.725	0.693	0.655	0.635	0.615	0.59	0.563	0.526	0.499	0.502	0.452	
1	1	1	1	1	1	1	1	1	1	1	1	1	1	1	1	1	1	1	1	1	1	1	1	1	1	1	1	1	1	1	1	1	1	1	1	1	1	1	1	1	1	1	1	1	1	1	1	1	1	1	1	1	1	1	1	1	0.999	1	1	0.998	1	0.998	0.998	0.998	0.999	0.996	0.999	0.993	0.996	0.992	0.983	0.987	0.993	0.987	0.982	0.977	0.974	0.978	0.964	0.952	0.939	0.941	0.932	0.917	0.907	0.887	0.86	0.834	0.794	0.794	0.765	0.712	0.673	0.633	0.587	0.549	0.492	0.462	0.388	
1	1	1	1	1	1	1	1	1	1	1	1	1	1	1	1	1	1	1	0.999	1	0.999	0.999	0.999	0.998	0.997	0.999	0.993	0.997	0.996	0.994	0.993	0.991	0.992	0.984	0.983	0.983	0.987	0.982	0.983	0.976	0.977	0.971	0.97	0.971	0.97	0.964	0.957	0.951	0.956	0.948	0.945	0.92	0.929	0.916	0.911	0.918	0.9	0.894	0.873	0.89	0.862	0.866	0.86	0.864	0.827	0.805	0.836	0.791	0.794	0.791	0.796	0.783	0.769	0.736	0.74	0.739	0.758	0.733	0.721	0.687	0.717	0.685	0.666	0.694	0.655	0.644	0.625	0.642	0.594	0.643	0.631	0.62	0.621	0.616	0.628	0.623	0.638	0.627	0.632	
0.998	0.999	0.999	0.999	1	0.999	0.997	1	0.998	0.997	0.996	0.997	0.997	0.997	0.994	0.998	0.996	0.997	0.997	0.995	0.993	0.998	0.995	0.997	0.992	0.996	0.995	0.99	0.993	0.99	0.985	0.989	0.987	0.987	0.987	0.986	0.981	0.98	0.989	0.972	0.975	0.962	0.974	0.967	0.971	0.964	0.96	0.955	0.962	0.957	0.924	0.939	0.936	0.933	0.918	0.908	0.913	0.911	0.902	0.884	0.868	0.851	0.847	0.832	0.83	0.809	0.778	0.787	0.782	0.765	0.761	0.746	0.715	0.706	0.665	0.662	0.667	0.656	0.622	0.608	0.584	0.567	0.573	0.53	0.506	0.499	0.501	0.483	0.452	0.422	0.435	0.392	0.389	0.378	0.365	0.352	0.356	0.345	0.367	0.35	
0.991	0.995	0.991	0.99	0.985	0.99	0.988	0.985	0.972	0.975	0.96	0.963	0.963	0.953	0.949	0.952	0.949	0.915	0.92	0.918	0.907	0.906	0.894	0.872	0.873	0.847	0.836	0.825	0.82	0.805	0.779	0.788	0.771	0.748	0.742	0.716	0.717	0.712	0.678	0.64	0.65	0.615	0.617	0.602	0.594	0.535	0.522	0.481	0.481	0.486	0.454	0.421	0.392	0.396	0.36	0.365	0.315	0.33	0.288	0.279	0.257	0.239	0.229	0.214	0.178	0.184	0.139	0.152	0.137	0.128	0.103	0.093	0.069	0.078	0.066	0.048	0.043	0.037	0.025	0.019	0.024	0.018	0.007	0.013	0.007	0.005	0.007	0.007	0.003	0.001	0	0.002	0.001	0	0	0.001	0	0	0	0	
0.143	0.137	0.116	0.096	0.093	0.09	0.074	0.08	0.052	0.057	0.053	0.034	0.022	0.031	0.024	0.024	0.011	0.014	0.016	0.005	0.009	0.005	0.002	0.007	0.004	0.002	0.002	0.002	0.003	0.001	0	0	0	0	0.001	0	0	0	0	0	0	0	0	0	0	0	0	0	0	0	0	0	0	0	0	0	0	0	0	0	0	0	0	0	0	0	0	0	0	0	0	0	0	0	0	0	0	0	0	0	0	0	0	0	0	0	0	0	0	0	0	0	0	0	0	0	0	0	0	0	
0.783	0.791	0.781	0.795	0.794	0.784	0.77	0.799	0.781	0.766	0.778	0.786	0.795	0.793	0.787	0.804	0.783	0.788	0.791	0.798	0.761	0.788	0.786	0.783	0.794	0.791	0.808	0.81	0.806	0.796	0.809	0.8	0.814	0.804	0.8	0.803	0.836	0.836	0.831	0.821	0.832	0.846	0.822	0.838	0.843	0.859	0.846	0.874	0.873	0.861	0.849	0.881	0.887	0.893	0.884	0.894	0.916	0.908	0.906	0.909	0.907	0.929	0.932	0.924	0.931	0.95	0.925	0.937	0.93	0.934	0.949	0.952	0.952	0.961	0.956	0.958	0.958	0.954	0.968	0.968	0.964	0.952	0.961	0.97	0.962	0.953	0.957	0.951	0.944	0.957	0.942	0.954	0.944	0.945	0.937	0.923	0.918	0.927	0.912	0.876	
1	1	1	1	1	1	1	1	1	1	1	1	1	1	1	1	1	1	1	1	1	1	1	1	1	1	1	1	1	1	1	1	1	1	1	1	1	1	1	1	1	1	1	1	1	1	1	1	1	1	1	1	1	1	1	1	1	1	1	1	1	1	1	1	1	1	1	1	1	1	1	0.999	0.997	0.998	0.996	0.998	0.991	0.994	0.992	0.987	0.988	0.976	0.977	0.963	0.964	0.948	0.937	0.92	0.898	0.887	0.874	0.831	0.788	0.763	0.709	0.662	0.613	0.53	0.481	0.484	
0.855	0.845	0.829	0.787	0.783	0.766	0.726	0.718	0.7	0.663	0.625	0.628	0.559	0.581	0.537	0.5	0.487	0.452	0.428	0.443	0.401	0.373	0.368	0.376	0.341	0.329	0.298	0.283	0.27	0.257	0.239	0.23	0.215	0.216	0.21	0.196	0.165	0.182	0.157	0.152	0.149	0.161	0.145	0.128	0.128	0.117	0.108	0.121	0.118	0.094	0.097	0.101	0.089	0.079	0.07	0.082	0.062	0.069	0.066	0.073	0.058	0.061	0.075	0.057	0.065	0.054	0.059	0.043	0.042	0.044	0.054	0.043	0.044	0.054	0.039	0.045	0.036	0.039	0.035	0.041	0.046	0.04	0.042	0.032	0.035	0.027	0.031	0.022	0.03	0.019	0.018	0.022	0.016	0.01	0.01	0.011	0.01	0.005	0.002	0.001	
0.458	0.423	0.421	0.432	0.407	0.415	0.394	0.414	0.405	0.404	0.411	0.41	0.379	0.389	0.355	0.381	0.365	0.354	0.368	0.369	0.394	0.355	0.38	0.373	0.344	0.365	0.323	0.357	0.348	0.326	0.353	0.321	0.334	0.329	0.312	0.344	0.324	0.307	0.32	0.341	0.334	0.299	0.303	0.317	0.318	0.298	0.313	0.311	0.292	0.293	0.285	0.302	0.291	0.275	0.247	0.28	0.248	0.264	0.246	0.257	0.252	0.254	0.239	0.218	0.218	0.234	0.224	0.263	0.228	0.206	0.222	0.209	0.193	0.2	0.193	0.201	0.198	0.168	0.175	0.177	0.164	0.166	0.184	0.148	0.145	0.175	0.145	0.141	0.131	0.119	0.111	0.111	0.093	0.082	0.079	0.05	0.071	0.052	0.042	0.039	
0.85	0.856	0.857	0.846	0.859	0.856	0.851	0.853	0.856	0.861	0.855	0.85	0.865	0.863	0.852	0.843	0.849	0.835	0.841	0.847	0.857	0.848	0.848	0.859	0.838	0.827	0.837	0.823	0.838	0.777	0.815	0.816	0.819	0.792	0.827	0.787	0.779	0.785	0.768	0.772	0.696	0.72	0.716	0.69	0.675	0.686	0.664	0.645	0.641	0.623	0.585	0.581	0.556	0.562	0.534	0.516	0.464	0.479	0.467	0.432	0.417	0.369	0.382	0.346	0.314	0.361	0.322	0.29	0.269	0.25	0.222	0.26	0.184	0.177	0.188	0.158	0.157	0.151	0.134	0.122	0.124	0.122	0.106	0.112	0.085	0.078	0.1	0.06	0.074	0.061	0.058	0.058	0.044	0.043	0.034	0.046	0.047	0.034	0.016	0.019	
0.997	0.998	0.998	0.997	0.995	0.995	0.994	0.992	0.995	0.99	0.989	0.995	0.992	0.986	0.992	0.981	0.974	0.974	0.974	0.981	0.98	0.956	0.966	0.962	0.96	0.948	0.961	0.948	0.94	0.941	0.926	0.923	0.898	0.915	0.927	0.89	0.887	0.896	0.869	0.865	0.887	0.843	0.845	0.843	0.812	0.81	0.821	0.796	0.79	0.744	0.751	0.76	0.729	0.721	0.712	0.671	0.677	0.679	0.673	0.657	0.639	0.639	0.625	0.593	0.571	0.586	0.573	0.562	0.557	0.525	0.52	0.493	0.496	0.466	0.459	0.417	0.452	0.43	0.382	0.368	0.384	0.383	0.329	0.285	0.3	0.28	0.293	0.233	0.215	0.215	0.201	0.186	0.166	0.126	0.141	0.122	0.1	0.11	0.062	0.068	
0.989	0.993	0.993	0.984	0.977	0.979	0.967	0.951	0.965	0.955	0.96	0.93	0.939	0.924	0.923	0.915	0.907	0.856	0.864	0.833	0.832	0.824	0.791	0.797	0.794	0.738	0.715	0.722	0.691	0.649	0.637	0.631	0.592	0.549	0.536	0.519	0.446	0.465	0.423	0.393	0.421	0.366	0.361	0.317	0.302	0.288	0.272	0.249	0.224	0.208	0.163	0.173	0.163	0.17	0.132	0.116	0.098	0.081	0.099	0.084	0.063	0.047	0.054	0.04	0.024	0.035	0.027	0.016	0.018	0.015	0.007	0.012	0.005	0.004	0.004	0.003	0.003	0.001	0.001	0.001	0.001	0	0	0	0	0	0	0	0	0	0	0	0	0	0	0	0	0	0	0	
0.002	0.001	0.002	0.001	0.002	0.002	0.003	0.001	0.001	0.002	0	0.001	0.002	0.001	0	0	0	0	0	0	0.001	0	0.001	0	0	0	0	0	0	0	0.001	0	0.001	0	0.001	0	0	0	0	0	0	0	0	0	0.001	0	0	0	0	0	0	0	0	0	0	0	0	0	0	0.001	0	0	0	0	0	0	0	0	0	0	0	0	0.001	0	0	0.001	0.002	0	0	0.001	0.001	0.001	0.003	0	0.001	0	0.002	0.001	0	0.001	0.001	0.001	0.002	0	0.002	0	0	0	0	0.002	
1	1	1	1	1	1	1	0.999	1	1	1	1	1	0.999	1	0.999	0.997	0.998	0.997	0.996	0.997	0.999	0.993	0.995	0.99	0.992	0.992	0.985	0.987	0.975	0.97	0.966	0.96	0.96	0.949	0.942	0.94	0.922	0.924	0.898	0.891	0.883	0.869	0.834	0.82	0.808	0.775	0.782	0.735	0.715	0.683	0.661	0.636	0.627	0.592	0.557	0.515	0.476	0.454	0.431	0.417	0.389	0.359	0.306	0.289	0.255	0.244	0.203	0.2	0.151	0.174	0.124	0.109	0.11	0.095	0.063	0.063	0.034	0.051	0.037	0.036	0.027	0.023	0.007	0.007	0.01	0.007	0.002	0.006	0.002	0.001	0.001	0	0	0	0	0	0	0	0.001	
1	1	1	1	1	1	1	1	1	1	1	1	1	0.999	0.999	1	1	1	0.999	1	1	0.996	1	0.996	0.999	0.997	0.996	0.998	0.998	0.996	0.997	0.994	0.995	0.992	0.995	0.995	0.99	0.986	0.99	0.984	0.985	0.983	0.986	0.986	0.974	0.981	0.977	0.974	0.974	0.977	0.985	0.965	0.973	0.965	0.967	0.968	0.957	0.971	0.975	0.962	0.96	0.969	0.956	0.965	0.955	0.958	0.95	0.949	0.955	0.95	0.95	0.948	0.944	0.954	0.938	0.942	0.945	0.933	0.931	0.924	0.903	0.926	0.877	0.89	0.839	0.813	0.801	0.776	0.726	0.671	0.642	0.542	0.52	0.498	0.43	0.35	0.327	0.24	0.214	0.167	
1	1	1	1	1	1	1	1	1	1	1	1	1	1	1	1	1	1	1	1	1	1	1	1	1	1	1	1	1	1	1	1	1	1	1	1	1	1	1	0.999	1	1	1	1	1	1	1	0.999	1	1	0.999	1	1	0.999	0.998	0.998	0.996	0.996	0.999	0.998	0.998	0.997	0.994	0.997	0.998	0.993	0.988	0.985	0.989	0.983	0.984	0.982	0.985	0.984	0.979	0.983	0.974	0.975	0.96	0.963	0.947	0.941	0.946	0.922	0.921	0.902	0.894	0.897	0.879	0.856	0.826	0.81	0.795	0.783	0.757	0.745	0.72	0.676	0.661	0.621	
1	1	1	1	1	1	1	1	0.999	1	1	1	0.999	1	1	0.999	1	0.998	0.998	0.997	0.999	0.998	0.998	0.998	0.997	0.999	0.996	0.996	0.993	0.996	0.995	0.995	0.995	0.987	0.991	0.991	0.991	0.99	0.99	0.989	0.989	0.984	0.983	0.985	0.973	0.967	0.981	0.972	0.968	0.957	0.962	0.945	0.946	0.94	0.943	0.937	0.922	0.923	0.911	0.897	0.888	0.897	0.888	0.869	0.883	0.856	0.841	0.837	0.802	0.827	0.79	0.81	0.79	0.755	0.729	0.735	0.726	0.668	0.704	0.671	0.64	0.672	0.641	0.597	0.609	0.602	0.57	0.57	0.539	0.512	0.511	0.525	0.513	0.5	0.476	0.427	0.463	0.415	0.366	0.362	
0.66	0.675	0.667	0.694	0.643	0.663	0.701	0.698	0.659	0.671	0.67	0.622	0.679	0.656	0.657	0.664	0.656	0.677	0.639	0.669	0.655	0.648	0.646	0.638	0.595	0.632	0.62	0.651	0.622	0.621	0.595	0.609	0.598	0.603	0.583	0.6	0.602	0.61	0.585	0.578	0.575	0.557	0.571	0.59	0.569	0.579	0.574	0.573	0.576	0.54	0.579	0.573	0.564	0.544	0.577	0.544	0.564	0.561	0.581	0.564	0.572	0.583	0.577	0.578	0.596	0.591	0.606	0.638	0.606	0.607	0.644	0.635	0.601	0.661	0.614	0.642	0.635	0.651	0.626	0.612	0.604	0.563	0.576	0.567	0.554	0.532	0.521	0.452	0.438	0.4	0.369	0.333	0.316	0.308	0.232	0.21	0.165	0.155	0.127	0.112	
1	1	1	1	1	1	1	1	1	1	1	1	1	1	1	1	1	1	1	1	1	1	1	1	1	1	1	1	1	1	1	1	1	1	1	1	0.999	1	0.999	0.999	1	1	1	1	0.998	0.997	0.999	1	0.995	0.999	0.997	0.995	0.998	0.995	0.997	0.997	0.994	0.991	0.995	0.991	0.988	0.991	0.99	0.984	0.98	0.982	0.979	0.975	0.976	0.974	0.965	0.954	0.966	0.955	0.956	0.941	0.953	0.93	0.919	0.943	0.93	0.916	0.911	0.928	0.918	0.908	0.887	0.895	0.891	0.886	0.849	0.852	0.851	0.819	0.802	0.803	0.763	0.708	0.701	0.623	
1	1	1	1	1	1	1	1	1	1	1	1	1	1	1	1	1	1	1	1	1	0.999	1	1	0.999	0.999	1	0.999	1	0.998	1	0.998	1	1	0.998	0.999	0.996	0.996	0.997	0.994	0.994	0.994	0.991	0.991	0.992	0.989	0.988	0.99	0.983	0.983	0.976	0.974	0.984	0.976	0.979	0.976	0.974	0.97	0.979	0.973	0.967	0.971	0.959	0.959	0.962	0.945	0.959	0.945	0.955	0.941	0.935	0.934	0.924	0.92	0.919	0.91	0.908	0.888	0.885	0.873	0.866	0.842	0.847	0.824	0.834	0.804	0.775	0.777	0.752	0.717	0.733	0.673	0.659	0.658	0.63	0.627	0.599	0.567	0.557	0.548	
1	1	0.999	1	1	1	1	1	1	0.999	1	1	0.999	0.999	1	1	1	1	1	1	1	1	1	1	1	1	1	0.998	1	1	1	0.998	0.996	0.994	0.996	0.996	0.999	0.998	0.995	0.997	0.999	0.995	0.991	0.993	0.99	0.992	0.987	0.987	0.984	0.989	0.986	0.981	0.984	0.98	0.981	0.978	0.979	0.975	0.961	0.96	0.959	0.954	0.937	0.947	0.936	0.937	0.929	0.938	0.91	0.912	0.913	0.905	0.897	0.892	0.891	0.897	0.86	0.865	0.861	0.864	0.862	0.85	0.835	0.832	0.819	0.817	0.804	0.806	0.798	0.808	0.763	0.763	0.792	0.721	0.771	0.752	0.755	0.727	0.75	0.699	
1	1	0.999	1	1	1	1	1	0.996	0.998	0.999	0.995	0.997	0.995	0.998	0.999	0.99	0.99	0.982	0.987	0.982	0.975	0.978	0.972	0.962	0.966	0.96	0.929	0.947	0.93	0.925	0.903	0.903	0.893	0.892	0.891	0.869	0.875	0.849	0.851	0.825	0.838	0.828	0.809	0.796	0.794	0.812	0.788	0.784	0.775	0.786	0.753	0.754	0.762	0.756	0.785	0.767	0.762	0.737	0.728	0.744	0.782	0.785	0.765	0.751	0.808	0.775	0.787	0.799	0.787	0.795	0.807	0.813	0.814	0.816	0.861	0.833	0.851	0.87	0.856	0.865	0.871	0.876	0.901	0.885	0.879	0.89	0.894	0.89	0.894	0.874	0.887	0.89	0.884	0.874	0.862	0.882	0.86	0.875	0.843	
0.999	0.995	0.99	0.998	0.995	0.995	0.997	0.993	0.994	0.991	0.987	0.986	0.993	0.992	0.984	0.979	0.991	0.983	0.984	0.982	0.985	0.986	0.983	0.962	0.973	0.97	0.953	0.959	0.952	0.957	0.953	0.946	0.936	0.938	0.916	0.906	0.925	0.892	0.895	0.9	0.867	0.862	0.84	0.825	0.809	0.801	0.789	0.773	0.756	0.722	0.741	0.709	0.695	0.63	0.649	0.59	0.617	0.596	0.57	0.544	0.508	0.481	0.454	0.443	0.424	0.408	0.34	0.296	0.32	0.253	0.238	0.214	0.225	0.211	0.169	0.136	0.113	0.116	0.092	0.093	0.063	0.052	0.05	0.032	0.036	0.022	0.014	0.016	0.009	0.013	0.012	0.005	0.013	0.014	0.009	0.01	0.006	0.011	0.005	0.013	
1	1	1	1	1	1	1	0.999	0.998	1	1	0.999	1	1	1	1	1	1	1	1	1	1	1	1	1	1	1	1	1	1	0.997	1	1	0.999	1	0.997	1	0.998	0.998	1	0.997	0.997	0.999	0.996	0.993	0.99	0.991	0.99	0.981	0.989	0.984	0.976	0.984	0.973	0.982	0.977	0.968	0.953	0.955	0.958	0.941	0.925	0.914	0.915	0.888	0.863	0.865	0.858	0.808	0.787	0.759	0.752	0.736	0.699	0.678	0.648	0.598	0.595	0.577	0.504	0.468	0.425	0.416	0.396	0.351	0.304	0.25	0.224	0.192	0.182	0.14	0.103	0.089	0.058	0.051	0.039	0.031	0.019	0.008	0.012	
0.006	0.001	0.003	0.002	0	0.002	0.002	0.001	0.002	0.001	0	0.001	0	0	0	0	0	0	0	0	0	0	0	0	0	0	0	0	0	0.001	0	0	0	0	0	0	0	0	0	0	0.001	0	0	0	0.001	0.001	0	0.001	0.001	0.001	0	0	0	0	0.001	0	0	0	0.001	0.001	0	0	0	0	0	0.001	0	0.001	0	0	0	0	0	0	0.001	0	0.001	0	0	0	0	0	0	0	0	0.001	0	0	0	0	0	0	0	0	0	0	0	0	0	0	
1	1	1	1	1	1	1	1	1	1	1	1	1	1	1	1	1	1	1	1	1	1	1	1	1	1	1	1	1	1	1	1	1	1	1	1	1	1	1	1	1	1	1	1	1	1	1	1	1	1	1	1	1	1	1	1	1	1	1	1	1	1	1	1	1	1	1	1	1	1	1	1	1	1	1	1	1	1	1	1	1	1	1	1	0.999	1	1	1	1	0.999	0.999	1	0.999	0.998	0.996	0.998	0.999	0.994	0.988	0.984	
0.999	0.998	0.997	0.997	0.996	0.995	0.992	0.993	0.989	0.99	0.984	0.98	0.974	0.972	0.973	0.962	0.952	0.96	0.94	0.938	0.925	0.905	0.899	0.871	0.849	0.845	0.83	0.836	0.806	0.775	0.737	0.717	0.733	0.682	0.656	0.641	0.625	0.568	0.546	0.568	0.518	0.491	0.471	0.434	0.433	0.409	0.37	0.377	0.323	0.348	0.299	0.304	0.292	0.237	0.28	0.223	0.239	0.236	0.2	0.194	0.187	0.173	0.182	0.145	0.158	0.17	0.145	0.127	0.125	0.118	0.127	0.09	0.121	0.112	0.109	0.101	0.101	0.09	0.088	0.103	0.115	0.098	0.072	0.071	0.086	0.068	0.073	0.056	0.051	0.056	0.058	0.046	0.04	0.033	0.03	0.043	0.026	0.025	0.026	0.019	
0.001	0	0	0	0	0	0	0	0	0	0	0	0	0	0	0	0	0	0	0	0	0	0	0	0	0	0	0	0	0	0	0	0	0	0	0	0	0	0	0	0	0	0	0	0	0	0	0	0	0	0	0	0	0	0	0	0	0	0	0	0	0	0	0	0	0	0	0	0	0	0	0	0	0	0	0	0	0	0	0	0	0	0	0	0	0	0	0	0	0	0	0	0	0	0	0	0	0	0	0	
1	0.999	1	1	0.998	0.999	0.997	0.999	0.998	0.996	0.997	0.996	0.997	0.994	0.998	0.992	0.994	0.988	0.99	0.99	0.993	0.99	0.984	0.984	0.985	0.984	0.982	0.978	0.977	0.974	0.964	0.964	0.964	0.96	0.965	0.948	0.942	0.944	0.937	0.93	0.924	0.928	0.908	0.903	0.881	0.891	0.874	0.817	0.823	0.821	0.786	0.791	0.775	0.754	0.713	0.689	0.634	0.648	0.61	0.598	0.556	0.522	0.481	0.435	0.434	0.41	0.359	0.351	0.312	0.294	0.271	0.224	0.208	0.17	0.143	0.145	0.111	0.086	0.077	0.064	0.05	0.044	0.044	0.023	0.016	0.025	0.017	0.012	0.011	0.004	0.007	0.005	0	0.003	0.002	0.001	0	0	0	0.001	
0.044	0.041	0.046	0.051	0.034	0.04	0.037	0.029	0.02	0.027	0.03	0.033	0.023	0.018	0.028	0.019	0.016	0.017	0.017	0.025	0.017	0.011	0.02	0.019	0.015	0.014	0.012	0.011	0.005	0.012	0.016	0.007	0.012	0.007	0.005	0.006	0.009	0.009	0.007	0.007	0.007	0.002	0.004	0.002	0.003	0.003	0	0.005	0.003	0	0.002	0	0.003	0.002	0.001	0	0	0	0.002	0.001	0	0.002	0.001	0	0.001	0.001	0.001	0.002	0	0	0	0	0	0	0.001	0	0	0	0	0	0	0	0	0	0	0	0	0	0	0	0	0	0	0	0	0	0	0	0	0	
1	1	1	1	1	1	1	1	1	1	0.999	0.999	1	1	1	0.999	1	1	1	0.998	1	0.999	0.996	0.999	0.994	0.992	0.993	0.994	0.989	0.988	0.989	0.982	0.976	0.979	0.969	0.958	0.97	0.95	0.941	0.926	0.943	0.912	0.891	0.875	0.86	0.865	0.833	0.791	0.782	0.773	0.731	0.738	0.709	0.692	0.671	0.631	0.613	0.57	0.566	0.514	0.512	0.461	0.443	0.393	0.397	0.384	0.362	0.305	0.314	0.257	0.219	0.226	0.196	0.191	0.161	0.152	0.114	0.108	0.072	0.08	0.076	0.047	0.041	0.04	0.025	0.025	0.018	0.01	0.005	0.003	0.006	0.001	0.004	0.007	0.001	0	0.002	0	0	0	
0.892	0.854	0.834	0.825	0.836	0.803	0.818	0.792	0.765	0.745	0.728	0.727	0.722	0.705	0.682	0.664	0.627	0.636	0.626	0.615	0.593	0.586	0.563	0.562	0.518	0.496	0.475	0.502	0.466	0.444	0.465	0.411	0.433	0.4	0.396	0.402	0.398	0.377	0.386	0.369	0.365	0.319	0.336	0.32	0.308	0.31	0.317	0.297	0.321	0.309	0.278	0.268	0.262	0.27	0.27	0.266	0.263	0.228	0.249	0.212	0.25	0.244	0.224	0.24	0.259	0.208	0.244	0.214	0.26	0.227	0.219	0.237	0.212	0.232	0.22	0.217	0.226	0.244	0.234	0.231	0.233	0.239	0.254	0.227	0.251	0.232	0.243	0.271	0.231	0.239	0.212	0.208	0.232	0.225	0.239	0.205	0.214	0.199	0.178	0.166	
0.999	1	1	1	1	0.999	1	1	0.997	0.999	1	0.999	1	0.998	0.998	0.997	0.996	0.997	0.996	0.997	0.994	0.995	0.996	0.996	0.994	0.99	0.985	0.989	0.994	0.981	0.985	0.984	0.985	0.989	0.976	0.97	0.978	0.963	0.962	0.97	0.966	0.958	0.959	0.963	0.942	0.942	0.938	0.93	0.936	0.926	0.905	0.915	0.906	0.894	0.872	0.896	0.859	0.882	0.863	0.847	0.841	0.829	0.821	0.819	0.798	0.812	0.782	0.764	0.77	0.754	0.718	0.691	0.665	0.667	0.679	0.646	0.624	0.591	0.579	0.566	0.55	0.511	0.499	0.485	0.463	0.431	0.431	0.416	0.384	0.354	0.317	0.31	0.286	0.282	0.225	0.236	0.218	0.202	0.184	0.143	
1	0.999	0.999	1	1	1	1	0.999	1	0.998	1	0.999	0.998	0.998	0.998	0.999	0.997	0.999	0.997	0.997	0.997	0.997	0.997	0.993	0.992	0.99	0.992	0.993	0.991	0.993	0.995	0.995	0.985	0.985	0.987	0.98	0.987	0.983	0.977	0.989	0.978	0.975	0.979	0.967	0.972	0.968	0.954	0.969	0.962	0.958	0.934	0.935	0.941	0.951	0.919	0.939	0.908	0.92	0.903	0.901	0.892	0.889	0.881	0.88	0.852	0.863	0.823	0.808	0.788	0.81	0.776	0.773	0.754	0.74	0.706	0.661	0.657	0.636	0.625	0.584	0.574	0.549	0.549	0.461	0.479	0.441	0.394	0.389	0.343	0.291	0.29	0.272	0.216	0.191	0.192	0.169	0.106	0.127	0.108	0.074	
1	1	1	1	1	1	1	1	1	1	1	0.999	1	1	1	1	0.998	0.999	1	0.999	0.999	1	0.999	1	0.999	0.999	1	0.999	0.999	0.999	0.999	0.999	0.999	1	0.995	1	0.995	0.998	0.999	0.998	0.998	0.995	0.998	0.997	0.996	0.998	0.996	0.994	0.994	0.997	0.997	0.995	0.996	0.994	0.997	0.995	0.992	0.995	0.992	0.992	0.997	0.992	0.995	0.994	0.991	0.99	0.993	0.992	0.979	0.986	0.989	0.983	0.983	0.981	0.98	0.984	0.977	0.968	0.974	0.977	0.96	0.953	0.933	0.941	0.911	0.907	0.875	0.87	0.849	0.821	0.785	0.772	0.747	0.7	0.613	0.606	0.56	0.533	0.482	0.417	
1	1	1	1	1	1	1	1	1	1	1	1	1	1	1	1	0.999	1	1	0.999	0.999	0.997	0.999	0.996	0.998	0.996	0.997	0.997	0.999	0.997	0.989	0.99	0.993	0.993	0.988	0.987	0.991	0.988	0.982	0.973	0.974	0.976	0.966	0.964	0.958	0.955	0.942	0.946	0.948	0.95	0.935	0.937	0.915	0.896	0.904	0.902	0.896	0.874	0.888	0.876	0.861	0.838	0.837	0.812	0.816	0.791	0.781	0.779	0.722	0.712	0.738	0.7	0.669	0.627	0.623	0.57	0.575	0.547	0.567	0.495	0.46	0.435	0.39	0.362	0.358	0.305	0.244	0.252	0.22	0.188	0.142	0.124	0.102	0.076	0.069	0.043	0.053	0.022	0.017	0.018	
0.709	0.67	0.629	0.607	0.573	0.531	0.498	0.511	0.452	0.418	0.384	0.359	0.34	0.326	0.288	0.278	0.256	0.23	0.219	0.206	0.149	0.155	0.13	0.104	0.081	0.08	0.083	0.067	0.058	0.051	0.043	0.032	0.025	0.021	0.021	0.015	0.007	0.009	0.009	0.005	0.002	0.001	0.004	0.003	0.004	0.002	0	0.003	0	0.003	0	0	0.002	0.001	0.002	0	0.001	0	0	0.001	0	0	0	0	0	0	0	0	0.001	0.001	0.002	0.001	0.001	0	0.001	0.001	0.001	0.002	0	0.001	0.003	0	0.001	0.004	0.001	0.001	0.002	0.004	0.003	0	0.004	0.002	0	0.002	0.001	0.003	0.001	0	0.001	0.001	
0.698	0.701	0.66	0.642	0.626	0.623	0.608	0.575	0.579	0.537	0.507	0.496	0.503	0.458	0.435	0.436	0.436	0.396	0.363	0.355	0.346	0.308	0.303	0.291	0.301	0.28	0.271	0.222	0.247	0.211	0.218	0.209	0.177	0.177	0.176	0.14	0.132	0.126	0.146	0.129	0.124	0.113	0.094	0.098	0.091	0.083	0.068	0.079	0.06	0.057	0.053	0.058	0.062	0.037	0.048	0.031	0.032	0.027	0.026	0.02	0.022	0.02	0.014	0.014	0.009	0.012	0.005	0.005	0.008	0.001	0.004	0.007	0.002	0.001	0.001	0.004	0.005	0.002	0.001	0	0	0.001	0	0	0.001	0	0	0	0	0	0	0	0	0	0	0	0	0	0	0	
1	1	1	1	1	1	1	1	1	1	1	1	1	1	1	1	1	1	1	0.999	1	1	1	0.998	0.998	1	0.997	1	0.998	0.997	0.996	0.996	0.999	0.997	0.992	0.992	0.993	0.991	0.98	0.986	0.972	0.971	0.976	0.972	0.97	0.961	0.96	0.959	0.955	0.951	0.94	0.942	0.935	0.924	0.916	0.925	0.906	0.911	0.908	0.895	0.897	0.88	0.89	0.88	0.866	0.853	0.868	0.867	0.855	0.831	0.841	0.84	0.831	0.817	0.828	0.81	0.828	0.81	0.803	0.805	0.816	0.817	0.827	0.789	0.787	0.771	0.768	0.799	0.773	0.761	0.763	0.74	0.726	0.749	0.716	0.718	0.738	0.694	0.686	0.666	
1	1	1	1	1	1	1	1	1	1	1	1	1	1	1	1	1	1	1	1	1	1	1	1	1	1	1	1	1	1	1	1	1	1	1	1	1	1	1	1	1	1	1	1	1	1	1	1	1	1	1	1	1	1	1	1	1	1	1	1	1	1	1	1	1	1	1	1	1	1	1	1	1	1	1	1	1	1	1	1	1	1	1	1	1	1	1	1	1	1	1	1	1	1	1	1	1	1	1	0.999	
