1	1	1	1	1	1	1	1	1	1	1	1	1	1	1	1	1	1	1	1	1	1	1	1	1	1	1	1	1	1	1	1	1	1	1	1	1	1	1	1	1	1	1	1	1	1	1	1	1	1	1	1	1	1	1	1	1	1	1	1	1	1	1	1	0.999	1	1	0.999	1	0.999	0.999	0.999	0.995	0.999	0.998	0.993	0.994	0.991	0.979	0.981	0.974	0.963	0.95	0.96	0.928	0.918	0.89	0.86	0.825	0.77	0.727	0.703	0.651	0.589	0.552	0.47	0.428	0.353	0.327	0.257	
0.038	0.039	0.048	0.051	0.047	0.054	0.071	0.072	0.079	0.081	0.078	0.093	0.104	0.112	0.122	0.117	0.142	0.144	0.147	0.15	0.149	0.166	0.175	0.171	0.19	0.198	0.178	0.192	0.225	0.235	0.22	0.227	0.232	0.237	0.253	0.255	0.26	0.263	0.26	0.274	0.304	0.289	0.295	0.286	0.289	0.306	0.309	0.32	0.295	0.3	0.326	0.306	0.315	0.319	0.306	0.29	0.307	0.305	0.335	0.289	0.308	0.35	0.315	0.306	0.305	0.314	0.3	0.333	0.337	0.346	0.362	0.337	0.333	0.363	0.342	0.355	0.335	0.333	0.318	0.347	0.363	0.33	0.34	0.334	0.337	0.318	0.319	0.317	0.327	0.332	0.319	0.348	0.301	0.315	0.317	0.314	0.313	0.311	0.29	0.296	
1	1	1	1	1	1	1	1	1	1	1	1	1	1	1	1	1	1	1	0.999	1	0.998	0.998	0.997	0.996	0.996	0.993	0.989	0.991	0.989	0.979	0.983	0.974	0.972	0.959	0.946	0.959	0.953	0.946	0.915	0.912	0.92	0.9	0.856	0.872	0.854	0.831	0.801	0.789	0.775	0.772	0.694	0.694	0.677	0.654	0.628	0.612	0.57	0.584	0.513	0.491	0.46	0.442	0.416	0.406	0.347	0.336	0.294	0.29	0.273	0.231	0.215	0.164	0.164	0.159	0.121	0.119	0.107	0.086	0.049	0.047	0.041	0.035	0.026	0.021	0.01	0.007	0.007	0.005	0.002	0.002	0	0	0	0	0	0	0	0	0	
1	1	1	1	1	1	1	1	1	1	1	1	1	1	1	1	1	1	1	1	1	1	1	1	1	1	1	1	1	1	1	1	1	1	1	1	1	1	1	1	1	0.999	1	1	1	0.998	1	1	1	1	0.998	1	0.998	1	0.998	0.999	0.999	1	0.999	0.998	0.997	0.997	1	0.997	0.995	0.997	0.995	0.99	0.993	0.995	0.992	0.985	0.984	0.988	0.985	0.973	0.976	0.97	0.976	0.978	0.967	0.965	0.947	0.951	0.927	0.907	0.913	0.874	0.893	0.852	0.834	0.83	0.805	0.807	0.732	0.714	0.678	0.647	0.62	0.558	
0.971	0.975	0.971	0.972	0.971	0.981	0.971	0.972	0.964	0.969	0.972	0.967	0.959	0.949	0.96	0.95	0.949	0.95	0.958	0.935	0.962	0.947	0.945	0.949	0.951	0.942	0.958	0.936	0.93	0.905	0.933	0.902	0.912	0.905	0.887	0.895	0.871	0.877	0.881	0.845	0.85	0.825	0.84	0.832	0.802	0.769	0.775	0.758	0.763	0.693	0.688	0.683	0.679	0.659	0.622	0.575	0.54	0.549	0.548	0.477	0.491	0.481	0.454	0.439	0.399	0.374	0.361	0.349	0.314	0.282	0.297	0.228	0.224	0.218	0.186	0.16	0.131	0.142	0.109	0.113	0.106	0.088	0.091	0.056	0.055	0.034	0.035	0.024	0.026	0.017	0.012	0.014	0.009	0.002	0.004	0.002	0.001	0.002	0.002	0.001	
0.324	0.296	0.309	0.301	0.271	0.313	0.338	0.289	0.306	0.309	0.292	0.281	0.266	0.307	0.291	0.294	0.296	0.293	0.3	0.264	0.278	0.274	0.281	0.305	0.286	0.281	0.296	0.273	0.286	0.272	0.254	0.285	0.288	0.279	0.311	0.273	0.278	0.301	0.254	0.287	0.277	0.271	0.278	0.245	0.255	0.26	0.27	0.245	0.236	0.255	0.256	0.226	0.258	0.248	0.221	0.241	0.222	0.214	0.228	0.208	0.206	0.203	0.197	0.204	0.187	0.19	0.159	0.141	0.157	0.141	0.138	0.124	0.13	0.13	0.122	0.106	0.105	0.112	0.092	0.088	0.096	0.072	0.058	0.058	0.052	0.038	0.04	0.031	0.024	0.027	0.013	0.013	0.015	0.005	0.009	0.006	0.004	0.002	0	0	
0.966	0.961	0.958	0.944	0.96	0.95	0.946	0.942	0.924	0.922	0.923	0.915	0.913	0.908	0.931	0.892	0.897	0.898	0.892	0.879	0.879	0.868	0.883	0.876	0.863	0.852	0.846	0.854	0.832	0.847	0.814	0.816	0.812	0.793	0.792	0.786	0.788	0.775	0.755	0.77	0.755	0.728	0.733	0.748	0.708	0.705	0.7	0.716	0.673	0.681	0.664	0.66	0.654	0.652	0.611	0.632	0.589	0.591	0.577	0.568	0.571	0.568	0.554	0.519	0.522	0.487	0.477	0.488	0.465	0.421	0.441	0.429	0.436	0.364	0.388	0.359	0.374	0.321	0.328	0.296	0.288	0.27	0.264	0.257	0.226	0.217	0.207	0.211	0.206	0.197	0.154	0.158	0.136	0.148	0.129	0.106	0.105	0.097	0.08	0.083	
1	1	1	1	1	1	1	1	1	1	1	1	1	1	1	1	1	1	1	1	1	1	1	1	1	1	1	1	1	1	1	1	1	1	1	1	1	1	1	1	1	1	1	1	1	1	1	1	1	1	1	1	1	0.998	0.999	1	1	1	1	0.999	1	1	1	1	1	0.999	0.999	0.999	0.999	1	0.998	0.998	0.999	0.999	0.999	0.999	0.997	0.999	0.998	0.999	0.997	0.997	0.999	0.999	0.994	0.998	0.998	0.999	1	0.999	1	0.998	0.998	0.998	0.998	0.998	0.998	0.998	0.996	0.995	
0.76	0.695	0.707	0.671	0.664	0.631	0.589	0.58	0.557	0.524	0.511	0.456	0.465	0.44	0.445	0.399	0.37	0.361	0.325	0.303	0.262	0.298	0.22	0.213	0.21	0.2	0.214	0.194	0.161	0.154	0.154	0.117	0.138	0.099	0.13	0.108	0.107	0.08	0.082	0.066	0.08	0.06	0.064	0.047	0.057	0.055	0.045	0.047	0.036	0.042	0.035	0.043	0.047	0.034	0.032	0.027	0.03	0.03	0.036	0.023	0.032	0.027	0.027	0.027	0.011	0.019	0.022	0.015	0.021	0.018	0.018	0.005	0.021	0.016	0.012	0.016	0.014	0.015	0.011	0.008	0.019	0.013	0.019	0.014	0.01	0.013	0.012	0.008	0.012	0.011	0.007	0.018	0.018	0.011	0.012	0.012	0.007	0.012	0.009	0.011	
1	1	1	1	1	1	1	1	1	1	1	1	1	1	1	1	1	1	1	1	1	1	1	1	1	1	1	1	1	1	1	1	1	1	1	1	1	1	1	1	1	1	1	1	1	1	1	1	0.999	1	1	1	1	0.999	0.999	1	1	1	0.999	1	1	1	1	0.999	1	0.999	0.999	0.999	0.998	0.996	0.997	0.998	0.994	0.995	0.992	0.991	0.995	0.987	0.991	0.979	0.984	0.977	0.973	0.967	0.966	0.955	0.932	0.934	0.914	0.896	0.87	0.852	0.834	0.806	0.809	0.75	0.758	0.725	0.678	0.658	
0.998	1	0.997	0.999	0.996	0.999	0.996	0.998	0.998	0.998	0.992	0.987	0.99	0.996	0.991	0.987	0.986	0.974	0.981	0.982	0.971	0.966	0.954	0.961	0.944	0.947	0.946	0.949	0.936	0.939	0.919	0.92	0.928	0.898	0.899	0.905	0.91	0.88	0.886	0.9	0.87	0.864	0.857	0.822	0.833	0.841	0.839	0.824	0.828	0.814	0.812	0.807	0.813	0.783	0.771	0.779	0.776	0.745	0.753	0.714	0.72	0.7	0.69	0.682	0.677	0.679	0.665	0.625	0.654	0.644	0.616	0.573	0.599	0.572	0.551	0.547	0.541	0.486	0.507	0.494	0.482	0.461	0.437	0.438	0.41	0.377	0.345	0.337	0.296	0.286	0.264	0.249	0.247	0.2	0.179	0.179	0.178	0.15	0.117	0.115	
0.16	0.131	0.126	0.129	0.107	0.109	0.097	0.103	0.086	0.074	0.06	0.055	0.05	0.045	0.035	0.042	0.034	0.029	0.032	0.017	0.02	0.016	0.018	0.016	0.014	0.012	0.005	0.012	0.004	0.007	0.003	0.005	0.004	0.002	0.002	0.004	0	0	0.001	0.001	0.003	0	0	0	0	0	0	0.001	0	0.001	0	0.001	0	0	0	0	0	0	0	0	0	0	0	0	0	0	0	0	0	0	0	0	0	0	0	0	0	0	0	0	0	0	0	0	0	0	0	0	0	0	0	0	0	0	0	0	0	0	0	0	
0.85	0.823	0.806	0.83	0.811	0.792	0.815	0.794	0.776	0.766	0.742	0.739	0.713	0.687	0.667	0.674	0.637	0.619	0.588	0.597	0.564	0.552	0.514	0.51	0.49	0.455	0.474	0.39	0.429	0.386	0.35	0.36	0.327	0.297	0.333	0.273	0.279	0.265	0.232	0.228	0.202	0.206	0.21	0.18	0.169	0.156	0.155	0.148	0.133	0.114	0.117	0.113	0.101	0.106	0.071	0.089	0.073	0.08	0.081	0.053	0.054	0.052	0.042	0.049	0.05	0.042	0.04	0.031	0.028	0.038	0.027	0.03	0.02	0.028	0.022	0.018	0.016	0.014	0.011	0.011	0.016	0.014	0.007	0.007	0.004	0.007	0.005	0.003	0.001	0.001	0	0	0.001	0	0.001	0	0	0	0.001	0	
0.991	0.989	0.982	0.979	0.977	0.959	0.959	0.947	0.939	0.931	0.929	0.921	0.909	0.897	0.884	0.863	0.884	0.859	0.836	0.819	0.776	0.788	0.789	0.762	0.747	0.722	0.705	0.701	0.689	0.658	0.624	0.664	0.583	0.619	0.579	0.57	0.551	0.528	0.556	0.484	0.523	0.494	0.515	0.486	0.434	0.435	0.46	0.428	0.419	0.404	0.413	0.402	0.391	0.379	0.374	0.359	0.383	0.355	0.345	0.352	0.357	0.311	0.321	0.328	0.285	0.301	0.302	0.291	0.292	0.266	0.275	0.253	0.223	0.21	0.205	0.2	0.184	0.169	0.147	0.139	0.131	0.119	0.09	0.08	0.08	0.07	0.05	0.04	0.032	0.03	0.032	0.016	0.011	0.007	0.009	0.002	0.005	0.005	0	0.003	
1	1	1	1	1	1	1	1	1	1	1	1	1	1	1	1	1	1	1	1	1	1	1	1	0.999	1	1	0.998	1	1	1	1	1	1	1	1	1	1	1	1	1	0.998	1	0.997	0.999	0.998	0.999	0.998	0.996	0.999	0.997	0.996	0.997	0.994	0.996	0.995	0.994	0.998	0.993	0.997	0.993	0.992	0.991	0.992	0.99	0.988	0.992	0.99	0.989	0.992	0.987	0.988	0.985	0.983	0.983	0.983	0.978	0.981	0.981	0.981	0.978	0.979	0.972	0.972	0.962	0.961	0.962	0.959	0.946	0.942	0.938	0.934	0.934	0.929	0.907	0.888	0.885	0.862	0.866	0.853	
0.822	0.793	0.784	0.753	0.736	0.711	0.725	0.704	0.662	0.625	0.628	0.585	0.577	0.537	0.521	0.492	0.477	0.481	0.405	0.408	0.371	0.372	0.317	0.328	0.281	0.261	0.249	0.254	0.207	0.199	0.172	0.189	0.156	0.15	0.163	0.127	0.109	0.12	0.087	0.106	0.098	0.096	0.07	0.07	0.058	0.073	0.062	0.047	0.048	0.063	0.054	0.052	0.058	0.051	0.051	0.048	0.045	0.048	0.048	0.037	0.036	0.043	0.042	0.051	0.053	0.051	0.05	0.054	0.058	0.065	0.063	0.074	0.057	0.058	0.062	0.076	0.072	0.069	0.067	0.063	0.075	0.065	0.072	0.078	0.084	0.072	0.077	0.09	0.076	0.081	0.061	0.065	0.044	0.06	0.052	0.05	0.047	0.033	0.036	0.023	
1	1	1	1	1	1	1	1	1	1	1	1	1	1	1	1	1	1	1	1	1	1	1	1	1	1	1	1	1	1	1	1	1	1	1	1	1	1	1	1	1	1	1	1	1	1	1	1	1	1	1	1	1	1	1	1	1	1	1	1	1	1	1	1	1	1	1	1	1	1	1	1	1	1	1	1	1	1	1	1	1	1	1	1	1	0.999	1	0.999	1	0.998	0.998	0.997	0.995	0.998	0.995	0.984	0.986	0.975	0.978	0.967	
1	0.999	1	1	1	1	0.995	0.997	0.991	0.984	0.991	0.992	0.984	0.981	0.964	0.961	0.959	0.955	0.947	0.927	0.908	0.909	0.891	0.872	0.862	0.847	0.822	0.774	0.798	0.759	0.781	0.71	0.729	0.701	0.676	0.642	0.669	0.63	0.595	0.602	0.587	0.546	0.541	0.512	0.522	0.549	0.494	0.486	0.467	0.471	0.471	0.463	0.456	0.425	0.399	0.372	0.391	0.379	0.359	0.365	0.323	0.333	0.344	0.35	0.318	0.334	0.273	0.289	0.292	0.296	0.295	0.294	0.274	0.293	0.261	0.23	0.232	0.246	0.252	0.245	0.226	0.212	0.22	0.231	0.204	0.224	0.196	0.197	0.19	0.196	0.149	0.163	0.142	0.137	0.113	0.107	0.084	0.085	0.063	0.058	
0.989	0.99	0.994	0.991	0.99	0.997	0.991	0.987	0.981	0.985	0.991	0.989	0.981	0.986	0.992	0.986	0.984	0.985	0.991	0.983	0.988	0.985	0.988	0.983	0.99	0.983	0.98	0.991	0.983	0.984	0.986	0.984	0.985	0.989	0.983	0.982	0.981	0.984	0.983	0.981	0.975	0.983	0.97	0.983	0.976	0.978	0.97	0.971	0.974	0.969	0.975	0.959	0.973	0.968	0.957	0.955	0.963	0.951	0.946	0.945	0.939	0.927	0.908	0.908	0.902	0.895	0.875	0.83	0.82	0.835	0.794	0.727	0.735	0.698	0.672	0.659	0.593	0.54	0.51	0.47	0.436	0.382	0.338	0.293	0.258	0.21	0.19	0.146	0.137	0.085	0.077	0.064	0.054	0.035	0.034	0.011	0.017	0.011	0.004	0.01	
1	1	1	1	1	1	1	1	1	1	1	1	1	1	1	1	1	1	1	1	1	1	1	1	1	1	1	1	1	1	1	1	1	1	1	1	1	1	1	1	1	1	1	1	1	1	1	1	1	1	1	1	1	1	1	1	1	1	1	1	1	1	1	1	1	1	1	1	1	1	1	1	1	1	1	1	0.999	1	1	1	1	1	1	1	1	0.999	0.999	1	0.999	0.999	0.998	1	0.999	0.999	1	0.996	0.999	0.998	0.997	0.998	
1	1	1	1	1	1	1	1	1	1	0.999	0.999	0.999	1	1	0.998	0.999	0.999	1	0.999	0.998	1	0.996	0.997	0.997	0.998	0.997	0.993	0.997	0.994	0.995	0.993	0.996	0.993	0.982	0.981	0.987	0.982	0.989	0.98	0.983	0.978	0.974	0.974	0.973	0.97	0.969	0.972	0.962	0.97	0.962	0.969	0.951	0.963	0.966	0.962	0.954	0.95	0.929	0.958	0.948	0.952	0.958	0.953	0.953	0.953	0.954	0.944	0.945	0.951	0.944	0.948	0.938	0.955	0.951	0.947	0.948	0.96	0.945	0.943	0.933	0.937	0.94	0.936	0.932	0.933	0.916	0.905	0.897	0.889	0.882	0.873	0.855	0.822	0.799	0.776	0.757	0.741	0.712	0.691	
1	1	1	1	1	1	1	1	1	1	1	1	0.998	1	0.998	0.997	0.997	0.997	0.996	0.995	0.987	0.995	0.991	0.993	0.985	0.985	0.986	0.972	0.968	0.972	0.959	0.963	0.951	0.954	0.95	0.931	0.941	0.932	0.913	0.912	0.9	0.888	0.88	0.899	0.904	0.881	0.872	0.858	0.852	0.851	0.839	0.86	0.814	0.811	0.792	0.812	0.791	0.803	0.785	0.766	0.764	0.769	0.762	0.767	0.754	0.778	0.739	0.737	0.764	0.737	0.747	0.738	0.761	0.742	0.743	0.72	0.752	0.747	0.763	0.753	0.759	0.755	0.757	0.776	0.753	0.777	0.762	0.771	0.759	0.768	0.771	0.737	0.719	0.7	0.71	0.712	0.711	0.66	0.646	0.637	
1	1	1	1	1	1	1	1	1	1	1	1	1	1	1	1	1	1	1	1	1	1	1	1	1	1	1	1	1	1	1	1	1	1	1	1	1	1	1	1	1	1	1	1	1	1	1	1	1	1	1	0.999	0.999	1	0.999	1	1	1	1	1	0.999	1	0.999	0.997	0.998	0.996	0.998	1	0.999	0.999	0.997	0.996	0.997	0.997	0.993	0.992	0.982	0.982	0.983	0.98	0.976	0.973	0.979	0.964	0.963	0.94	0.935	0.924	0.906	0.877	0.875	0.846	0.802	0.785	0.755	0.717	0.666	0.632	0.559	0.547	
0.778	0.759	0.762	0.761	0.751	0.744	0.759	0.728	0.756	0.715	0.7	0.72	0.708	0.713	0.676	0.659	0.686	0.675	0.677	0.647	0.687	0.649	0.641	0.644	0.622	0.608	0.605	0.598	0.609	0.617	0.596	0.565	0.579	0.556	0.534	0.568	0.53	0.52	0.544	0.531	0.483	0.5	0.5	0.479	0.472	0.497	0.441	0.442	0.425	0.444	0.419	0.411	0.414	0.387	0.341	0.388	0.383	0.343	0.34	0.311	0.306	0.289	0.276	0.269	0.255	0.248	0.24	0.23	0.216	0.199	0.183	0.173	0.158	0.132	0.141	0.125	0.132	0.093	0.106	0.08	0.066	0.068	0.074	0.042	0.048	0.042	0.039	0.026	0.037	0.03	0.029	0.019	0.015	0.023	0.013	0.012	0.009	0.01	0.009	0.008	
0.454	0.426	0.403	0.354	0.348	0.331	0.315	0.266	0.266	0.26	0.251	0.235	0.217	0.178	0.181	0.167	0.159	0.165	0.15	0.127	0.111	0.119	0.125	0.107	0.104	0.088	0.093	0.086	0.097	0.096	0.085	0.08	0.077	0.084	0.087	0.08	0.086	0.091	0.074	0.078	0.082	0.067	0.066	0.066	0.078	0.06	0.094	0.087	0.077	0.07	0.085	0.072	0.087	0.09	0.075	0.079	0.088	0.089	0.094	0.079	0.091	0.081	0.096	0.088	0.097	0.092	0.131	0.106	0.116	0.13	0.118	0.135	0.114	0.128	0.15	0.135	0.14	0.133	0.141	0.143	0.145	0.152	0.173	0.176	0.178	0.185	0.175	0.205	0.182	0.195	0.201	0.207	0.192	0.205	0.202	0.216	0.172	0.159	0.187	0.167	
1	1	1	1	0.999	1	1	1	0.999	0.998	1	1	0.998	0.999	0.997	0.997	0.998	0.995	0.995	0.999	0.999	0.998	0.994	0.997	0.996	0.998	0.996	0.995	1	0.993	0.996	0.993	0.994	0.997	0.994	0.992	0.986	0.99	0.987	0.994	0.993	0.986	0.992	0.982	0.99	0.987	0.981	0.984	0.979	0.979	0.969	0.971	0.976	0.971	0.968	0.962	0.948	0.953	0.957	0.951	0.948	0.942	0.946	0.932	0.93	0.927	0.913	0.913	0.899	0.909	0.903	0.906	0.891	0.903	0.876	0.885	0.887	0.867	0.861	0.846	0.847	0.832	0.822	0.808	0.821	0.805	0.777	0.793	0.778	0.784	0.74	0.729	0.752	0.737	0.696	0.699	0.709	0.712	0.663	0.676	
1	1	1	1	1	1	1	1	1	1	1	1	1	0.999	1	1	1	1	1	0.999	0.999	1	1	1	0.999	0.998	0.999	0.998	1	0.998	0.994	0.998	0.995	0.995	0.994	0.993	0.991	0.99	0.986	0.981	0.978	0.977	0.977	0.973	0.958	0.975	0.954	0.955	0.942	0.945	0.937	0.923	0.931	0.925	0.914	0.893	0.909	0.893	0.877	0.87	0.859	0.832	0.837	0.812	0.809	0.786	0.772	0.771	0.74	0.723	0.719	0.69	0.674	0.618	0.614	0.604	0.596	0.573	0.505	0.48	0.463	0.487	0.403	0.409	0.363	0.351	0.302	0.289	0.281	0.228	0.215	0.204	0.172	0.168	0.127	0.135	0.128	0.095	0.099	0.082	
0.739	0.732	0.72	0.701	0.72	0.667	0.677	0.666	0.629	0.629	0.607	0.564	0.543	0.592	0.551	0.495	0.537	0.492	0.46	0.446	0.431	0.427	0.389	0.405	0.34	0.349	0.323	0.311	0.305	0.264	0.259	0.241	0.236	0.221	0.246	0.189	0.172	0.178	0.188	0.157	0.136	0.136	0.12	0.094	0.105	0.091	0.079	0.069	0.071	0.052	0.063	0.063	0.049	0.042	0.049	0.051	0.024	0.022	0.035	0.025	0.027	0.018	0.018	0.015	0.016	0.015	0.011	0.009	0.012	0.006	0.006	0.007	0.002	0.008	0.002	0.004	0	0.002	0	0.001	0	0.001	0	0	0	0	0	0	0	0	0	0	0	0	0	0	0	0	0	0	
1	1	1	1	1	1	1	1	1	1	1	1	1	1	1	1	1	1	1	1	1	1	1	1	1	1	1	1	1	1	1	1	1	1	1	1	1	1	1	1	1	1	1	1	1	1	0.999	1	1	1	1	1	1	1	1	1	1	0.999	1	1	1	0.999	1	0.999	0.998	0.999	0.999	0.998	0.999	0.997	0.996	0.999	0.996	0.991	0.992	0.993	0.991	0.989	0.982	0.978	0.982	0.974	0.971	0.952	0.944	0.934	0.919	0.913	0.916	0.888	0.859	0.85	0.836	0.826	0.8	0.758	0.727	0.695	0.655	0.638	
0.563	0.543	0.559	0.536	0.543	0.524	0.539	0.502	0.528	0.497	0.49	0.514	0.487	0.501	0.471	0.46	0.466	0.437	0.437	0.454	0.446	0.437	0.418	0.389	0.388	0.349	0.372	0.381	0.382	0.346	0.372	0.333	0.35	0.327	0.322	0.322	0.318	0.308	0.303	0.27	0.283	0.251	0.262	0.26	0.252	0.239	0.242	0.257	0.242	0.199	0.203	0.224	0.192	0.194	0.186	0.182	0.182	0.155	0.162	0.172	0.158	0.173	0.16	0.156	0.155	0.146	0.123	0.127	0.109	0.135	0.109	0.127	0.117	0.113	0.095	0.116	0.103	0.092	0.092	0.085	0.083	0.073	0.065	0.048	0.042	0.04	0.044	0.031	0.034	0.027	0.019	0.016	0.025	0.011	0.013	0.003	0.004	0.009	0.005	0.004	
1	1	1	1	1	1	1	1	1	1	1	1	1	1	1	1	1	1	1	1	1	1	1	1	1	1	1	1	1	1	1	1	1	1	1	1	1	1	1	1	1	1	1	1	1	1	1	1	1	1	1	1	1	1	1	1	1	1	1	1	1	1	1	1	1	1	1	1	1	1	1	1	1	1	1	1	1	1	1	1	1	1	1	1	1	1	1	1	1	1	1	1	1	0.999	0.999	0.997	0.994	0.995	0.993	0.988	
1	1	1	1	1	1	1	1	1	1	1	1	1	1	1	1	1	1	1	1	1	1	1	1	1	1	1	1	1	1	0.999	1	1	0.999	1	1	0.998	1	0.999	1	0.999	1	0.999	0.998	0.999	1	1	1	1	0.999	1	1	0.995	0.997	0.999	0.994	0.998	0.998	0.999	0.998	0.996	0.997	0.997	0.993	0.999	0.995	0.995	0.995	0.995	0.996	0.997	0.997	0.994	0.995	0.994	0.997	0.993	0.99	0.995	0.989	0.995	0.992	0.991	0.995	0.991	0.987	0.993	0.99	0.986	0.994	0.988	0.984	0.983	0.985	0.981	0.986	0.981	0.978	0.983	0.976	
1	1	1	1	1	1	1	1	1	1	1	1	1	1	1	0.998	1	1	0.999	1	0.999	1	0.999	0.998	0.999	0.999	0.998	1	0.998	0.999	0.997	0.997	0.997	0.993	0.995	0.997	0.994	0.99	0.991	0.989	0.984	0.978	0.987	0.982	0.981	0.981	0.969	0.968	0.967	0.964	0.942	0.952	0.934	0.932	0.908	0.914	0.882	0.893	0.885	0.899	0.862	0.867	0.816	0.801	0.801	0.77	0.756	0.704	0.688	0.668	0.625	0.585	0.561	0.537	0.492	0.411	0.427	0.366	0.293	0.262	0.246	0.205	0.155	0.127	0.105	0.084	0.06	0.04	0.021	0.021	0.007	0.006	0.002	0	0	0	0	0	0	0	
0.919	0.925	0.938	0.914	0.91	0.907	0.916	0.91	0.9	0.916	0.882	0.896	0.886	0.881	0.879	0.875	0.861	0.832	0.852	0.826	0.858	0.846	0.825	0.839	0.831	0.807	0.812	0.821	0.788	0.8	0.752	0.791	0.752	0.737	0.738	0.707	0.726	0.7	0.681	0.666	0.697	0.663	0.655	0.639	0.636	0.628	0.641	0.605	0.604	0.578	0.573	0.587	0.55	0.538	0.522	0.543	0.515	0.519	0.486	0.473	0.467	0.453	0.447	0.445	0.427	0.405	0.399	0.413	0.418	0.352	0.372	0.357	0.355	0.346	0.318	0.296	0.287	0.28	0.271	0.254	0.246	0.259	0.233	0.213	0.217	0.189	0.186	0.166	0.154	0.143	0.164	0.134	0.141	0.119	0.125	0.105	0.096	0.106	0.109	0.097	
0.997	0.996	0.995	0.998	0.997	0.994	0.992	0.991	0.993	0.99	0.993	0.984	0.99	0.986	0.98	0.982	0.977	0.976	0.969	0.978	0.968	0.964	0.956	0.966	0.957	0.955	0.944	0.95	0.926	0.942	0.931	0.945	0.919	0.919	0.907	0.922	0.914	0.912	0.902	0.882	0.894	0.893	0.877	0.889	0.887	0.872	0.861	0.859	0.845	0.849	0.848	0.839	0.874	0.829	0.825	0.835	0.822	0.818	0.821	0.804	0.829	0.825	0.804	0.799	0.791	0.804	0.816	0.783	0.782	0.803	0.788	0.808	0.792	0.805	0.777	0.79	0.786	0.764	0.748	0.765	0.755	0.753	0.759	0.782	0.764	0.748	0.739	0.749	0.755	0.711	0.718	0.747	0.699	0.713	0.702	0.666	0.628	0.627	0.586	0.611	
1	1	1	1	1	1	1	1	1	1	1	1	1	1	1	1	1	1	1	1	1	1	1	1	1	1	1	1	1	1	1	1	1	1	1	1	1	1	1	1	1	1	1	1	1	1	1	1	1	1	1	1	1	1	1	1	1	1	1	1	1	1	1	1	1	1	1	1	1	1	1	1	1	1	1	1	0.998	1	1	1	1	1	1	1	0.999	0.999	0.999	0.998	0.999	1	0.996	0.998	0.997	0.995	0.998	0.994	0.992	0.991	0.989	0.982	
1	1	1	1	1	1	1	1	1	1	1	1	1	1	1	1	1	1	1	1	1	1	1	1	1	1	1	1	1	1	1	1	1	1	1	1	1	1	1	1	1	1	1	1	1	1	1	1	1	1	1	1	1	1	1	1	1	1	1	1	1	1	1	1	1	1	1	1	1	1	1	1	1	0.999	1	1	0.999	1	0.999	1	1	0.999	0.999	0.997	0.996	0.997	0.998	0.992	0.991	0.996	0.987	0.991	0.99	0.988	0.988	0.984	0.984	0.984	0.977	0.974	
1	1	1	1	1	1	1	1	1	1	1	1	1	1	1	1	1	1	1	1	1	1	1	1	1	1	1	1	1	1	1	1	1	1	1	1	1	1	1	1	1	1	1	1	1	1	1	1	1	1	1	1	1	1	1	1	0.999	1	1	1	1	1	0.999	1	0.999	1	1	1	1	1	1	0.998	1	1	1	1	0.999	1	1	1	1	1	0.999	1	1	1	0.999	1	1	1	1	0.999	0.999	0.999	0.998	0.996	0.996	0.992	0.989	0.989	
0.011	0.004	0.007	0.001	0.005	0.002	0.001	0	0	0	0.003	0	0.001	0	0	0	0	0	0	0.001	0	0	0	0.001	0	0	0	0	0	0	0	0	0	0	0	0	0	0	0	0	0	0	0	0	0	0	0	0	0	0	0	0	0	0	0	0	0	0	0	0	0	0	0	0	0	0	0	0	0	0	0	0	0	0	0	0	0	0	0	0	0	0	0	0	0	0	0	0	0	0	0	0	0	0	0	0	0	0	0	0	
0.923	0.903	0.91	0.914	0.904	0.892	0.863	0.858	0.887	0.861	0.859	0.844	0.807	0.813	0.83	0.815	0.807	0.789	0.779	0.762	0.757	0.766	0.713	0.73	0.714	0.711	0.708	0.664	0.676	0.696	0.679	0.669	0.652	0.644	0.612	0.612	0.605	0.576	0.591	0.546	0.546	0.55	0.544	0.552	0.502	0.529	0.479	0.481	0.477	0.462	0.437	0.446	0.419	0.445	0.404	0.392	0.399	0.4	0.4	0.344	0.347	0.382	0.36	0.328	0.333	0.3	0.349	0.318	0.299	0.282	0.299	0.285	0.264	0.265	0.28	0.27	0.268	0.242	0.265	0.245	0.254	0.235	0.211	0.219	0.216	0.209	0.192	0.201	0.186	0.17	0.188	0.156	0.147	0.166	0.114	0.13	0.119	0.095	0.103	0.087	
1	1	1	1	1	1	1	1	1	1	1	1	1	1	1	1	1	1	1	1	1	1	1	1	1	1	1	1	1	1	1	1	1	1	1	0.999	1	0.999	1	0.999	1	1	0.999	0.997	0.997	0.999	0.999	0.997	0.997	0.995	0.992	0.996	0.991	0.992	0.987	0.986	0.987	0.98	0.976	0.978	0.96	0.975	0.967	0.975	0.966	0.969	0.973	0.96	0.96	0.959	0.95	0.956	0.943	0.945	0.941	0.953	0.954	0.94	0.934	0.936	0.932	0.941	0.92	0.923	0.921	0.912	0.914	0.915	0.905	0.878	0.891	0.883	0.864	0.863	0.843	0.836	0.795	0.796	0.757	0.718	
1	1	1	1	1	1	1	1	1	1	1	1	1	1	1	1	1	1	1	1	1	1	1	1	1	1	1	1	1	1	1	1	1	1	1	1	1	1	1	0.999	1	1	1	1	1	1	1	1	1	1	1	1	1	1	1	1	1	1	1	1	0.999	1	1	1	1	1	1	1	1	1	1	1	1	1	1	1	1	1	1	1	1	1	1	1	1	1	1	1	1	1	0.997	1	0.999	0.999	0.999	0.999	1	0.998	0.999	0.995	
0.999	0.999	1	1	0.998	0.999	1	0.998	1	0.998	0.998	1	0.999	1	0.996	0.999	0.997	0.999	0.999	0.999	0.998	0.998	1	0.999	1	0.999	1	0.997	0.996	0.998	1	0.996	0.998	0.997	0.998	0.998	1	0.999	0.995	0.996	1	0.996	0.997	0.998	0.993	0.995	0.994	0.994	0.997	0.992	0.994	0.993	0.994	0.997	0.995	0.991	0.992	0.99	0.988	0.993	0.994	0.994	0.99	0.986	0.99	0.99	0.987	0.991	0.985	0.994	0.988	0.984	0.979	0.972	0.979	0.98	0.979	0.978	0.974	0.978	0.967	0.975	0.971	0.961	0.967	0.962	0.958	0.955	0.948	0.932	0.936	0.922	0.904	0.92	0.882	0.912	0.885	0.852	0.858	0.858	
1	1	1	1	1	1	1	1	1	1	1	1	1	1	1	1	1	1	1	1	1	1	1	1	1	1	1	1	1	1	1	1	1	1	1	1	1	1	1	1	1	1	1	1	1	1	1	1	1	1	1	1	1	1	1	1	1	1	1	1	1	1	1	1	1	1	1	1	1	1	1	1	1	1	1	0.999	0.999	1	1	1	1	0.998	0.996	0.999	1	0.998	0.993	0.997	0.992	0.989	0.994	0.99	0.979	0.979	0.976	0.966	0.962	0.962	0.948	0.935	
1	1	1	1	1	1	1	1	1	1	1	1	1	1	1	1	1	1	1	1	1	1	1	1	1	1	1	1	1	1	1	1	1	1	1	0.999	1	1	0.999	0.999	1	1	0.999	0.999	1	1	0.998	0.997	0.999	1	1	0.999	1	0.999	0.997	0.994	0.999	0.997	0.994	0.992	0.994	0.992	0.991	0.994	0.99	0.982	0.981	0.984	0.978	0.974	0.97	0.967	0.954	0.962	0.942	0.943	0.941	0.933	0.919	0.909	0.922	0.885	0.86	0.843	0.831	0.796	0.791	0.749	0.723	0.687	0.679	0.651	0.624	0.581	0.578	0.51	0.498	0.471	0.413	0.394	
0.018	0.017	0.013	0.018	0.006	0.015	0.008	0.011	0.015	0.008	0.009	0.011	0.009	0.008	0.007	0.002	0.006	0.008	0.005	0.005	0.004	0.004	0.002	0.006	0.005	0.005	0.008	0.003	0.003	0.004	0.002	0.002	0.003	0.001	0.002	0.005	0.001	0.002	0.003	0.001	0.001	0.004	0.002	0.001	0	0.001	0.003	0	0.002	0.002	0	0.001	0	0	0.002	0.002	0.001	0	0	0.001	0.002	0.002	0.003	0.003	0.001	0	0	0.003	0.001	0.001	0.001	0.002	0	0	0	0	0	0.001	0	0	0	0.001	0	0	0	0	0	0	0	0	0.001	0	0	0	0	0	0	0	0	0	
1	1	1	1	1	1	1	1	1	1	1	1	1	1	1	1	1	1	1	1	1	1	1	1	1	1	1	1	1	1	1	1	1	1	1	1	1	1	1	1	1	1	1	1	1	1	0.999	1	0.997	0.999	0.998	0.998	0.999	0.997	0.998	0.999	1	0.996	0.998	0.997	0.997	0.992	0.995	0.996	0.991	0.996	0.986	0.992	0.988	0.991	0.989	0.985	0.986	0.983	0.981	0.977	0.985	0.972	0.973	0.971	0.969	0.969	0.972	0.954	0.959	0.952	0.956	0.936	0.932	0.941	0.93	0.915	0.929	0.921	0.898	0.873	0.871	0.865	0.826	0.792	
1	1	1	1	1	1	1	1	1	1	1	1	1	1	1	1	1	1	1	1	1	1	1	1	1	1	1	1	1	0.999	1	1	1	1	1	1	0.999	1	1	1	1	0.999	1	0.997	0.999	0.997	0.997	0.996	0.998	0.995	0.992	0.992	0.994	0.993	0.995	0.991	0.986	0.988	0.972	0.98	0.977	0.973	0.964	0.953	0.951	0.939	0.941	0.936	0.925	0.935	0.909	0.9	0.883	0.876	0.864	0.856	0.825	0.828	0.831	0.807	0.782	0.758	0.753	0.716	0.699	0.704	0.717	0.652	0.648	0.618	0.6	0.568	0.557	0.554	0.548	0.515	0.509	0.444	0.447	0.424	
1	0.999	1	1	1	1	1	1	1	1	0.998	1	0.998	0.997	0.999	0.999	0.999	0.998	0.999	0.998	0.995	0.993	0.991	0.996	0.994	0.996	0.989	0.981	0.99	0.984	0.985	0.984	0.988	0.98	0.976	0.969	0.962	0.958	0.954	0.941	0.942	0.934	0.914	0.921	0.883	0.907	0.892	0.88	0.866	0.858	0.85	0.84	0.834	0.817	0.755	0.76	0.749	0.749	0.728	0.697	0.689	0.657	0.63	0.626	0.591	0.56	0.572	0.532	0.551	0.467	0.444	0.419	0.453	0.381	0.375	0.386	0.328	0.304	0.304	0.287	0.301	0.255	0.23	0.231	0.186	0.183	0.169	0.18	0.141	0.14	0.125	0.132	0.117	0.148	0.109	0.12	0.092	0.085	0.074	0.067	
0.917	0.931	0.91	0.92	0.912	0.918	0.902	0.909	0.911	0.897	0.908	0.891	0.9	0.887	0.9	0.892	0.9	0.865	0.882	0.871	0.863	0.874	0.88	0.865	0.858	0.846	0.838	0.848	0.828	0.832	0.832	0.816	0.829	0.815	0.807	0.801	0.818	0.813	0.744	0.746	0.747	0.762	0.735	0.764	0.709	0.697	0.7	0.691	0.684	0.679	0.679	0.656	0.635	0.615	0.626	0.601	0.625	0.594	0.615	0.588	0.569	0.563	0.549	0.553	0.526	0.517	0.533	0.515	0.503	0.497	0.464	0.451	0.425	0.419	0.451	0.441	0.422	0.409	0.399	0.416	0.391	0.387	0.352	0.339	0.36	0.333	0.34	0.336	0.312	0.302	0.303	0.278	0.288	0.271	0.259	0.233	0.253	0.21	0.222	0.162	
1	1	1	1	1	1	1	0.999	1	1	1	1	1	1	1	0.999	1	1	1	1	0.999	0.998	0.998	0.998	0.998	1	1	1	0.999	1	0.999	1	1	1	0.999	1	1	1	0.999	1	1	0.999	1	0.999	0.999	1	1	0.999	1	0.999	1	1	0.999	1	0.999	1	0.999	1	1	0.997	0.998	0.996	1	0.998	0.997	0.999	0.998	0.999	0.993	0.998	0.997	0.992	0.996	0.993	0.988	0.991	0.991	0.994	0.979	0.984	0.99	0.977	0.977	0.953	0.966	0.948	0.933	0.928	0.897	0.881	0.869	0.841	0.814	0.779	0.769	0.71	0.675	0.578	0.565	0.495	
1	1	1	1	1	1	1	1	1	1	1	1	1	1	1	1	1	1	1	1	1	1	1	1	1	1	1	1	1	1	1	1	1	1	1	1	1	1	1	1	1	1	1	1	1	1	1	1	1	1	1	1	1	1	1	1	1	1	1	1	1	1	1	1	1	1	1	1	1	1	1	1	0.999	1	1	1	1	1	1	1	1	0.999	1	1	0.999	1	1	0.999	1	0.998	0.997	0.995	0.998	0.996	0.992	0.984	0.97	0.968	0.947	0.943	
1	1	1	1	1	1	1	1	1	1	1	1	1	1	1	1	1	1	1	1	1	1	1	1	1	1	1	0.998	1	0.998	0.999	1	0.999	0.999	0.999	1	0.998	0.999	0.998	0.997	0.998	0.996	0.998	0.995	0.989	0.994	0.994	0.989	0.981	0.983	0.986	0.965	0.964	0.96	0.957	0.946	0.921	0.917	0.904	0.874	0.867	0.863	0.871	0.832	0.801	0.761	0.721	0.708	0.678	0.627	0.587	0.575	0.547	0.5	0.463	0.382	0.401	0.35	0.307	0.268	0.231	0.194	0.19	0.151	0.148	0.1	0.088	0.077	0.059	0.053	0.035	0.025	0.028	0.026	0.012	0.01	0.006	0.003	0.004	0.004	
0.29	0.235	0.215	0.203	0.195	0.155	0.151	0.136	0.102	0.103	0.097	0.092	0.089	0.073	0.068	0.063	0.048	0.055	0.042	0.042	0.043	0.036	0.027	0.023	0.023	0.023	0.019	0.016	0.016	0.015	0.013	0.009	0.015	0.019	0.007	0.007	0.007	0.007	0.007	0.005	0.003	0.001	0.004	0.003	0.002	0.001	0.002	0.003	0.004	0	0.004	0.003	0.001	0.003	0.001	0.001	0.002	0	0.002	0	0.001	0.002	0.001	0.001	0.001	0	0	0.002	0.001	0	0.001	0.002	0	0	0.001	0	0	0.002	0.002	0.001	0	0.001	0	0	0	0.001	0	0	0.002	0.001	0.002	0	0	0	0	0	0	0.002	0.003	0	
0.517	0.511	0.502	0.504	0.518	0.501	0.486	0.475	0.497	0.508	0.473	0.488	0.498	0.488	0.475	0.452	0.492	0.447	0.458	0.451	0.413	0.438	0.43	0.439	0.42	0.396	0.391	0.369	0.376	0.368	0.363	0.356	0.336	0.301	0.318	0.327	0.31	0.266	0.278	0.239	0.231	0.22	0.217	0.241	0.223	0.185	0.174	0.178	0.145	0.138	0.155	0.15	0.131	0.124	0.107	0.09	0.109	0.085	0.09	0.075	0.081	0.07	0.071	0.07	0.053	0.061	0.04	0.065	0.054	0.043	0.032	0.047	0.041	0.033	0.035	0.028	0.027	0.027	0.024	0.024	0.028	0.015	0.015	0.014	0.01	0.013	0.014	0.01	0.007	0.01	0.004	0.006	0.006	0.002	0.005	0.002	0	0.002	0.001	0	
0.999	0.997	0.997	0.994	0.996	0.994	0.988	0.99	0.991	0.981	0.98	0.977	0.979	0.97	0.958	0.95	0.954	0.951	0.936	0.94	0.912	0.917	0.898	0.894	0.88	0.878	0.84	0.856	0.834	0.818	0.806	0.788	0.776	0.762	0.735	0.725	0.724	0.696	0.685	0.642	0.638	0.627	0.611	0.595	0.582	0.585	0.532	0.491	0.506	0.463	0.463	0.43	0.434	0.428	0.422	0.407	0.36	0.376	0.346	0.327	0.325	0.269	0.3	0.268	0.267	0.26	0.248	0.226	0.192	0.212	0.187	0.183	0.167	0.143	0.151	0.152	0.159	0.144	0.132	0.107	0.104	0.101	0.091	0.094	0.073	0.08	0.071	0.061	0.065	0.045	0.041	0.046	0.039	0.035	0.022	0.022	0.013	0.013	0.011	0.012	
1	1	1	1	1	1	1	1	1	1	1	1	1	1	1	1	1	1	1	1	1	1	1	1	1	1	1	1	1	1	1	1	1	0.998	0.999	0.999	1	1	0.999	0.999	0.995	0.999	0.999	1	0.995	0.996	0.997	0.995	0.996	0.991	0.994	0.99	0.992	0.991	0.981	0.992	0.983	0.979	0.975	0.982	0.968	0.968	0.965	0.958	0.957	0.936	0.943	0.951	0.921	0.913	0.874	0.871	0.831	0.849	0.826	0.807	0.759	0.748	0.736	0.689	0.672	0.633	0.574	0.578	0.559	0.511	0.457	0.444	0.406	0.369	0.354	0.295	0.284	0.255	0.221	0.202	0.145	0.132	0.127	0.12	
1	1	1	1	1	1	1	1	0.999	1	1	1	0.999	1	0.999	0.999	0.999	0.999	0.999	1	0.997	0.997	0.996	0.995	0.993	0.991	0.991	0.992	0.988	0.983	0.986	0.971	0.966	0.969	0.962	0.948	0.957	0.951	0.919	0.925	0.899	0.881	0.872	0.859	0.835	0.814	0.801	0.809	0.779	0.747	0.755	0.694	0.716	0.686	0.647	0.638	0.597	0.597	0.54	0.549	0.521	0.488	0.476	0.443	0.425	0.405	0.369	0.367	0.291	0.331	0.315	0.249	0.231	0.234	0.221	0.194	0.173	0.189	0.157	0.139	0.128	0.09	0.1	0.084	0.058	0.048	0.051	0.046	0.028	0.034	0.016	0.022	0.012	0.009	0.009	0.005	0.002	0.001	0.004	0.001	
0.552	0.579	0.566	0.553	0.547	0.554	0.522	0.535	0.486	0.491	0.481	0.461	0.489	0.448	0.437	0.45	0.475	0.417	0.405	0.425	0.416	0.42	0.382	0.365	0.351	0.358	0.379	0.391	0.356	0.357	0.312	0.327	0.329	0.3	0.297	0.308	0.301	0.315	0.275	0.271	0.297	0.262	0.27	0.291	0.276	0.25	0.256	0.24	0.259	0.235	0.205	0.224	0.25	0.218	0.211	0.211	0.2	0.19	0.184	0.177	0.19	0.191	0.175	0.155	0.163	0.151	0.151	0.145	0.141	0.115	0.12	0.126	0.099	0.102	0.08	0.067	0.071	0.061	0.064	0.043	0.04	0.043	0.033	0.039	0.016	0.009	0.021	0.012	0.008	0.007	0.004	0.005	0.001	0.001	0.001	0.001	0	0	0.001	0	
0.501	0.527	0.546	0.553	0.528	0.528	0.538	0.577	0.527	0.574	0.586	0.567	0.59	0.557	0.597	0.591	0.576	0.573	0.593	0.608	0.627	0.607	0.625	0.628	0.636	0.609	0.641	0.645	0.647	0.641	0.662	0.643	0.658	0.662	0.68	0.674	0.682	0.68	0.679	0.702	0.721	0.68	0.715	0.721	0.703	0.72	0.723	0.744	0.743	0.756	0.779	0.759	0.768	0.755	0.757	0.779	0.792	0.799	0.767	0.792	0.8	0.785	0.794	0.823	0.802	0.796	0.791	0.792	0.789	0.786	0.799	0.8	0.771	0.787	0.776	0.763	0.743	0.74	0.688	0.717	0.665	0.688	0.656	0.643	0.608	0.606	0.577	0.533	0.544	0.507	0.485	0.452	0.491	0.451	0.427	0.371	0.38	0.398	0.339	0.332	
1	1	1	1	1	1	1	1	1	1	1	1	1	1	1	1	1	1	1	1	1	1	1	1	1	1	1	1	1	1	1	1	1	0.999	1	1	1	0.999	1	1	1	1	0.999	1	1	1	0.998	0.998	0.999	0.998	0.999	0.998	0.998	0.998	0.995	0.991	0.998	0.993	0.988	0.995	0.991	0.995	0.99	0.987	0.986	0.975	0.979	0.973	0.973	0.967	0.965	0.969	0.954	0.931	0.937	0.921	0.907	0.903	0.876	0.88	0.851	0.821	0.817	0.812	0.77	0.754	0.73	0.706	0.687	0.662	0.613	0.581	0.574	0.547	0.489	0.457	0.447	0.418	0.366	0.349	
0.725	0.69	0.658	0.656	0.644	0.632	0.661	0.627	0.617	0.598	0.592	0.578	0.548	0.556	0.559	0.548	0.513	0.512	0.498	0.527	0.483	0.464	0.451	0.435	0.434	0.412	0.398	0.41	0.39	0.347	0.356	0.365	0.369	0.334	0.339	0.307	0.288	0.313	0.309	0.28	0.259	0.262	0.271	0.285	0.279	0.225	0.253	0.231	0.247	0.226	0.197	0.217	0.178	0.196	0.181	0.179	0.161	0.185	0.185	0.155	0.151	0.149	0.15	0.135	0.128	0.112	0.114	0.097	0.118	0.107	0.08	0.097	0.082	0.078	0.08	0.064	0.054	0.074	0.062	0.04	0.047	0.028	0.028	0.026	0.02	0.029	0.016	0.017	0.011	0.011	0.007	0.007	0.006	0.002	0.004	0.004	0	0.002	0.002	0.002	
0.975	0.983	0.977	0.974	0.98	0.968	0.965	0.969	0.963	0.959	0.951	0.948	0.945	0.943	0.921	0.92	0.908	0.908	0.916	0.915	0.873	0.857	0.856	0.857	0.851	0.832	0.824	0.821	0.794	0.755	0.777	0.751	0.736	0.749	0.711	0.707	0.674	0.653	0.655	0.602	0.599	0.585	0.557	0.519	0.511	0.526	0.481	0.484	0.437	0.435	0.414	0.436	0.397	0.383	0.358	0.362	0.347	0.323	0.331	0.343	0.314	0.311	0.31	0.279	0.304	0.291	0.307	0.302	0.277	0.299	0.262	0.281	0.297	0.267	0.246	0.27	0.27	0.255	0.261	0.272	0.254	0.247	0.213	0.246	0.257	0.274	0.27	0.271	0.278	0.267	0.291	0.272	0.301	0.287	0.316	0.287	0.289	0.277	0.285	0.279	
1	1	1	1	0.999	0.997	0.997	0.999	0.999	0.999	0.996	0.994	0.996	0.992	0.991	0.992	0.994	0.985	0.986	0.989	0.983	0.981	0.975	0.983	0.971	0.971	0.968	0.962	0.964	0.969	0.949	0.951	0.946	0.921	0.918	0.903	0.916	0.897	0.894	0.88	0.879	0.873	0.85	0.842	0.833	0.838	0.83	0.799	0.766	0.749	0.737	0.748	0.689	0.694	0.649	0.631	0.605	0.601	0.604	0.551	0.525	0.51	0.498	0.436	0.415	0.39	0.348	0.334	0.293	0.276	0.233	0.215	0.199	0.165	0.156	0.137	0.125	0.098	0.079	0.087	0.051	0.047	0.035	0.039	0.026	0.022	0.014	0.011	0.017	0.014	0.01	0.007	0.009	0.006	0.003	0.004	0.002	0.003	0.002	0.001	
0.018	0.02	0.013	0.015	0.02	0.012	0.009	0.007	0.008	0.005	0.004	0.005	0.006	0.007	0.005	0.008	0.001	0	0.002	0.002	0.002	0	0.001	0	0	0	0	0	0	0.002	0	0	0	0.001	0	0	0	0	0	0	0	0	0	0	0	0	0	0	0	0	0	0	0	0	0	0	0	0	0	0	0	0	0	0	0	0	0	0	0	0	0	0	0	0	0	0	0	0	0	0	0	0	0	0	0	0	0	0	0	0	0	0	0	0	0	0	0	0	0	0	
1	1	1	1	1	1	1	1	1	1	1	1	1	1	1	1	0.999	1	1	1	1	1	1	1	0.999	1	1	1	0.999	1	1	1	1	1	1	0.999	0.999	1	1	1	0.999	0.999	1	0.998	0.998	0.997	1	0.998	0.999	0.995	0.996	0.998	0.998	0.997	0.996	0.996	0.994	0.998	0.992	0.992	0.992	0.99	0.983	0.989	0.984	0.981	0.988	0.981	0.984	0.986	0.98	0.972	0.976	0.966	0.973	0.961	0.954	0.963	0.956	0.956	0.953	0.958	0.948	0.951	0.935	0.912	0.929	0.917	0.904	0.889	0.88	0.883	0.876	0.833	0.834	0.828	0.791	0.788	0.752	0.737	
1	1	1	1	1	1	1	1	1	1	1	1	1	1	1	1	1	1	1	1	1	1	1	1	1	1	1	1	1	1	1	1	1	0.999	0.999	1	1	1	1	1	0.999	0.998	1	0.999	0.998	1	0.997	1	0.997	0.999	0.994	0.994	0.988	0.997	0.995	0.99	0.986	0.984	0.974	0.988	0.975	0.968	0.963	0.953	0.96	0.954	0.946	0.939	0.935	0.91	0.908	0.912	0.908	0.889	0.865	0.869	0.839	0.838	0.817	0.797	0.749	0.776	0.741	0.717	0.699	0.687	0.651	0.645	0.601	0.578	0.574	0.506	0.498	0.438	0.417	0.382	0.326	0.309	0.304	0.249	
1	0.999	0.999	1	1	0.999	1	0.999	1	0.999	1	1	0.998	0.998	0.996	0.999	0.991	0.998	0.999	0.997	0.995	0.997	0.994	0.992	0.988	0.991	0.986	0.987	0.992	0.988	0.981	0.987	0.984	0.984	0.976	0.978	0.982	0.98	0.974	0.95	0.955	0.957	0.961	0.944	0.943	0.95	0.913	0.941	0.91	0.917	0.899	0.891	0.865	0.879	0.861	0.86	0.839	0.865	0.835	0.802	0.805	0.795	0.782	0.793	0.75	0.716	0.722	0.716	0.685	0.686	0.648	0.637	0.644	0.622	0.58	0.544	0.525	0.516	0.478	0.483	0.446	0.404	0.394	0.355	0.313	0.322	0.274	0.265	0.233	0.223	0.189	0.157	0.111	0.12	0.095	0.073	0.063	0.051	0.04	0.031	
0.062	0.043	0.033	0.03	0.043	0.03	0.024	0.027	0.031	0.021	0.021	0.02	0.022	0.014	0.012	0.009	0.01	0.01	0.011	0.013	0.004	0.01	0.006	0.004	0.006	0.008	0.002	0.005	0.001	0.001	0.004	0.002	0.001	0.004	0.004	0	0.002	0.001	0	0.001	0.003	0.001	0.002	0.001	0.004	0.002	0.001	0.002	0	0.001	0.002	0	0	0.003	0.001	0.001	0.002	0	0.001	0.002	0	0.001	0	0.001	0.001	0.001	0.004	0.004	0.005	0.004	0.002	0.005	0.001	0.005	0	0.002	0.005	0.001	0.004	0.003	0.003	0.001	0.004	0.004	0.005	0.003	0.004	0.002	0.004	0.002	0.003	0.001	0.002	0.004	0.003	0.002	0.002	0.001	0.003	0.001	
0.363	0.385	0.362	0.331	0.307	0.329	0.299	0.261	0.291	0.271	0.261	0.251	0.256	0.241	0.215	0.237	0.212	0.206	0.204	0.197	0.201	0.183	0.167	0.149	0.156	0.132	0.139	0.129	0.139	0.1	0.123	0.097	0.104	0.078	0.087	0.087	0.068	0.067	0.071	0.064	0.057	0.045	0.052	0.04	0.047	0.042	0.039	0.036	0.031	0.033	0.016	0.026	0.02	0.019	0.017	0.016	0.013	0.012	0.013	0.01	0.01	0.01	0.006	0.01	0.005	0.003	0.002	0.003	0.003	0.003	0.005	0.003	0.003	0.002	0	0	0.001	0	0	0.001	0	0	0.001	0	0	0	0.001	0.001	0	0	0	0	0	0	0	0	0	0	0.002	0	
0.844	0.827	0.789	0.805	0.792	0.766	0.749	0.772	0.761	0.713	0.713	0.702	0.693	0.673	0.679	0.634	0.681	0.651	0.636	0.634	0.627	0.613	0.586	0.574	0.548	0.564	0.544	0.517	0.534	0.501	0.485	0.514	0.517	0.496	0.482	0.465	0.472	0.435	0.422	0.424	0.42	0.426	0.429	0.392	0.382	0.387	0.403	0.379	0.357	0.371	0.355	0.357	0.357	0.325	0.332	0.333	0.329	0.31	0.291	0.299	0.33	0.291	0.284	0.283	0.253	0.25	0.254	0.248	0.251	0.203	0.204	0.19	0.19	0.162	0.161	0.151	0.142	0.131	0.135	0.129	0.097	0.102	0.074	0.083	0.053	0.064	0.057	0.042	0.037	0.029	0.018	0.021	0.023	0.02	0.014	0.007	0.006	0.005	0.005	0.004	
1	0.999	0.997	0.996	0.995	0.996	0.997	0.994	0.997	0.992	0.994	0.991	0.993	0.989	0.987	0.979	0.982	0.983	0.977	0.969	0.974	0.973	0.968	0.955	0.946	0.954	0.944	0.941	0.925	0.922	0.903	0.916	0.901	0.902	0.884	0.873	0.862	0.88	0.847	0.842	0.847	0.828	0.819	0.802	0.792	0.792	0.772	0.768	0.754	0.752	0.737	0.717	0.683	0.7	0.689	0.679	0.659	0.659	0.611	0.621	0.589	0.594	0.588	0.547	0.546	0.529	0.486	0.487	0.475	0.473	0.443	0.412	0.424	0.417	0.354	0.39	0.337	0.334	0.335	0.29	0.246	0.253	0.241	0.213	0.198	0.176	0.139	0.148	0.113	0.098	0.093	0.082	0.067	0.057	0.037	0.048	0.031	0.017	0.015	0.009	
0.017	0.009	0.015	0.017	0.014	0.014	0.014	0.011	0.012	0.01	0.013	0.015	0.009	0.013	0.01	0.01	0.01	0.017	0.011	0.014	0.011	0.006	0.008	0.009	0.005	0.01	0.008	0.009	0.011	0.008	0.009	0.009	0.01	0.006	0.011	0.008	0.012	0.007	0.013	0.011	0.008	0.007	0.009	0.009	0.01	0.007	0.006	0.007	0.011	0.013	0.01	0.006	0.003	0.016	0.011	0.019	0.013	0.012	0.018	0.018	0.011	0.018	0.027	0.019	0.025	0.016	0.036	0.029	0.036	0.044	0.034	0.032	0.039	0.06	0.059	0.045	0.058	0.057	0.083	0.052	0.062	0.073	0.072	0.073	0.061	0.057	0.069	0.076	0.063	0.064	0.063	0.051	0.037	0.041	0.028	0.027	0.019	0.014	0.022	0.006	
1	1	1	1	1	1	1	1	1	0.998	1	1	1	1	0.998	1	0.999	1	0.998	0.999	0.998	0.998	0.996	0.997	0.992	0.992	0.989	0.995	0.987	0.987	0.991	0.982	0.985	0.973	0.972	0.962	0.958	0.965	0.948	0.943	0.935	0.926	0.904	0.886	0.87	0.855	0.839	0.834	0.812	0.782	0.782	0.732	0.72	0.687	0.658	0.625	0.64	0.579	0.563	0.534	0.482	0.454	0.415	0.406	0.36	0.32	0.342	0.291	0.226	0.22	0.183	0.182	0.14	0.122	0.09	0.072	0.067	0.056	0.042	0.041	0.033	0.022	0.022	0.015	0.012	0.01	0.004	0.004	0.001	0	0	0	0	0	0	0	0	0	0	0	
0.833	0.806	0.763	0.755	0.754	0.739	0.731	0.689	0.692	0.659	0.653	0.617	0.596	0.567	0.578	0.545	0.546	0.529	0.503	0.466	0.459	0.473	0.425	0.414	0.416	0.391	0.37	0.377	0.344	0.322	0.339	0.301	0.293	0.276	0.28	0.286	0.241	0.23	0.217	0.24	0.23	0.198	0.194	0.207	0.166	0.181	0.158	0.162	0.152	0.13	0.151	0.127	0.136	0.13	0.119	0.124	0.11	0.098	0.095	0.099	0.104	0.096	0.096	0.075	0.107	0.08	0.082	0.078	0.084	0.083	0.07	0.098	0.089	0.082	0.106	0.056	0.077	0.071	0.079	0.061	0.067	0.052	0.074	0.07	0.076	0.077	0.073	0.082	0.079	0.077	0.079	0.068	0.072	0.08	0.075	0.071	0.069	0.066	0.059	0.052	
1	1	1	1	1	1	1	1	1	1	1	1	1	1	1	1	1	1	1	1	1	1	0.999	1	1	1	1	1	1	1	0.998	1	0.998	1	0.998	0.998	0.997	0.998	0.997	0.996	0.998	0.994	0.999	0.996	0.995	0.991	0.986	0.98	0.982	0.981	0.98	0.975	0.968	0.972	0.966	0.954	0.952	0.94	0.928	0.913	0.894	0.898	0.89	0.879	0.876	0.86	0.858	0.813	0.801	0.781	0.779	0.767	0.725	0.707	0.708	0.668	0.653	0.633	0.605	0.554	0.555	0.539	0.523	0.494	0.47	0.447	0.43	0.411	0.376	0.348	0.341	0.35	0.303	0.301	0.265	0.237	0.229	0.193	0.195	0.173	
1	1	0.999	0.998	0.999	1	1	1	1	0.999	1	0.998	1	0.997	0.998	0.996	0.999	0.996	0.998	0.992	0.998	0.996	0.995	0.996	0.992	0.996	0.996	0.994	0.988	0.986	0.981	0.989	0.984	0.977	0.978	0.978	0.974	0.98	0.971	0.977	0.973	0.973	0.963	0.962	0.961	0.958	0.964	0.961	0.959	0.957	0.966	0.952	0.946	0.932	0.942	0.943	0.937	0.929	0.952	0.933	0.931	0.947	0.937	0.918	0.929	0.921	0.922	0.928	0.92	0.933	0.934	0.92	0.935	0.915	0.931	0.925	0.912	0.923	0.922	0.928	0.926	0.959	0.937	0.948	0.944	0.948	0.938	0.963	0.944	0.963	0.948	0.941	0.951	0.939	0.936	0.944	0.937	0.906	0.906	0.89	
0.261	0.274	0.265	0.272	0.281	0.276	0.283	0.307	0.294	0.33	0.347	0.323	0.322	0.368	0.37	0.34	0.363	0.365	0.354	0.383	0.388	0.399	0.377	0.407	0.388	0.418	0.434	0.421	0.423	0.429	0.441	0.431	0.441	0.467	0.439	0.48	0.492	0.465	0.482	0.493	0.488	0.497	0.491	0.512	0.537	0.551	0.574	0.558	0.552	0.592	0.592	0.599	0.644	0.641	0.629	0.645	0.639	0.701	0.713	0.692	0.704	0.749	0.779	0.76	0.761	0.779	0.804	0.79	0.826	0.841	0.836	0.872	0.867	0.868	0.883	0.918	0.916	0.905	0.926	0.918	0.925	0.917	0.944	0.935	0.939	0.941	0.936	0.941	0.953	0.934	0.933	0.936	0.93	0.904	0.919	0.882	0.878	0.843	0.816	0.772	
1	1	1	1	1	1	1	1	1	1	1	1	1	1	1	1	1	1	1	1	1	1	1	1	1	1	1	1	1	1	1	1	1	1	1	1	1	1	1	1	1	1	1	1	1	1	1	1	1	0.997	1	0.998	1	0.999	0.998	0.996	0.994	0.996	0.99	0.994	0.988	0.991	0.993	0.983	0.982	0.976	0.977	0.964	0.977	0.969	0.965	0.965	0.962	0.951	0.939	0.928	0.935	0.916	0.914	0.878	0.872	0.871	0.868	0.823	0.803	0.806	0.774	0.749	0.745	0.683	0.65	0.638	0.607	0.559	0.559	0.543	0.481	0.43	0.389	0.349	
1	1	1	1	1	1	1	1	1	1	1	1	1	1	1	1	1	1	1	1	1	1	1	1	1	1	1	1	1	1	1	1	1	1	1	1	1	1	1	1	1	1	1	1	1	1	1	1	1	1	1	1	1	1	1	1	1	1	1	1	1	0.999	0.998	0.998	0.998	1	0.995	0.994	0.995	0.993	0.984	0.984	0.98	0.979	0.974	0.965	0.954	0.956	0.933	0.936	0.906	0.912	0.889	0.883	0.869	0.821	0.832	0.801	0.807	0.767	0.749	0.701	0.712	0.666	0.666	0.649	0.623	0.613	0.612	0.593	
0.973	0.962	0.955	0.955	0.954	0.941	0.956	0.944	0.939	0.946	0.918	0.929	0.92	0.924	0.918	0.906	0.91	0.917	0.904	0.906	0.895	0.896	0.879	0.886	0.886	0.88	0.864	0.889	0.851	0.854	0.848	0.866	0.829	0.855	0.825	0.823	0.824	0.808	0.819	0.803	0.815	0.8	0.808	0.81	0.794	0.764	0.804	0.759	0.743	0.743	0.749	0.722	0.711	0.706	0.697	0.698	0.705	0.677	0.644	0.703	0.654	0.649	0.656	0.661	0.616	0.63	0.616	0.626	0.596	0.573	0.558	0.527	0.532	0.548	0.518	0.504	0.464	0.491	0.455	0.483	0.457	0.412	0.401	0.41	0.374	0.361	0.366	0.336	0.305	0.308	0.288	0.275	0.235	0.237	0.2	0.2	0.168	0.15	0.176	0.126	
0.549	0.618	0.545	0.54	0.563	0.526	0.534	0.549	0.522	0.537	0.522	0.508	0.503	0.524	0.527	0.497	0.513	0.53	0.474	0.494	0.466	0.51	0.502	0.523	0.487	0.48	0.479	0.495	0.505	0.468	0.519	0.467	0.478	0.448	0.46	0.484	0.447	0.448	0.436	0.458	0.474	0.44	0.468	0.459	0.451	0.448	0.444	0.437	0.451	0.47	0.47	0.42	0.441	0.438	0.449	0.469	0.46	0.466	0.432	0.445	0.422	0.449	0.437	0.422	0.437	0.478	0.428	0.489	0.458	0.481	0.491	0.498	0.475	0.508	0.511	0.524	0.548	0.564	0.577	0.57	0.572	0.602	0.595	0.607	0.655	0.657	0.657	0.689	0.677	0.672	0.712	0.724	0.71	0.718	0.702	0.748	0.732	0.741	0.744	0.735	
0.991	0.975	0.981	0.978	0.973	0.969	0.961	0.956	0.952	0.957	0.944	0.94	0.909	0.927	0.925	0.892	0.887	0.877	0.866	0.858	0.827	0.831	0.818	0.806	0.768	0.778	0.772	0.755	0.745	0.725	0.678	0.693	0.656	0.632	0.646	0.626	0.616	0.599	0.57	0.557	0.552	0.515	0.519	0.507	0.5	0.484	0.469	0.437	0.4	0.422	0.421	0.416	0.367	0.364	0.389	0.369	0.347	0.304	0.298	0.279	0.284	0.285	0.253	0.236	0.262	0.244	0.225	0.21	0.199	0.173	0.176	0.175	0.162	0.162	0.131	0.13	0.102	0.114	0.101	0.103	0.086	0.08	0.071	0.059	0.052	0.046	0.054	0.033	0.028	0.012	0.029	0.011	0.016	0.008	0.009	0.004	0.003	0.006	0.001	0.004	
1	1	1	1	1	1	1	1	1	1	1	1	1	1	1	1	1	1	1	1	1	1	1	1	1	1	1	1	1	1	1	1	1	1	1	1	1	1	1	1	1	1	1	1	1	1	1	1	1	1	1	1	1	1	1	1	1	1	0.999	1	1	1	1	0.999	0.999	0.999	0.998	0.997	0.997	1	0.998	0.996	0.995	0.997	0.993	0.988	0.991	0.98	0.968	0.969	0.962	0.942	0.931	0.912	0.891	0.839	0.799	0.768	0.704	0.643	0.601	0.561	0.468	0.416	0.324	0.281	0.235	0.175	0.132	0.103	
0.935	0.929	0.912	0.891	0.876	0.898	0.88	0.876	0.845	0.855	0.863	0.841	0.827	0.8	0.782	0.785	0.769	0.787	0.76	0.735	0.76	0.753	0.706	0.692	0.689	0.686	0.663	0.686	0.635	0.651	0.624	0.611	0.617	0.612	0.593	0.584	0.564	0.567	0.59	0.565	0.566	0.579	0.536	0.552	0.547	0.511	0.542	0.537	0.529	0.532	0.523	0.527	0.506	0.529	0.53	0.48	0.518	0.488	0.48	0.476	0.491	0.481	0.457	0.463	0.476	0.408	0.41	0.418	0.42	0.422	0.351	0.396	0.335	0.317	0.316	0.3	0.268	0.23	0.229	0.219	0.189	0.155	0.138	0.101	0.109	0.11	0.073	0.067	0.057	0.049	0.029	0.018	0.022	0.019	0.008	0.006	0.006	0.004	0.005	0.004	
1	1	1	1	1	1	1	1	1	1	1	1	1	1	1	1	1	1	1	1	1	1	1	1	1	1	1	1	1	1	1	1	1	1	1	1	1	1	1	1	1	1	1	1	1	1	1	1	1	1	1	1	1	1	1	1	1	1	1	1	1	1	1	1	1	1	1	1	1	1	1	1	1	1	1	1	1	1	1	1	1	1	1	1	1	1	1	1	1	1	1	1	1	1	0.999	0.998	1	0.999	0.998	0.999	
0.996	0.99	0.995	0.997	0.993	0.995	0.987	0.991	0.986	0.986	0.986	0.987	0.981	0.981	0.984	0.977	0.976	0.977	0.978	0.981	0.977	0.974	0.965	0.975	0.974	0.973	0.972	0.968	0.964	0.972	0.955	0.958	0.967	0.97	0.97	0.962	0.959	0.967	0.947	0.956	0.938	0.948	0.962	0.947	0.958	0.945	0.941	0.963	0.946	0.953	0.947	0.937	0.94	0.942	0.947	0.943	0.938	0.944	0.947	0.938	0.938	0.946	0.921	0.939	0.931	0.92	0.921	0.908	0.923	0.924	0.9	0.906	0.884	0.892	0.874	0.869	0.857	0.842	0.832	0.805	0.806	0.789	0.767	0.756	0.76	0.709	0.696	0.669	0.651	0.603	0.609	0.538	0.528	0.506	0.479	0.448	0.39	0.385	0.359	0.316	
0.097	0.062	0.062	0.046	0.048	0.034	0.022	0.028	0.018	0.013	0.007	0.013	0.005	0.004	0.002	0.002	0.002	0.002	0	0	0	0	0	0	0	0	0	0	0	0	0	0	0	0	0	0	0	0	0	0	0	0	0	0	0	0	0	0	0	0	0	0	0	0	0	0	0	0	0	0	0	0	0	0	0	0	0	0	0	0	0	0	0	0	0	0	0	0	0	0	0	0	0	0	0	0	0	0	0	0	0	0	0	0	0	0	0	0	0	0	
0.999	0.996	0.997	0.999	0.995	0.996	0.991	0.989	0.986	0.986	0.99	0.979	0.983	0.983	0.982	0.969	0.98	0.971	0.95	0.956	0.938	0.952	0.939	0.928	0.919	0.91	0.928	0.902	0.884	0.877	0.853	0.854	0.847	0.818	0.83	0.815	0.776	0.78	0.758	0.772	0.714	0.73	0.721	0.687	0.648	0.647	0.631	0.595	0.609	0.582	0.528	0.531	0.488	0.46	0.467	0.404	0.407	0.392	0.37	0.358	0.306	0.315	0.277	0.29	0.256	0.208	0.257	0.207	0.174	0.152	0.141	0.15	0.131	0.102	0.091	0.085	0.06	0.078	0.054	0.042	0.047	0.036	0.025	0.023	0.015	0.025	0.016	0.006	0.011	0.007	0.002	0.004	0.002	0.002	0.001	0	0	0	0	0	
0.067	0.072	0.067	0.081	0.063	0.071	0.064	0.067	0.051	0.067	0.056	0.05	0.058	0.073	0.056	0.051	0.065	0.06	0.059	0.07	0.074	0.059	0.057	0.067	0.072	0.059	0.074	0.075	0.068	0.079	0.068	0.075	0.081	0.083	0.081	0.068	0.087	0.098	0.098	0.1	0.101	0.084	0.084	0.097	0.104	0.118	0.133	0.122	0.12	0.121	0.132	0.139	0.151	0.157	0.167	0.171	0.167	0.198	0.199	0.183	0.199	0.212	0.202	0.216	0.235	0.237	0.231	0.233	0.24	0.224	0.25	0.245	0.252	0.249	0.229	0.209	0.225	0.211	0.201	0.182	0.187	0.169	0.125	0.15	0.107	0.097	0.086	0.082	0.054	0.041	0.039	0.032	0.031	0.024	0.01	0.01	0.007	0.003	0.001	0.001	
0.487	0.467	0.425	0.381	0.346	0.336	0.284	0.261	0.249	0.233	0.212	0.195	0.149	0.143	0.126	0.112	0.112	0.079	0.087	0.079	0.067	0.058	0.041	0.041	0.036	0.028	0.029	0.022	0.016	0.016	0.012	0.008	0.004	0.005	0.01	0.008	0.004	0.004	0.004	0.003	0	0.002	0.001	0	0.001	0	0.001	0	0	0	0.001	0	0	0	0	0	0	0	0	0	0	0	0	0	0	0	0	0	0	0	0	0	0	0	0	0	0	0	0	0	0	0	0	0	0	0	0	0	0	0	0	0	0	0	0	0	0	0	0	0	
0.952	0.946	0.932	0.925	0.922	0.908	0.912	0.893	0.879	0.869	0.866	0.856	0.803	0.834	0.81	0.775	0.819	0.783	0.768	0.757	0.746	0.754	0.746	0.735	0.704	0.694	0.667	0.643	0.703	0.686	0.66	0.652	0.664	0.629	0.603	0.63	0.627	0.62	0.614	0.627	0.592	0.615	0.581	0.569	0.555	0.562	0.557	0.564	0.547	0.529	0.53	0.526	0.501	0.515	0.503	0.503	0.491	0.488	0.491	0.482	0.476	0.441	0.482	0.477	0.465	0.466	0.479	0.448	0.473	0.444	0.456	0.467	0.46	0.463	0.45	0.438	0.441	0.436	0.425	0.456	0.439	0.427	0.44	0.47	0.445	0.427	0.443	0.408	0.439	0.398	0.402	0.4	0.418	0.4	0.411	0.377	0.363	0.361	0.333	0.334	
1	1	1	1	0.999	1	1	1	1	1	0.998	0.999	1	1	0.998	0.997	0.998	0.999	0.998	0.996	0.998	0.994	0.995	0.993	0.995	0.991	0.992	0.986	0.99	0.989	0.986	0.98	0.976	0.975	0.982	0.976	0.965	0.974	0.966	0.959	0.957	0.944	0.951	0.927	0.923	0.922	0.896	0.922	0.904	0.897	0.872	0.873	0.866	0.846	0.827	0.82	0.818	0.791	0.767	0.773	0.761	0.749	0.731	0.7	0.699	0.634	0.666	0.641	0.656	0.614	0.595	0.544	0.565	0.511	0.515	0.513	0.484	0.466	0.435	0.437	0.445	0.408	0.377	0.383	0.367	0.339	0.344	0.311	0.323	0.324	0.295	0.297	0.267	0.277	0.25	0.298	0.262	0.255	0.241	0.248	
0.972	0.978	0.968	0.969	0.963	0.942	0.934	0.921	0.93	0.905	0.902	0.877	0.858	0.866	0.817	0.798	0.798	0.777	0.729	0.759	0.704	0.694	0.653	0.626	0.592	0.608	0.56	0.511	0.531	0.5	0.484	0.417	0.439	0.411	0.375	0.339	0.331	0.342	0.31	0.287	0.257	0.267	0.241	0.224	0.214	0.214	0.198	0.202	0.157	0.171	0.175	0.14	0.154	0.104	0.117	0.096	0.1	0.088	0.08	0.079	0.068	0.056	0.052	0.064	0.045	0.045	0.036	0.036	0.037	0.029	0.028	0.02	0.023	0.015	0.019	0.017	0.01	0.011	0.015	0.013	0.006	0.008	0.007	0.007	0.006	0.002	0	0.008	0.002	0.003	0	0.001	0.002	0.003	0.001	0.001	0.001	0	0	0	
1	1	1	1	1	1	1	1	1	1	1	1	1	1	1	1	1	1	1	1	1	1	1	1	1	1	1	1	1	1	1	1	1	1	1	1	1	1	1	1	1	1	1	1	1	1	1	1	1	1	1	1	1	1	1	1	1	1	1	1	1	1	1	1	1	1	1	1	1	1	1	0.999	0.998	1	1	0.999	1	1	0.998	0.997	0.997	0.997	0.996	0.996	0.992	0.986	0.984	0.976	0.97	0.962	0.968	0.944	0.92	0.901	0.882	0.882	0.826	0.773	0.769	0.721	
0.992	0.998	0.995	0.994	0.992	0.989	0.988	0.987	0.988	0.988	0.987	0.977	0.975	0.972	0.972	0.972	0.963	0.972	0.967	0.961	0.961	0.944	0.947	0.95	0.949	0.949	0.947	0.925	0.924	0.935	0.931	0.906	0.92	0.909	0.892	0.904	0.908	0.886	0.879	0.892	0.862	0.87	0.863	0.864	0.867	0.853	0.831	0.827	0.839	0.829	0.824	0.825	0.825	0.786	0.767	0.812	0.773	0.736	0.767	0.751	0.708	0.721	0.678	0.69	0.674	0.675	0.623	0.608	0.602	0.567	0.553	0.521	0.499	0.502	0.456	0.429	0.384	0.413	0.334	0.332	0.289	0.275	0.236	0.207	0.194	0.181	0.148	0.097	0.097	0.089	0.058	0.05	0.03	0.027	0.025	0.013	0.018	0.013	0.001	0.004	
0.912	0.904	0.89	0.878	0.864	0.864	0.831	0.847	0.814	0.811	0.783	0.784	0.734	0.77	0.728	0.71	0.717	0.697	0.664	0.656	0.646	0.629	0.617	0.604	0.6	0.542	0.563	0.536	0.534	0.527	0.493	0.485	0.488	0.459	0.438	0.417	0.405	0.411	0.409	0.371	0.382	0.357	0.338	0.327	0.36	0.333	0.313	0.321	0.283	0.287	0.282	0.252	0.252	0.249	0.236	0.231	0.194	0.221	0.203	0.201	0.201	0.191	0.198	0.174	0.182	0.157	0.181	0.138	0.149	0.149	0.166	0.149	0.132	0.154	0.148	0.153	0.129	0.185	0.138	0.169	0.174	0.135	0.158	0.156	0.145	0.145	0.139	0.15	0.122	0.13	0.143	0.154	0.142	0.133	0.132	0.135	0.136	0.1	0.101	0.087	
0.988	0.995	0.984	0.985	0.989	0.985	0.983	0.966	0.976	0.963	0.954	0.963	0.957	0.956	0.946	0.944	0.923	0.926	0.907	0.912	0.897	0.899	0.887	0.878	0.875	0.86	0.863	0.844	0.839	0.803	0.796	0.784	0.778	0.768	0.762	0.752	0.728	0.699	0.706	0.673	0.679	0.661	0.642	0.653	0.61	0.598	0.587	0.564	0.545	0.532	0.505	0.502	0.511	0.498	0.485	0.459	0.399	0.415	0.396	0.369	0.368	0.324	0.314	0.309	0.267	0.294	0.251	0.235	0.232	0.196	0.201	0.2	0.17	0.145	0.143	0.123	0.123	0.086	0.097	0.099	0.055	0.067	0.06	0.057	0.035	0.029	0.024	0.016	0.014	0.009	0.015	0.006	0.006	0.004	0.002	0.002	0.001	0.001	0	0	
0.994	0.99	0.995	0.989	0.984	0.987	0.979	0.975	0.975	0.97	0.956	0.962	0.949	0.94	0.933	0.935	0.903	0.907	0.88	0.889	0.869	0.868	0.856	0.865	0.856	0.822	0.796	0.783	0.801	0.804	0.788	0.768	0.741	0.743	0.714	0.723	0.711	0.696	0.703	0.698	0.688	0.651	0.638	0.625	0.625	0.601	0.608	0.616	0.571	0.595	0.573	0.581	0.579	0.556	0.547	0.536	0.525	0.533	0.501	0.549	0.532	0.509	0.518	0.522	0.501	0.514	0.482	0.522	0.492	0.5	0.487	0.515	0.485	0.492	0.522	0.494	0.493	0.513	0.491	0.478	0.52	0.533	0.51	0.507	0.492	0.491	0.489	0.51	0.525	0.579	0.533	0.51	0.492	0.535	0.517	0.522	0.51	0.536	0.513	0.514	
1	1	1	1	1	1	1	1	1	1	1	1	1	1	1	1	1	1	1	1	1	1	1	1	1	1	1	1	1	1	1	1	1	1	1	1	1	1	1	1	1	1	1	1	1	1	1	1	1	1	1	1	1	1	1	0.999	1	1	1	1	1	1	1	1	1	1	1	1	1	0.999	1	0.999	0.998	0.999	0.999	1	1	1	1	0.999	0.999	0.999	1	1	1	1	0.999	1	1	0.999	1	0.999	1	1	0.999	0.999	0.999	0.999	1	1	
