1	1	1	1	1	1	1	1	1	1	1	1	1	1	1	1	1	1	1	1	1	1	1	1	1	1	1	1	1	0.999	0.999	1	1	0.999	1	1	0.999	0.998	1	0.999	0.997	0.998	0.996	0.997	1	0.995	0.997	0.994	0.995	0.996	0.99	0.988	0.99	0.983	0.989	0.986	0.988	0.991	0.987	0.987	0.981	0.979	0.971	0.984	0.978	0.97	0.981	0.985	0.977	0.981	0.977	0.981	0.974	0.982	0.985	0.985	0.987	0.988	0.982	0.979	0.978	0.971	0.984	0.979	0.973	0.971	0.965	0.949	0.963	0.937	0.927	0.917	0.891	0.851	0.858	0.807	0.758	0.721	0.668	0.588	
0.865	0.857	0.853	0.845	0.841	0.837	0.829	0.824	0.821	0.79	0.816	0.807	0.802	0.841	0.788	0.804	0.786	0.792	0.769	0.772	0.777	0.779	0.792	0.767	0.752	0.768	0.757	0.78	0.768	0.742	0.749	0.735	0.752	0.729	0.754	0.724	0.722	0.71	0.699	0.721	0.728	0.699	0.72	0.717	0.723	0.735	0.715	0.71	0.72	0.704	0.668	0.69	0.67	0.701	0.664	0.642	0.663	0.644	0.676	0.665	0.653	0.642	0.627	0.676	0.607	0.62	0.591	0.615	0.626	0.601	0.604	0.602	0.59	0.599	0.606	0.597	0.561	0.574	0.59	0.569	0.582	0.597	0.565	0.56	0.559	0.559	0.548	0.548	0.525	0.515	0.509	0.49	0.536	0.498	0.51	0.502	0.495	0.464	0.495	0.474	
0.938	0.936	0.937	0.949	0.923	0.931	0.921	0.929	0.923	0.931	0.913	0.901	0.909	0.91	0.908	0.908	0.905	0.909	0.904	0.895	0.904	0.892	0.898	0.888	0.899	0.89	0.896	0.904	0.898	0.886	0.886	0.875	0.887	0.879	0.867	0.859	0.85	0.853	0.841	0.844	0.841	0.834	0.823	0.834	0.822	0.85	0.829	0.831	0.812	0.795	0.821	0.812	0.778	0.777	0.798	0.794	0.779	0.776	0.752	0.76	0.764	0.739	0.735	0.749	0.722	0.709	0.701	0.712	0.713	0.69	0.663	0.681	0.658	0.628	0.646	0.639	0.604	0.607	0.611	0.612	0.558	0.546	0.55	0.524	0.482	0.485	0.457	0.427	0.448	0.406	0.38	0.354	0.347	0.304	0.245	0.253	0.21	0.205	0.177	0.145	
1	1	1	1	1	1	1	1	0.999	1	1	1	1	1	1	1	0.999	1	1	1	1	1	0.999	1	0.999	0.999	0.999	1	1	0.998	0.997	0.999	1	1	0.998	0.998	0.998	1	1	1	0.997	0.997	0.996	0.999	0.995	0.996	0.993	0.996	0.996	0.988	0.994	0.992	0.991	0.996	0.982	0.987	0.984	0.98	0.983	0.979	0.979	0.976	0.976	0.969	0.962	0.972	0.97	0.965	0.959	0.948	0.941	0.937	0.943	0.935	0.938	0.92	0.904	0.889	0.882	0.87	0.839	0.834	0.817	0.794	0.789	0.755	0.734	0.685	0.679	0.648	0.596	0.552	0.496	0.445	0.419	0.381	0.347	0.282	0.241	0.203	
1	1	1	1	1	1	1	1	1	1	1	1	1	1	0.999	0.996	0.999	0.996	0.999	0.997	0.996	0.992	0.994	0.992	0.988	0.986	0.976	0.982	0.968	0.966	0.965	0.947	0.94	0.946	0.926	0.916	0.915	0.899	0.878	0.843	0.854	0.805	0.798	0.779	0.763	0.752	0.706	0.711	0.646	0.631	0.612	0.58	0.58	0.543	0.491	0.511	0.434	0.434	0.453	0.384	0.382	0.378	0.309	0.275	0.286	0.251	0.208	0.216	0.193	0.188	0.165	0.153	0.13	0.122	0.102	0.1	0.082	0.068	0.06	0.051	0.056	0.038	0.037	0.035	0.026	0.029	0.025	0.016	0.028	0.021	0.025	0.015	0.019	0.016	0.015	0.018	0.026	0.015	0.021	0.025	
0.573	0.576	0.555	0.554	0.516	0.497	0.448	0.468	0.46	0.439	0.393	0.382	0.367	0.36	0.319	0.325	0.29	0.277	0.287	0.252	0.21	0.214	0.22	0.206	0.207	0.175	0.186	0.13	0.14	0.124	0.093	0.112	0.105	0.096	0.089	0.091	0.089	0.071	0.063	0.069	0.068	0.052	0.047	0.046	0.033	0.037	0.038	0.028	0.028	0.026	0.028	0.029	0.017	0.017	0.014	0.013	0.017	0.015	0.012	0.011	0.011	0.007	0.011	0.003	0.008	0.011	0.005	0.004	0.005	0.003	0.004	0.007	0.005	0.001	0.002	0.001	0.002	0.001	0.001	0.004	0.001	0	0	0.001	0.001	0.003	0	0.001	0.002	0	0	0	0	0.001	0	0	0	0	0	0	
1	1	1	1	1	1	1	0.999	1	1	0.999	1	1	0.999	0.997	1	1	0.999	0.998	0.999	0.998	0.998	0.996	0.996	0.994	0.999	0.996	0.997	0.993	0.994	0.994	0.998	0.989	0.989	0.988	0.988	0.986	0.986	0.992	0.986	0.984	0.978	0.971	0.98	0.975	0.976	0.974	0.977	0.969	0.959	0.952	0.963	0.941	0.936	0.945	0.932	0.906	0.924	0.914	0.922	0.918	0.886	0.89	0.871	0.891	0.87	0.839	0.834	0.818	0.823	0.838	0.791	0.81	0.756	0.768	0.739	0.731	0.7	0.687	0.68	0.676	0.654	0.626	0.616	0.63	0.56	0.571	0.523	0.507	0.481	0.461	0.436	0.428	0.424	0.378	0.338	0.313	0.319	0.268	0.263	
1	1	1	1	1	1	1	1	1	1	1	1	1	1	1	1	1	1	1	1	1	1	1	1	1	1	1	1	1	1	1	1	1	1	1	1	1	1	1	1	1	1	1	1	1	1	1	1	1	1	1	1	1	1	1	1	1	1	1	1	1	1	1	1	1	1	1	1	1	1	1	1	1	1	1	1	1	1	1	1	1	1	1	1	1	1	1	1	1	0.999	0.999	0.999	0.999	0.998	1	0.993	0.991	0.994	0.996	0.993	
0.677	0.657	0.624	0.623	0.635	0.622	0.628	0.612	0.605	0.6	0.615	0.597	0.574	0.582	0.576	0.551	0.546	0.568	0.517	0.539	0.536	0.513	0.505	0.529	0.463	0.512	0.492	0.486	0.48	0.51	0.443	0.46	0.45	0.442	0.448	0.452	0.458	0.451	0.403	0.406	0.425	0.409	0.382	0.414	0.398	0.383	0.387	0.38	0.367	0.332	0.343	0.328	0.335	0.309	0.323	0.297	0.309	0.313	0.3	0.303	0.272	0.308	0.247	0.265	0.286	0.25	0.258	0.215	0.22	0.217	0.183	0.21	0.194	0.18	0.173	0.18	0.17	0.149	0.149	0.099	0.131	0.111	0.097	0.1	0.099	0.092	0.089	0.067	0.077	0.068	0.056	0.05	0.051	0.038	0.032	0.019	0.024	0.021	0.018	0.016	
1	1	1	1	1	1	1	1	1	1	1	1	1	1	1	1	1	1	1	1	1	1	1	1	1	1	1	1	1	1	1	1	1	1	1	1	1	1	1	1	1	1	1	1	1	0.999	1	0.999	1	1	1	0.999	1	1	0.998	1	0.999	0.999	0.997	0.997	0.999	0.995	0.999	0.996	0.998	0.997	0.997	0.991	0.992	0.987	0.985	0.984	0.984	0.987	0.984	0.981	0.977	0.974	0.974	0.97	0.97	0.955	0.947	0.944	0.938	0.93	0.916	0.908	0.915	0.878	0.865	0.838	0.855	0.836	0.806	0.792	0.767	0.734	0.709	0.676	
0.999	1	0.999	1	0.998	1	0.998	1	1	1	0.999	0.997	0.999	0.999	0.998	0.997	0.999	0.997	0.998	0.997	0.995	0.997	0.996	0.992	0.993	0.993	0.993	0.991	0.992	0.994	0.986	0.984	0.986	0.986	0.987	0.99	0.976	0.981	0.983	0.984	0.979	0.977	0.973	0.978	0.977	0.976	0.971	0.963	0.977	0.969	0.973	0.973	0.967	0.974	0.959	0.965	0.981	0.969	0.968	0.962	0.96	0.966	0.961	0.957	0.943	0.954	0.957	0.957	0.956	0.957	0.951	0.945	0.965	0.956	0.947	0.959	0.957	0.953	0.956	0.953	0.953	0.943	0.954	0.947	0.962	0.954	0.935	0.945	0.943	0.942	0.922	0.908	0.911	0.913	0.886	0.883	0.863	0.845	0.815	0.809	
1	1	1	1	1	1	1	1	1	1	0.999	1	0.999	1	1	1	1	0.998	0.999	0.996	0.997	0.997	0.995	0.999	0.996	0.998	0.997	0.994	0.997	0.989	0.992	0.991	0.989	0.984	0.992	0.986	0.989	0.981	0.976	0.979	0.975	0.982	0.97	0.971	0.965	0.968	0.953	0.954	0.957	0.924	0.949	0.935	0.918	0.919	0.894	0.9	0.881	0.876	0.874	0.838	0.855	0.813	0.791	0.789	0.773	0.768	0.745	0.72	0.711	0.652	0.647	0.624	0.606	0.56	0.552	0.528	0.487	0.509	0.479	0.434	0.435	0.359	0.37	0.344	0.306	0.276	0.277	0.25	0.225	0.224	0.2	0.167	0.16	0.137	0.131	0.097	0.114	0.075	0.068	0.06	
0.943	0.916	0.926	0.923	0.912	0.899	0.904	0.9	0.876	0.876	0.874	0.874	0.876	0.851	0.85	0.834	0.821	0.831	0.802	0.794	0.782	0.773	0.759	0.76	0.733	0.713	0.716	0.678	0.698	0.659	0.635	0.623	0.606	0.628	0.599	0.551	0.541	0.549	0.521	0.522	0.492	0.491	0.468	0.449	0.449	0.423	0.373	0.364	0.363	0.351	0.309	0.329	0.317	0.297	0.278	0.239	0.242	0.204	0.199	0.199	0.19	0.174	0.172	0.142	0.139	0.12	0.107	0.112	0.103	0.097	0.075	0.065	0.07	0.051	0.061	0.045	0.036	0.041	0.022	0.029	0.024	0.014	0.014	0.011	0.011	0.006	0.004	0.004	0.003	0	0.002	0.001	0	0	0	0	0	0	0	0	
0.452	0.451	0.461	0.46	0.444	0.444	0.419	0.412	0.421	0.436	0.412	0.387	0.388	0.358	0.373	0.374	0.314	0.312	0.339	0.327	0.315	0.283	0.275	0.277	0.273	0.254	0.255	0.212	0.204	0.206	0.193	0.179	0.179	0.177	0.158	0.139	0.133	0.151	0.128	0.117	0.112	0.108	0.096	0.082	0.107	0.092	0.087	0.074	0.091	0.068	0.072	0.073	0.053	0.087	0.062	0.051	0.041	0.053	0.059	0.049	0.058	0.046	0.061	0.043	0.059	0.048	0.064	0.069	0.056	0.06	0.052	0.085	0.069	0.073	0.063	0.061	0.079	0.083	0.094	0.075	0.078	0.069	0.096	0.102	0.102	0.092	0.103	0.077	0.086	0.091	0.083	0.086	0.079	0.07	0.06	0.054	0.032	0.038	0.039	0.04	
1	1	1	1	1	1	1	1	1	1	1	1	1	1	1	1	1	1	1	0.999	1	1	1	1	1	1	1	1	1	1	1	1	1	1	1	1	1	1	1	0.999	0.997	1	1	0.998	0.999	1	0.998	0.997	0.999	0.998	0.998	0.997	0.999	0.993	0.995	0.995	0.996	0.997	0.995	0.988	0.992	0.991	0.989	0.991	0.985	0.987	0.982	0.985	0.973	0.974	0.974	0.971	0.967	0.97	0.966	0.962	0.957	0.949	0.945	0.951	0.948	0.945	0.929	0.925	0.911	0.914	0.884	0.896	0.877	0.881	0.84	0.845	0.811	0.798	0.769	0.784	0.753	0.743	0.71	0.665	
0.702	0.688	0.688	0.654	0.666	0.672	0.662	0.63	0.611	0.632	0.62	0.607	0.607	0.596	0.579	0.567	0.564	0.556	0.53	0.535	0.539	0.479	0.499	0.49	0.462	0.466	0.448	0.398	0.428	0.392	0.383	0.378	0.347	0.36	0.312	0.305	0.307	0.281	0.266	0.267	0.263	0.236	0.228	0.216	0.2	0.198	0.196	0.173	0.171	0.144	0.165	0.152	0.144	0.126	0.096	0.118	0.104	0.126	0.116	0.083	0.081	0.088	0.081	0.075	0.069	0.073	0.063	0.058	0.062	0.057	0.053	0.047	0.034	0.051	0.04	0.032	0.041	0.034	0.034	0.047	0.03	0.031	0.02	0.037	0.032	0.027	0.022	0.022	0.017	0.022	0.025	0.018	0.022	0.016	0.021	0.017	0.016	0.009	0.014	0.013	
1	1	1	1	1	1	1	1	1	1	1	1	1	1	1	1	1	1	1	1	1	1	1	1	1	1	1	0.999	1	1	1	1	0.999	1	1	1	1	1	0.999	0.997	0.999	0.999	0.997	1	0.994	0.994	0.998	0.997	0.997	0.988	0.992	0.993	0.985	0.99	0.993	0.98	0.978	0.982	0.978	0.972	0.968	0.972	0.958	0.962	0.948	0.942	0.946	0.948	0.94	0.938	0.931	0.917	0.924	0.926	0.913	0.907	0.885	0.886	0.873	0.879	0.877	0.885	0.862	0.851	0.842	0.857	0.818	0.824	0.809	0.811	0.794	0.766	0.769	0.751	0.72	0.743	0.75	0.697	0.653	0.661	
0.912	0.916	0.916	0.9	0.88	0.857	0.857	0.844	0.852	0.863	0.825	0.828	0.79	0.816	0.796	0.79	0.781	0.775	0.758	0.764	0.775	0.738	0.756	0.767	0.745	0.768	0.739	0.729	0.726	0.714	0.701	0.666	0.716	0.739	0.684	0.705	0.708	0.686	0.668	0.654	0.65	0.685	0.663	0.62	0.66	0.624	0.65	0.645	0.634	0.623	0.623	0.632	0.632	0.634	0.6	0.615	0.583	0.576	0.59	0.591	0.573	0.588	0.607	0.555	0.555	0.549	0.556	0.519	0.525	0.508	0.513	0.501	0.492	0.487	0.48	0.465	0.436	0.46	0.389	0.414	0.385	0.397	0.402	0.358	0.352	0.353	0.29	0.29	0.278	0.261	0.233	0.237	0.224	0.202	0.19	0.157	0.144	0.101	0.108	0.086	
0.715	0.74	0.691	0.72	0.689	0.711	0.683	0.696	0.68	0.683	0.666	0.702	0.673	0.67	0.636	0.653	0.653	0.669	0.65	0.647	0.658	0.669	0.678	0.65	0.646	0.658	0.622	0.651	0.674	0.635	0.655	0.638	0.623	0.643	0.638	0.623	0.618	0.605	0.644	0.618	0.598	0.619	0.629	0.625	0.569	0.592	0.606	0.588	0.563	0.619	0.586	0.595	0.587	0.531	0.56	0.541	0.522	0.535	0.513	0.501	0.501	0.473	0.472	0.49	0.449	0.411	0.42	0.437	0.446	0.438	0.372	0.384	0.367	0.328	0.342	0.334	0.301	0.283	0.304	0.236	0.241	0.219	0.203	0.191	0.179	0.142	0.157	0.1	0.103	0.103	0.095	0.062	0.056	0.041	0.037	0.029	0.015	0.009	0.011	0.003	
1	1	1	1	1	1	1	1	1	1	0.999	1	1	0.999	1	0.999	1	0.999	0.995	1	1	0.999	0.999	1	0.999	0.998	0.999	0.997	0.996	1	0.997	0.995	0.991	0.996	0.994	0.991	0.992	0.994	0.986	0.987	0.991	0.976	0.98	0.987	0.974	0.972	0.974	0.979	0.973	0.966	0.971	0.972	0.961	0.96	0.956	0.953	0.956	0.952	0.936	0.91	0.92	0.911	0.899	0.9	0.897	0.892	0.888	0.869	0.838	0.841	0.845	0.866	0.855	0.811	0.779	0.766	0.766	0.761	0.734	0.737	0.704	0.723	0.725	0.695	0.708	0.676	0.66	0.684	0.677	0.671	0.623	0.662	0.662	0.685	0.655	0.694	0.701	0.728	0.759	0.764	
1	1	1	1	1	1	1	1	1	1	1	1	1	1	1	1	1	1	1	1	1	1	1	1	1	1	1	0.999	1	1	1	0.999	1	0.999	0.999	1	1	0.998	1	1	0.999	1	0.997	0.999	1	0.998	0.998	0.994	0.995	0.996	0.999	0.998	1	0.997	0.997	0.996	0.998	0.992	0.998	0.996	0.991	0.996	0.997	0.995	0.994	0.992	0.993	0.993	0.99	0.992	0.994	0.989	0.989	0.985	0.984	0.989	0.984	0.987	0.982	0.978	0.971	0.966	0.964	0.961	0.95	0.954	0.938	0.928	0.928	0.898	0.86	0.879	0.863	0.826	0.772	0.749	0.715	0.703	0.691	0.649	
0.405	0.384	0.389	0.365	0.343	0.331	0.327	0.303	0.288	0.296	0.296	0.27	0.256	0.246	0.233	0.233	0.211	0.191	0.189	0.187	0.18	0.161	0.151	0.17	0.144	0.148	0.139	0.13	0.117	0.111	0.095	0.083	0.098	0.078	0.094	0.097	0.069	0.087	0.092	0.077	0.073	0.076	0.072	0.066	0.066	0.056	0.055	0.048	0.062	0.06	0.037	0.051	0.049	0.052	0.057	0.051	0.054	0.056	0.054	0.054	0.047	0.053	0.054	0.046	0.047	0.062	0.061	0.061	0.071	0.072	0.065	0.054	0.068	0.076	0.083	0.079	0.089	0.091	0.106	0.101	0.088	0.099	0.091	0.11	0.117	0.13	0.112	0.112	0.123	0.1	0.094	0.1	0.107	0.082	0.109	0.091	0.069	0.055	0.05	0.043	
1	1	1	1	1	1	1	1	1	1	1	1	1	1	1	1	1	1	1	1	1	1	1	1	1	1	1	1	1	1	1	1	1	1	1	1	1	1	1	1	1	1	1	1	1	1	1	1	1	1	1	1	1	1	1	1	1	1	1	1	1	1	1	1	1	1	1	0.999	0.998	1	0.999	0.999	0.999	0.997	0.997	0.999	0.995	0.996	0.997	0.994	0.991	0.994	0.982	0.984	0.983	0.972	0.976	0.967	0.956	0.956	0.942	0.936	0.929	0.912	0.894	0.881	0.857	0.84	0.773	0.744	
0.189	0.192	0.193	0.191	0.192	0.179	0.168	0.161	0.163	0.159	0.163	0.162	0.141	0.148	0.159	0.166	0.155	0.15	0.148	0.147	0.161	0.136	0.153	0.139	0.133	0.122	0.128	0.138	0.112	0.143	0.129	0.115	0.129	0.114	0.116	0.106	0.137	0.078	0.112	0.095	0.112	0.104	0.097	0.088	0.122	0.088	0.07	0.089	0.087	0.09	0.082	0.091	0.066	0.079	0.07	0.071	0.064	0.058	0.058	0.054	0.054	0.043	0.057	0.049	0.045	0.032	0.039	0.033	0.032	0.028	0.032	0.027	0.03	0.025	0.017	0.013	0.016	0.016	0.015	0.012	0.015	0.016	0.009	0.004	0.011	0.007	0.006	0.005	0.005	0.002	0.001	0.001	0.004	0.001	0.001	0.001	0	0.002	0.001	0.001	
0.041	0.039	0.036	0.025	0.044	0.033	0.035	0.025	0.031	0.03	0.035	0.035	0.025	0.029	0.025	0.041	0.037	0.028	0.038	0.04	0.033	0.028	0.034	0.039	0.034	0.042	0.027	0.033	0.04	0.041	0.049	0.047	0.039	0.061	0.058	0.041	0.065	0.049	0.048	0.071	0.052	0.061	0.057	0.081	0.076	0.088	0.082	0.078	0.087	0.08	0.09	0.095	0.096	0.1	0.111	0.098	0.126	0.111	0.122	0.122	0.116	0.113	0.125	0.117	0.116	0.118	0.117	0.113	0.116	0.142	0.104	0.132	0.121	0.119	0.123	0.108	0.094	0.08	0.097	0.085	0.099	0.089	0.069	0.071	0.075	0.058	0.059	0.049	0.04	0.04	0.026	0.035	0.018	0.025	0.029	0.025	0.022	0.012	0.016	0.006	
0.66	0.677	0.614	0.628	0.615	0.621	0.617	0.599	0.584	0.607	0.606	0.604	0.591	0.608	0.592	0.579	0.538	0.561	0.554	0.552	0.554	0.559	0.555	0.53	0.511	0.504	0.517	0.525	0.476	0.475	0.499	0.479	0.471	0.433	0.452	0.452	0.439	0.461	0.44	0.412	0.45	0.403	0.417	0.405	0.429	0.406	0.411	0.397	0.37	0.417	0.38	0.377	0.372	0.354	0.384	0.388	0.375	0.349	0.359	0.36	0.354	0.347	0.334	0.344	0.337	0.318	0.33	0.33	0.324	0.323	0.32	0.306	0.331	0.315	0.315	0.307	0.293	0.333	0.285	0.284	0.266	0.273	0.268	0.282	0.26	0.249	0.276	0.22	0.238	0.198	0.205	0.228	0.224	0.209	0.211	0.198	0.181	0.18	0.161	0.167	
1	1	1	0.999	1	1	1	1	0.998	0.998	0.995	0.995	0.994	0.992	0.985	0.974	0.979	0.974	0.963	0.95	0.948	0.935	0.934	0.928	0.921	0.897	0.881	0.891	0.85	0.846	0.843	0.814	0.824	0.801	0.795	0.778	0.777	0.748	0.754	0.728	0.746	0.721	0.71	0.71	0.667	0.692	0.677	0.639	0.66	0.667	0.623	0.606	0.614	0.605	0.587	0.591	0.534	0.545	0.565	0.54	0.507	0.534	0.506	0.504	0.488	0.476	0.477	0.454	0.479	0.451	0.416	0.439	0.433	0.423	0.396	0.389	0.397	0.402	0.389	0.385	0.397	0.378	0.317	0.362	0.304	0.322	0.347	0.346	0.318	0.345	0.344	0.339	0.334	0.298	0.329	0.301	0.325	0.329	0.331	0.311	
0.775	0.775	0.761	0.718	0.697	0.702	0.702	0.612	0.644	0.58	0.585	0.562	0.531	0.486	0.486	0.463	0.435	0.435	0.393	0.38	0.365	0.367	0.321	0.284	0.307	0.26	0.236	0.227	0.23	0.206	0.188	0.182	0.161	0.148	0.136	0.139	0.116	0.116	0.113	0.099	0.079	0.078	0.068	0.069	0.066	0.067	0.061	0.062	0.044	0.031	0.04	0.04	0.031	0.022	0.024	0.029	0.02	0.014	0.014	0.007	0.005	0.009	0.008	0.003	0.008	0.004	0.006	0.006	0.002	0.003	0.002	0.006	0.005	0.001	0.001	0.001	0	0	0.001	0	0	0	0	0.001	0	0	0	0	0	0	0	0	0	0	0	0	0	0	0	0	
1	1	1	1	1	1	1	1	1	1	1	1	1	1	1	1	1	1	1	1	1	1	1	1	1	1	1	1	1	1	1	1	1	1	1	1	1	1	1	1	1	1	1	1	1	1	1	1	1	1	1	1	1	1	1	1	1	1	1	0.999	1	1	1	1	1	1	1	1	1	0.999	1	1	0.999	0.998	1	0.998	0.999	0.997	0.996	0.997	0.998	0.994	0.997	0.995	0.99	0.989	0.982	0.987	0.975	0.98	0.974	0.964	0.959	0.945	0.946	0.947	0.935	0.897	0.893	0.888	
0.955	0.952	0.956	0.945	0.933	0.938	0.924	0.915	0.909	0.897	0.912	0.886	0.898	0.886	0.88	0.872	0.85	0.857	0.838	0.843	0.823	0.786	0.808	0.776	0.771	0.747	0.759	0.76	0.759	0.712	0.705	0.728	0.714	0.686	0.677	0.685	0.654	0.606	0.657	0.632	0.56	0.607	0.571	0.554	0.549	0.505	0.522	0.458	0.46	0.438	0.406	0.415	0.412	0.385	0.365	0.336	0.32	0.297	0.302	0.27	0.223	0.212	0.229	0.195	0.176	0.192	0.153	0.122	0.106	0.123	0.095	0.094	0.07	0.072	0.069	0.052	0.038	0.037	0.035	0.029	0.021	0.014	0.013	0.008	0.011	0.006	0.008	0.001	0.003	0.001	0.002	0.006	0.001	0	0	0.001	0	0.001	0	0	
1	1	1	1	1	1	1	1	1	1	1	1	1	1	1	1	1	1	1	1	1	1	1	1	1	1	1	1	1	1	1	1	1	1	1	1	1	1	1	1	1	1	1	1	1	1	1	1	1	1	1	1	1	1	1	1	1	1	1	1	1	1	1	1	1	1	1	1	1	1	1	1	1	1	1	1	1	1	1	1	1	0.997	0.999	1	1	0.999	1	0.996	0.997	0.996	0.995	0.997	0.991	0.988	0.989	0.985	0.979	0.963	0.969	0.967	
1	1	1	1	1	1	1	1	1	1	1	1	1	1	1	1	1	1	1	1	1	1	1	1	1	1	1	1	1	1	1	1	1	1	1	1	1	1	1	1	1	0.998	1	1	1	1	0.999	1	0.998	0.999	1	1	1	0.999	1	0.999	0.999	0.999	1	0.998	1	0.999	0.999	1	1	0.997	0.999	0.998	0.998	0.995	0.997	0.999	0.998	0.997	0.997	0.997	0.996	0.996	0.996	0.995	0.998	0.993	0.996	0.996	0.997	0.995	0.987	0.989	0.988	0.982	0.97	0.975	0.973	0.949	0.941	0.913	0.884	0.852	0.825	0.772	
1	1	1	1	1	1	1	1	1	1	1	1	1	1	1	1	1	1	1	1	0.999	1	1	1	0.999	0.998	1	0.999	0.999	1	1	0.999	1	0.996	0.999	0.996	0.997	0.998	0.996	0.994	0.994	0.993	0.99	0.985	0.983	0.979	0.981	0.973	0.975	0.965	0.952	0.951	0.942	0.943	0.941	0.911	0.915	0.877	0.857	0.859	0.833	0.812	0.837	0.8	0.746	0.711	0.676	0.656	0.639	0.596	0.56	0.518	0.474	0.448	0.396	0.363	0.332	0.288	0.246	0.269	0.218	0.175	0.151	0.11	0.097	0.077	0.05	0.041	0.033	0.021	0.014	0.005	0.006	0.007	0.005	0	0.002	0.002	0	0	
0.84	0.857	0.844	0.825	0.849	0.799	0.788	0.788	0.767	0.78	0.757	0.733	0.72	0.73	0.709	0.694	0.686	0.699	0.658	0.633	0.64	0.608	0.625	0.616	0.569	0.619	0.569	0.561	0.543	0.495	0.542	0.478	0.46	0.483	0.455	0.452	0.457	0.42	0.401	0.368	0.388	0.381	0.374	0.348	0.332	0.326	0.327	0.308	0.286	0.28	0.257	0.263	0.243	0.245	0.212	0.2	0.183	0.201	0.165	0.184	0.174	0.16	0.13	0.097	0.099	0.12	0.108	0.084	0.09	0.08	0.059	0.058	0.046	0.043	0.047	0.041	0.035	0.023	0.019	0.018	0.02	0.015	0.023	0.014	0.012	0.004	0.009	0.006	0.006	0.002	0.005	0.002	0.003	0.001	0.001	0.001	0.001	0	0	0	
0.003	0.005	0.007	0.006	0.003	0.003	0.008	0.002	0.005	0.002	0.002	0.003	0.002	0.002	0.003	0.001	0.001	0.003	0.002	0.003	0.001	0	0.001	0.001	0.003	0	0.003	0.001	0.001	0	0.001	0.001	0	0	0	0	0.001	0.002	0	0.001	0	0.001	0.003	0	0	0	0	0	0	0.001	0.001	0.002	0.001	0	0.002	0.001	0.005	0.003	0.002	0	0.001	0.003	0.002	0.001	0.002	0.004	0.002	0	0.003	0.002	0.001	0.003	0.001	0.004	0.004	0.004	0.004	0.003	0.008	0.003	0.002	0.008	0.006	0.006	0.009	0.002	0.009	0.006	0.006	0.005	0.012	0.013	0.009	0.004	0.01	0.007	0.004	0.008	0.003	0.004	
1	1	1	1	1	1	1	1	1	1	1	1	1	1	1	1	1	1	1	1	1	1	1	1	1	1	1	1	1	1	1	1	1	1	1	1	1	1	1	1	1	1	1	1	1	1	1	1	1	1	1	1	1	1	1	1	1	1	1	1	1	1	1	1	1	1	1	1	1	1	1	1	1	1	1	1	1	1	1	1	1	1	1	0.999	1	1	1	1	1	0.999	1	0.998	1	0.998	0.999	0.998	0.998	0.995	0.994	0.998	
1	1	1	1	1	1	1	1	1	1	1	1	1	1	1	1	1	1	1	1	1	1	1	1	1	1	1	1	1	1	1	1	1	1	1	1	1	1	1	1	1	1	1	1	1	1	1	1	1	1	1	1	1	1	1	1	1	1	1	1	1	1	1	1	1	1	1	1	1	1	1	1	1	1	1	1	1	1	1	1	1	1	1	1	1	1	1	1	1	1	1	1	1	1	1	1	1	1	1	1	
0.939	0.926	0.929	0.931	0.915	0.9	0.899	0.907	0.879	0.881	0.876	0.883	0.861	0.849	0.814	0.821	0.829	0.82	0.805	0.769	0.774	0.796	0.769	0.777	0.759	0.739	0.755	0.754	0.717	0.735	0.729	0.682	0.687	0.677	0.702	0.654	0.684	0.67	0.635	0.635	0.639	0.634	0.632	0.619	0.622	0.643	0.638	0.622	0.589	0.593	0.579	0.599	0.581	0.587	0.591	0.572	0.562	0.552	0.576	0.6	0.581	0.591	0.559	0.548	0.563	0.56	0.609	0.56	0.602	0.596	0.596	0.626	0.627	0.63	0.617	0.662	0.642	0.699	0.706	0.712	0.703	0.722	0.749	0.795	0.781	0.777	0.788	0.812	0.841	0.826	0.855	0.813	0.777	0.778	0.763	0.738	0.724	0.702	0.645	0.607	
0.007	0.008	0.006	0.01	0.012	0.003	0.007	0.004	0.002	0.002	0	0	0.002	0	0.001	0.002	0.001	0.002	0.002	0	0	0	0.001	0	0	0	0.001	0	0	0.001	0	0	0	0	0	0	0	0	0	0	0	0	0	0.001	0	0	0	0	0	0	0	0	0	0	0	0	0	0	0	0	0	0	0	0	0	0	0	0	0	0	0	0	0	0	0	0	0	0	0	0	0	0	0	0	0	0	0	0	0	0	0	0	0	0	0	0	0	0	0	0	
0	0	0	0	0	0	0	0	0	0	0	0	0	0	0	0	0	0	0	0	0	0	0	0	0	0	0	0	0	0	0	0	0	0	0	0	0	0	0	0	0	0	0	0	0	0	0	0	0	0	0	0	0	0	0	0	0	0	0	0	0	0	0	0	0	0	0	0	0	0	0	0	0	0	0	0	0	0	0	0	0	0	0	0	0	0	0	0.003	0	0.001	0.002	0.004	0	0.002	0.001	0.001	0.004	0.001	0.001	0.002	
1	1	1	1	1	1	1	1	1	1	1	1	1	1	1	1	1	1	1	1	1	1	1	1	1	1	1	1	1	1	1	1	1	1	1	1	1	1	1	1	1	1	1	1	1	1	1	1	1	1	1	1	1	1	1	1	1	1	1	1	1	1	1	1	1	1	1	1	0.999	1	1	1	0.999	1	0.998	0.998	1	0.998	1	0.996	0.997	0.998	0.999	0.998	0.996	0.997	0.996	0.994	0.99	0.996	0.991	0.992	0.985	0.995	0.99	0.99	0.986	0.987	0.986	0.977	
1	1	1	1	1	1	1	1	1	1	1	1	1	1	1	1	1	1	1	1	1	1	1	1	1	1	1	1	1	1	1	1	1	1	1	1	1	1	1	1	1	1	1	1	1	1	1	1	1	1	1	1	1	1	1	1	1	1	1	1	1	1	1	1	1	1	1	1	1	1	1	1	1	1	1	0.999	1	1	1	1	0.999	0.998	0.997	0.996	0.996	0.997	0.997	0.992	0.997	0.986	0.99	0.987	0.983	0.971	0.977	0.966	0.968	0.948	0.951	0.928	
0.935	0.915	0.938	0.906	0.931	0.903	0.904	0.905	0.892	0.907	0.892	0.891	0.892	0.89	0.874	0.872	0.872	0.875	0.878	0.857	0.842	0.834	0.853	0.859	0.828	0.823	0.812	0.816	0.84	0.851	0.814	0.804	0.823	0.789	0.807	0.784	0.793	0.749	0.787	0.764	0.767	0.739	0.766	0.77	0.748	0.745	0.737	0.756	0.756	0.764	0.765	0.751	0.738	0.737	0.734	0.745	0.721	0.713	0.734	0.72	0.701	0.689	0.707	0.706	0.699	0.694	0.715	0.693	0.693	0.652	0.668	0.653	0.666	0.682	0.644	0.635	0.618	0.617	0.633	0.613	0.6	0.583	0.595	0.569	0.549	0.521	0.531	0.518	0.521	0.496	0.51	0.492	0.47	0.485	0.461	0.428	0.424	0.461	0.424	0.423	
0.839	0.833	0.848	0.84	0.839	0.841	0.83	0.861	0.856	0.873	0.854	0.862	0.862	0.849	0.846	0.855	0.863	0.875	0.866	0.871	0.859	0.865	0.875	0.885	0.89	0.882	0.884	0.889	0.862	0.892	0.878	0.891	0.888	0.904	0.879	0.894	0.887	0.884	0.877	0.867	0.88	0.885	0.862	0.881	0.87	0.862	0.869	0.849	0.859	0.866	0.848	0.83	0.835	0.82	0.809	0.787	0.791	0.779	0.795	0.773	0.79	0.78	0.736	0.737	0.713	0.726	0.683	0.66	0.651	0.609	0.633	0.584	0.592	0.556	0.541	0.544	0.512	0.505	0.458	0.456	0.403	0.411	0.354	0.335	0.31	0.288	0.267	0.257	0.229	0.185	0.192	0.131	0.155	0.12	0.093	0.072	0.064	0.053	0.054	0.039	
1	1	1	1	1	1	1	1	1	1	1	1	1	1	1	1	1	1	1	1	1	1	1	1	1	1	1	1	1	1	1	1	1	1	1	1	1	1	1	1	1	1	1	1	1	1	1	1	1	1	1	1	1	1	1	1	1	1	1	1	1	1	1	0.999	1	1	1	0.999	0.998	0.998	0.998	0.996	0.998	0.991	0.993	0.991	0.989	0.984	0.989	0.976	0.97	0.97	0.954	0.959	0.943	0.927	0.915	0.922	0.893	0.883	0.84	0.838	0.791	0.778	0.77	0.719	0.706	0.669	0.627	0.549	
0.236	0.207	0.2	0.183	0.197	0.156	0.149	0.164	0.153	0.146	0.142	0.143	0.133	0.107	0.121	0.116	0.091	0.09	0.094	0.095	0.084	0.1	0.085	0.087	0.082	0.066	0.065	0.064	0.065	0.059	0.056	0.044	0.048	0.051	0.048	0.042	0.041	0.032	0.042	0.034	0.032	0.03	0.025	0.026	0.025	0.026	0.02	0.015	0.02	0.02	0.019	0.012	0.011	0.012	0.008	0.006	0.014	0.01	0.008	0.01	0.005	0.006	0.009	0.005	0.007	0.005	0.005	0.004	0.002	0.002	0.002	0.001	0.002	0	0	0.001	0	0	0.001	0.001	0	0	0	0	0	0	0	0	0	0	0	0	0	0	0	0	0	0	0	0	
1	1	1	1	1	1	1	1	1	1	1	1	1	1	1	1	1	1	1	1	1	1	1	1	1	1	1	1	1	1	1	1	1	1	1	1	1	1	1	1	1	1	1	1	1	1	1	1	1	1	1	1	1	1	1	1	1	1	1	1	1	1	1	1	1	1	1	1	1	1	1	1	0.999	1	1	1	1	1	1	1	1	1	0.999	0.999	0.999	0.997	0.997	1	0.998	0.995	0.994	0.995	0.99	0.989	0.99	0.986	0.976	0.96	0.958	0.947	
1	1	1	1	1	1	1	0.999	1	1	0.998	1	1	0.999	1	0.999	1	1	0.999	1	1	1	0.999	0.996	0.999	0.993	0.998	0.989	0.995	0.991	0.991	0.987	0.989	0.991	0.985	0.982	0.985	0.982	0.973	0.978	0.97	0.971	0.961	0.953	0.95	0.951	0.946	0.942	0.948	0.929	0.917	0.929	0.906	0.902	0.902	0.906	0.887	0.859	0.857	0.847	0.862	0.845	0.824	0.808	0.805	0.789	0.769	0.775	0.748	0.725	0.721	0.675	0.664	0.639	0.647	0.613	0.606	0.573	0.568	0.524	0.529	0.493	0.45	0.435	0.409	0.39	0.366	0.331	0.298	0.279	0.245	0.206	0.197	0.176	0.147	0.136	0.11	0.089	0.075	0.064	
0.551	0.572	0.546	0.528	0.512	0.508	0.508	0.516	0.477	0.488	0.462	0.456	0.443	0.443	0.41	0.405	0.411	0.409	0.396	0.391	0.35	0.377	0.377	0.379	0.352	0.345	0.352	0.366	0.354	0.332	0.314	0.317	0.32	0.307	0.329	0.31	0.304	0.297	0.29	0.296	0.302	0.3	0.279	0.281	0.288	0.279	0.265	0.282	0.279	0.267	0.275	0.262	0.244	0.238	0.241	0.264	0.238	0.217	0.224	0.221	0.249	0.236	0.212	0.212	0.209	0.204	0.203	0.184	0.177	0.168	0.198	0.166	0.167	0.175	0.157	0.162	0.157	0.148	0.124	0.12	0.118	0.093	0.095	0.085	0.071	0.066	0.054	0.051	0.048	0.042	0.04	0.022	0.025	0.012	0.017	0.013	0.01	0.006	0.004	0.003	
0.078	0.09	0.085	0.089	0.112	0.088	0.101	0.094	0.105	0.084	0.096	0.084	0.088	0.096	0.087	0.066	0.075	0.071	0.072	0.075	0.076	0.085	0.082	0.079	0.07	0.072	0.076	0.073	0.087	0.071	0.075	0.077	0.069	0.048	0.062	0.053	0.072	0.062	0.061	0.056	0.062	0.064	0.066	0.056	0.051	0.06	0.049	0.043	0.042	0.049	0.065	0.06	0.056	0.05	0.066	0.062	0.057	0.045	0.051	0.056	0.038	0.058	0.039	0.042	0.04	0.048	0.044	0.043	0.055	0.041	0.044	0.036	0.044	0.033	0.042	0.04	0.037	0.029	0.026	0.041	0.039	0.023	0.018	0.029	0.027	0.024	0.026	0.021	0.026	0.016	0.021	0.011	0.008	0.018	0.018	0.014	0.015	0.017	0.012	0.008	
0.996	0.996	0.997	0.991	0.99	0.99	0.995	0.994	0.979	0.985	0.984	0.987	0.991	0.98	0.987	0.984	0.987	0.985	0.968	0.982	0.981	0.977	0.98	0.979	0.98	0.972	0.987	0.968	0.962	0.972	0.968	0.957	0.966	0.959	0.952	0.957	0.955	0.959	0.961	0.949	0.956	0.947	0.953	0.945	0.943	0.943	0.943	0.932	0.932	0.92	0.931	0.92	0.92	0.892	0.911	0.901	0.891	0.892	0.892	0.863	0.859	0.874	0.87	0.857	0.832	0.845	0.833	0.819	0.798	0.796	0.776	0.754	0.763	0.716	0.732	0.687	0.686	0.664	0.636	0.607	0.585	0.616	0.532	0.515	0.49	0.458	0.429	0.384	0.369	0.351	0.313	0.262	0.247	0.206	0.212	0.15	0.137	0.123	0.103	0.095	
1	1	1	1	1	1	1	1	1	1	1	1	1	1	1	1	1	1	1	0.999	1	1	1	1	1	1	0.999	1	1	1	0.999	1	1	0.999	1	1	1	0.998	0.997	0.997	0.999	0.995	0.993	0.995	0.99	0.992	0.987	0.99	0.995	0.985	0.989	0.984	0.985	0.981	0.983	0.975	0.979	0.972	0.971	0.981	0.976	0.98	0.97	0.97	0.968	0.958	0.968	0.956	0.958	0.953	0.972	0.963	0.959	0.959	0.952	0.953	0.955	0.957	0.959	0.951	0.958	0.937	0.952	0.957	0.956	0.952	0.943	0.952	0.95	0.95	0.957	0.928	0.94	0.933	0.944	0.904	0.916	0.883	0.887	0.876	
1	1	1	1	1	1	1	1	1	1	1	1	1	1	1	1	1	1	1	1	1	1	1	1	1	1	1	1	1	1	1	1	1	1	1	1	1	1	1	0.999	1	0.999	1	1	1	1	1	0.999	1	1	1	1	0.999	0.999	0.999	0.999	0.998	0.998	0.999	1	0.998	0.996	1	0.999	0.996	0.999	0.995	0.997	0.991	0.997	0.997	0.997	0.997	0.991	0.996	0.994	0.989	0.99	0.997	0.993	0.991	0.99	0.995	0.99	0.991	0.987	0.977	0.989	0.981	0.979	0.977	0.974	0.966	0.975	0.955	0.947	0.93	0.914	0.889	0.862	
0	0	0	0	0	0	0	0	0	0	0	0	0	0	0	0	0	0	0	0	0	0	0	0	0	0	0	0	0	0	0	0	0	0	0	0	0	0	0	0	0	0	0	0	0	0	0	0	0	0	0	0	0	0	0	0	0	0	0	0	0	0	0	0	0	0	0	0	0	0	0	0	0	0	0	0	0	0	0	0	0	0	0	0	0	0	0	0	0	0	0	0	0	0	0	0	0	0	0	0	
0.418	0.381	0.359	0.349	0.324	0.36	0.291	0.269	0.281	0.268	0.263	0.249	0.227	0.257	0.216	0.22	0.214	0.184	0.201	0.166	0.148	0.155	0.141	0.13	0.126	0.144	0.123	0.125	0.128	0.119	0.117	0.106	0.116	0.107	0.093	0.089	0.101	0.094	0.085	0.108	0.071	0.099	0.096	0.081	0.087	0.073	0.076	0.074	0.101	0.085	0.084	0.069	0.085	0.081	0.079	0.079	0.085	0.081	0.075	0.079	0.071	0.079	0.071	0.075	0.078	0.078	0.075	0.052	0.078	0.088	0.08	0.071	0.09	0.081	0.079	0.091	0.074	0.091	0.097	0.086	0.109	0.09	0.094	0.091	0.091	0.093	0.092	0.067	0.076	0.067	0.059	0.054	0.052	0.033	0.041	0.041	0.027	0.018	0.021	0.012	
0.692	0.698	0.712	0.663	0.66	0.645	0.644	0.652	0.635	0.577	0.573	0.571	0.551	0.539	0.526	0.519	0.519	0.492	0.481	0.484	0.467	0.464	0.437	0.443	0.414	0.402	0.416	0.36	0.361	0.379	0.343	0.344	0.303	0.293	0.311	0.291	0.282	0.276	0.239	0.224	0.229	0.209	0.227	0.176	0.202	0.171	0.186	0.172	0.133	0.156	0.142	0.144	0.116	0.113	0.104	0.119	0.105	0.098	0.085	0.092	0.089	0.075	0.068	0.066	0.068	0.084	0.051	0.047	0.06	0.04	0.053	0.042	0.049	0.036	0.037	0.038	0.029	0.024	0.023	0.024	0.01	0.015	0.019	0.019	0.008	0.007	0.009	0.012	0.006	0.007	0.011	0.007	0.003	0.005	0.007	0.006	0.002	0.003	0	0.003	
1	1	1	1	1	1	1	1	1	1	1	1	1	1	1	1	1	1	1	1	1	1	1	1	1	1	1	1	1	1	1	1	1	1	1	1	1	1	1	1	1	1	1	1	1	1	1	1	1	1	1	1	1	1	1	1	1	1	1	1	1	1	0.999	0.999	0.999	1	0.997	0.999	1	1	0.996	0.994	0.995	0.989	0.987	0.982	0.979	0.979	0.966	0.953	0.96	0.94	0.924	0.905	0.904	0.862	0.855	0.81	0.784	0.749	0.709	0.656	0.595	0.588	0.544	0.476	0.441	0.403	0.348	0.29	
1	1	1	1	1	1	1	0.999	1	1	1	1	1	0.998	0.997	1	0.998	0.999	0.998	0.998	0.991	0.996	0.99	0.991	0.977	0.975	0.979	0.966	0.964	0.927	0.929	0.917	0.916	0.876	0.86	0.841	0.823	0.812	0.76	0.732	0.753	0.723	0.673	0.663	0.611	0.584	0.539	0.516	0.459	0.457	0.436	0.36	0.382	0.346	0.325	0.288	0.301	0.234	0.254	0.21	0.206	0.181	0.166	0.159	0.127	0.129	0.106	0.12	0.086	0.086	0.075	0.082	0.059	0.048	0.05	0.045	0.04	0.024	0.029	0.025	0.023	0.019	0.015	0.011	0.012	0.013	0.007	0.005	0.006	0.006	0.006	0.003	0.004	0.003	0	0.003	0.001	0	0	0	
0.359	0.341	0.298	0.278	0.314	0.304	0.306	0.3	0.282	0.274	0.289	0.277	0.267	0.247	0.244	0.249	0.234	0.252	0.249	0.218	0.238	0.223	0.225	0.229	0.203	0.231	0.182	0.233	0.199	0.192	0.19	0.199	0.19	0.15	0.169	0.154	0.174	0.171	0.131	0.171	0.164	0.141	0.152	0.149	0.134	0.159	0.12	0.137	0.132	0.128	0.127	0.132	0.112	0.112	0.102	0.108	0.072	0.103	0.087	0.09	0.107	0.086	0.062	0.071	0.057	0.064	0.062	0.052	0.063	0.048	0.052	0.047	0.037	0.029	0.034	0.028	0.03	0.029	0.029	0.019	0.017	0.015	0.011	0.007	0.009	0.006	0.007	0.004	0.006	0.001	0.002	0	0	0.002	0	0.001	0	0	0.001	0.001	
0.934	0.922	0.919	0.915	0.928	0.906	0.912	0.886	0.889	0.879	0.859	0.874	0.854	0.879	0.849	0.84	0.854	0.838	0.82	0.817	0.782	0.775	0.786	0.77	0.775	0.771	0.768	0.742	0.734	0.731	0.748	0.703	0.701	0.682	0.662	0.689	0.7	0.667	0.626	0.641	0.648	0.669	0.614	0.63	0.62	0.62	0.609	0.576	0.564	0.592	0.579	0.567	0.539	0.545	0.534	0.522	0.526	0.522	0.506	0.491	0.478	0.498	0.499	0.45	0.464	0.425	0.41	0.421	0.401	0.372	0.418	0.395	0.35	0.356	0.345	0.326	0.303	0.29	0.287	0.297	0.269	0.23	0.234	0.214	0.21	0.188	0.192	0.169	0.163	0.163	0.128	0.127	0.099	0.101	0.081	0.074	0.06	0.054	0.045	0.036	
1	0.998	1	0.996	0.998	1	0.99	0.995	0.992	0.995	0.991	0.993	0.984	0.984	0.976	0.981	0.975	0.974	0.966	0.963	0.949	0.945	0.931	0.928	0.926	0.921	0.905	0.912	0.894	0.868	0.849	0.833	0.834	0.803	0.784	0.786	0.756	0.733	0.71	0.711	0.694	0.667	0.623	0.625	0.604	0.594	0.536	0.541	0.531	0.505	0.474	0.429	0.428	0.423	0.403	0.386	0.382	0.34	0.333	0.34	0.319	0.286	0.251	0.286	0.269	0.242	0.196	0.209	0.204	0.219	0.181	0.185	0.163	0.143	0.164	0.174	0.142	0.15	0.117	0.128	0.098	0.101	0.092	0.1	0.089	0.088	0.076	0.068	0.071	0.069	0.06	0.051	0.048	0.039	0.041	0.053	0.034	0.027	0.021	0.02	
0.616	0.617	0.598	0.584	0.544	0.537	0.532	0.489	0.468	0.447	0.453	0.408	0.396	0.384	0.395	0.392	0.346	0.303	0.304	0.292	0.274	0.28	0.287	0.234	0.247	0.217	0.217	0.177	0.194	0.175	0.183	0.144	0.153	0.144	0.136	0.141	0.13	0.127	0.13	0.102	0.112	0.107	0.082	0.098	0.089	0.084	0.094	0.08	0.09	0.07	0.076	0.062	0.047	0.068	0.062	0.059	0.052	0.048	0.037	0.051	0.04	0.031	0.042	0.04	0.036	0.035	0.029	0.041	0.044	0.035	0.036	0.036	0.042	0.028	0.041	0.037	0.034	0.04	0.033	0.033	0.032	0.031	0.048	0.042	0.032	0.042	0.051	0.038	0.049	0.055	0.037	0.054	0.042	0.056	0.052	0.061	0.07	0.063	0.062	0.066	
0.971	0.963	0.96	0.96	0.956	0.941	0.947	0.942	0.954	0.928	0.937	0.91	0.921	0.924	0.903	0.899	0.887	0.891	0.889	0.873	0.869	0.879	0.872	0.862	0.848	0.876	0.85	0.849	0.832	0.847	0.808	0.813	0.795	0.804	0.808	0.798	0.796	0.78	0.781	0.777	0.805	0.765	0.761	0.774	0.757	0.764	0.757	0.758	0.762	0.758	0.719	0.738	0.738	0.721	0.735	0.724	0.707	0.72	0.737	0.723	0.684	0.709	0.695	0.706	0.694	0.652	0.614	0.661	0.655	0.599	0.608	0.625	0.602	0.602	0.585	0.587	0.576	0.567	0.599	0.543	0.564	0.515	0.544	0.49	0.51	0.464	0.43	0.459	0.413	0.431	0.418	0.4	0.362	0.356	0.374	0.331	0.318	0.296	0.271	0.269	
0.875	0.871	0.876	0.857	0.865	0.861	0.863	0.846	0.832	0.836	0.82	0.827	0.811	0.819	0.817	0.813	0.788	0.774	0.796	0.791	0.79	0.766	0.788	0.786	0.784	0.789	0.766	0.773	0.769	0.769	0.749	0.747	0.765	0.774	0.764	0.749	0.771	0.745	0.772	0.772	0.737	0.747	0.757	0.736	0.739	0.74	0.738	0.739	0.747	0.739	0.732	0.723	0.712	0.72	0.712	0.741	0.678	0.705	0.681	0.69	0.666	0.672	0.643	0.617	0.599	0.593	0.569	0.543	0.534	0.495	0.473	0.436	0.429	0.375	0.376	0.332	0.288	0.265	0.236	0.209	0.174	0.167	0.117	0.08	0.074	0.05	0.041	0.038	0.029	0.01	0.015	0.007	0.004	0.003	0.002	0.001	0	0.001	0	0	
0.002	0.001	0.003	0.002	0.001	0.001	0	0.001	0	0	0	0.002	0.001	0.001	0.001	0	0.001	0.001	0	0	0.001	0	0	0	0	0.001	0	0.001	0	0	0	0	0	0	0	0	0	0	0	0	0	0	0	0	0	0	0	0	0	0	0	0	0	0	0	0	0	0	0	0	0	0	0	0	0	0	0	0	0	0	0	0	0	0	0	0	0	0	0	0	0	0	0	0	0	0	0	0	0	0	0	0	0	0	0	0	0	0	0	0	
0.998	0.996	0.995	0.997	0.997	0.996	0.996	0.994	0.996	0.995	0.996	0.991	0.99	0.982	0.986	0.981	0.988	0.983	0.983	0.981	0.985	0.98	0.987	0.98	0.978	0.982	0.974	0.977	0.974	0.975	0.964	0.97	0.968	0.966	0.969	0.979	0.966	0.971	0.971	0.958	0.968	0.97	0.977	0.971	0.961	0.962	0.976	0.952	0.967	0.977	0.969	0.969	0.966	0.97	0.974	0.965	0.977	0.977	0.972	0.971	0.984	0.978	0.974	0.977	0.981	0.987	0.981	0.977	0.978	0.981	0.98	0.986	0.979	0.979	0.987	0.986	0.98	0.983	0.985	0.976	0.98	0.985	0.978	0.979	0.977	0.981	0.967	0.976	0.968	0.966	0.96	0.958	0.943	0.944	0.933	0.936	0.922	0.907	0.879	0.892	
1	1	1	1	1	1	1	1	1	1	1	1	1	1	1	1	1	1	1	1	1	1	1	1	1	1	1	1	1	1	1	1	1	1	1	1	1	1	1	1	1	0.999	1	1	1	0.998	1	1	0.999	0.999	1	0.999	0.998	0.998	0.998	0.998	0.996	0.998	0.997	0.997	0.997	0.994	0.997	0.988	0.992	0.994	0.994	0.991	0.993	0.988	0.984	0.986	0.984	0.98	0.983	0.983	0.977	0.984	0.982	0.966	0.973	0.966	0.965	0.959	0.954	0.952	0.942	0.943	0.926	0.903	0.881	0.873	0.863	0.858	0.807	0.784	0.753	0.74	0.68	0.639	
1	0.999	1	1	1	1	1	1	1	1	1	1	1	1	1	0.999	1	0.999	1	1	0.999	0.999	0.998	0.995	0.998	0.998	0.995	0.997	0.996	0.995	0.995	0.99	0.992	0.991	0.988	0.992	0.991	0.991	0.983	0.98	0.977	0.969	0.969	0.958	0.958	0.962	0.945	0.952	0.936	0.91	0.929	0.917	0.909	0.895	0.873	0.878	0.864	0.841	0.855	0.832	0.788	0.789	0.8	0.788	0.788	0.761	0.722	0.726	0.743	0.706	0.696	0.702	0.683	0.642	0.654	0.655	0.639	0.598	0.601	0.573	0.59	0.588	0.574	0.562	0.542	0.535	0.54	0.514	0.491	0.491	0.49	0.466	0.457	0.437	0.416	0.402	0.369	0.369	0.314	0.289	
0.455	0.476	0.436	0.456	0.443	0.438	0.415	0.435	0.391	0.392	0.372	0.39	0.363	0.358	0.331	0.295	0.336	0.308	0.276	0.282	0.269	0.261	0.274	0.24	0.246	0.242	0.224	0.23	0.217	0.199	0.186	0.154	0.174	0.138	0.156	0.135	0.156	0.138	0.143	0.124	0.114	0.104	0.123	0.088	0.099	0.085	0.106	0.09	0.075	0.065	0.073	0.067	0.058	0.061	0.067	0.052	0.055	0.042	0.039	0.044	0.032	0.036	0.03	0.028	0.033	0.04	0.027	0.027	0.031	0.031	0.02	0.022	0.016	0.014	0.016	0.028	0.015	0.016	0.012	0.01	0.017	0.011	0.011	0.009	0.009	0.007	0.009	0.007	0.009	0.004	0.012	0.004	0.011	0.006	0.002	0.004	0.001	0.002	0.002	0	
0.947	0.921	0.933	0.92	0.899	0.912	0.885	0.866	0.843	0.82	0.822	0.816	0.817	0.756	0.751	0.74	0.744	0.711	0.698	0.664	0.647	0.631	0.58	0.608	0.559	0.549	0.522	0.495	0.486	0.471	0.448	0.409	0.39	0.396	0.354	0.325	0.314	0.285	0.302	0.271	0.263	0.234	0.222	0.176	0.166	0.167	0.149	0.138	0.117	0.131	0.115	0.098	0.105	0.083	0.061	0.066	0.065	0.047	0.053	0.05	0.029	0.034	0.033	0.035	0.019	0.019	0.016	0.008	0.013	0.01	0.012	0.011	0.007	0.007	0.006	0.005	0.003	0.006	0.004	0.007	0.002	0.004	0.005	0.005	0.002	0.002	0.003	0.005	0.002	0.001	0.004	0	0.002	0.002	0.001	0.001	0	0	0	0	
0.847	0.85	0.857	0.834	0.822	0.818	0.795	0.781	0.765	0.75	0.735	0.724	0.715	0.695	0.681	0.656	0.658	0.641	0.605	0.618	0.615	0.58	0.581	0.56	0.539	0.529	0.516	0.52	0.497	0.488	0.494	0.455	0.451	0.434	0.427	0.414	0.371	0.413	0.39	0.382	0.374	0.374	0.377	0.344	0.329	0.309	0.315	0.314	0.312	0.309	0.286	0.264	0.267	0.263	0.258	0.225	0.247	0.247	0.228	0.211	0.205	0.185	0.182	0.177	0.179	0.158	0.163	0.152	0.141	0.121	0.133	0.115	0.105	0.094	0.101	0.073	0.077	0.056	0.063	0.07	0.047	0.043	0.033	0.049	0.036	0.03	0.023	0.023	0.016	0.016	0.006	0.012	0.008	0.002	0.002	0.001	0.007	0.002	0.001	0.001	
0.871	0.845	0.792	0.828	0.781	0.785	0.746	0.718	0.701	0.638	0.634	0.57	0.603	0.579	0.522	0.498	0.484	0.47	0.443	0.432	0.394	0.387	0.374	0.333	0.339	0.285	0.279	0.266	0.226	0.209	0.2	0.199	0.177	0.162	0.147	0.144	0.103	0.107	0.098	0.077	0.093	0.08	0.072	0.058	0.044	0.055	0.038	0.033	0.024	0.027	0.026	0.019	0.017	0.013	0.018	0.013	0.013	0.013	0.004	0.004	0.009	0.005	0.007	0.004	0.004	0.006	0.001	0.004	0.004	0.001	0.001	0.004	0.001	0	0	0.001	0.001	0.001	0	0.001	0	0.001	0	0	0	0	0	0	0	0	0	0	0	0	0	0	0	0	0	0	
0.686	0.685	0.65	0.661	0.635	0.638	0.629	0.631	0.624	0.597	0.557	0.59	0.575	0.558	0.571	0.572	0.548	0.538	0.546	0.518	0.553	0.506	0.535	0.51	0.513	0.51	0.515	0.5	0.502	0.495	0.487	0.47	0.437	0.469	0.458	0.473	0.446	0.451	0.452	0.426	0.423	0.397	0.36	0.386	0.4	0.385	0.346	0.371	0.369	0.352	0.346	0.332	0.286	0.294	0.283	0.287	0.291	0.292	0.297	0.277	0.259	0.254	0.239	0.251	0.222	0.211	0.232	0.223	0.207	0.217	0.177	0.161	0.176	0.192	0.164	0.154	0.163	0.15	0.139	0.134	0.124	0.103	0.131	0.106	0.096	0.087	0.089	0.075	0.048	0.068	0.055	0.047	0.03	0.039	0.024	0.013	0.023	0.017	0.013	0.007	
0.925	0.92	0.903	0.895	0.875	0.869	0.876	0.845	0.849	0.823	0.801	0.79	0.775	0.752	0.766	0.734	0.733	0.69	0.664	0.638	0.61	0.634	0.628	0.593	0.556	0.568	0.531	0.504	0.515	0.493	0.472	0.486	0.427	0.428	0.415	0.393	0.359	0.347	0.35	0.357	0.336	0.322	0.304	0.292	0.272	0.26	0.257	0.227	0.221	0.198	0.213	0.191	0.167	0.171	0.172	0.144	0.136	0.136	0.142	0.133	0.129	0.117	0.12	0.099	0.104	0.093	0.079	0.076	0.079	0.073	0.065	0.054	0.04	0.057	0.053	0.027	0.044	0.049	0.031	0.031	0.028	0.018	0.034	0.019	0.021	0.021	0.008	0.019	0.007	0.012	0.01	0.008	0.004	0.002	0.002	0.003	0.004	0.003	0.003	0.002	
0.305	0.287	0.278	0.289	0.26	0.291	0.268	0.27	0.242	0.259	0.282	0.244	0.241	0.251	0.245	0.285	0.252	0.238	0.243	0.216	0.239	0.214	0.224	0.207	0.214	0.241	0.22	0.228	0.214	0.225	0.189	0.205	0.202	0.224	0.211	0.188	0.197	0.175	0.185	0.171	0.182	0.17	0.157	0.131	0.151	0.15	0.159	0.126	0.122	0.148	0.121	0.119	0.115	0.115	0.116	0.098	0.097	0.108	0.09	0.1	0.081	0.078	0.075	0.079	0.077	0.072	0.068	0.059	0.052	0.045	0.038	0.038	0.036	0.033	0.022	0.028	0.025	0.017	0.022	0.012	0.009	0.011	0.007	0.007	0.015	0.002	0.002	0.003	0.002	0.001	0.002	0.001	0.001	0.001	0	0	0.001	0	0	0	
1	1	1	1	1	1	1	1	1	1	1	1	1	1	1	1	1	1	1	1	1	1	1	1	1	0.999	0.999	1	1	0.997	0.997	1	0.995	0.996	0.998	0.997	0.997	0.997	0.992	0.99	0.989	0.993	0.994	0.99	0.987	0.987	0.977	0.984	0.981	0.982	0.974	0.986	0.973	0.972	0.952	0.966	0.966	0.957	0.945	0.933	0.921	0.925	0.931	0.928	0.893	0.892	0.891	0.881	0.88	0.855	0.834	0.832	0.831	0.817	0.78	0.756	0.739	0.743	0.731	0.717	0.697	0.661	0.683	0.674	0.647	0.618	0.578	0.558	0.545	0.547	0.54	0.506	0.52	0.459	0.499	0.459	0.428	0.415	0.413	0.391	
0.27	0.235	0.213	0.198	0.175	0.162	0.17	0.133	0.137	0.099	0.091	0.068	0.069	0.07	0.039	0.038	0.035	0.042	0.038	0.032	0.028	0.029	0.018	0.014	0.011	0.009	0.008	0.016	0.009	0.008	0.009	0.007	0.001	0.008	0.005	0.006	0.004	0.005	0.002	0.004	0.005	0.005	0.002	0	0.004	0.001	0.001	0	0.005	0.008	0.005	0.004	0.002	0.001	0.003	0.006	0.007	0.005	0.002	0.001	0.002	0.003	0.005	0.002	0.003	0.001	0.001	0.001	0.003	0.004	0.003	0.001	0.001	0.001	0.002	0.003	0.003	0.009	0.007	0.001	0.003	0.004	0.003	0.008	0.006	0.005	0.007	0.005	0.002	0.007	0.005	0.005	0.009	0.006	0.007	0.007	0.002	0.003	0.005	0.003	
0.014	0.005	0.016	0.02	0.022	0.021	0.02	0.032	0.027	0.042	0.038	0.04	0.06	0.059	0.069	0.064	0.08	0.082	0.099	0.091	0.106	0.11	0.123	0.15	0.137	0.167	0.161	0.168	0.188	0.203	0.22	0.23	0.253	0.26	0.291	0.257	0.306	0.343	0.346	0.363	0.371	0.377	0.42	0.416	0.482	0.486	0.486	0.472	0.535	0.544	0.539	0.57	0.579	0.587	0.618	0.626	0.649	0.675	0.688	0.689	0.713	0.736	0.725	0.722	0.76	0.765	0.776	0.765	0.787	0.791	0.804	0.808	0.813	0.803	0.845	0.808	0.833	0.803	0.837	0.792	0.816	0.782	0.802	0.815	0.793	0.77	0.757	0.709	0.714	0.7	0.696	0.637	0.591	0.542	0.511	0.476	0.43	0.404	0.327	0.296	
1	1	1	1	1	1	1	1	1	1	1	1	1	1	1	1	1	1	1	1	1	1	1	1	1	1	1	1	1	1	1	1	1	1	1	1	1	1	1	1	1	1	1	1	1	0.999	1	1	1	0.998	0.999	0.995	0.997	0.999	0.997	0.998	0.996	0.997	0.996	0.993	0.991	0.993	0.99	0.991	0.986	0.986	0.975	0.991	0.972	0.978	0.964	0.957	0.946	0.932	0.929	0.916	0.909	0.905	0.876	0.865	0.839	0.82	0.809	0.768	0.762	0.699	0.669	0.652	0.615	0.534	0.533	0.457	0.408	0.409	0.365	0.308	0.266	0.218	0.194	0.189	
1	1	1	1	1	1	1	1	1	1	1	1	0.999	0.999	0.997	1	0.998	0.997	0.995	0.995	0.994	0.999	0.993	0.988	0.992	0.99	0.988	0.983	0.975	0.983	0.981	0.978	0.967	0.959	0.965	0.962	0.953	0.951	0.945	0.941	0.943	0.945	0.945	0.931	0.921	0.917	0.922	0.922	0.924	0.921	0.915	0.907	0.904	0.922	0.898	0.884	0.903	0.885	0.885	0.89	0.883	0.886	0.895	0.904	0.866	0.876	0.85	0.861	0.852	0.848	0.845	0.862	0.853	0.841	0.848	0.852	0.854	0.839	0.841	0.838	0.848	0.834	0.828	0.813	0.821	0.817	0.808	0.813	0.806	0.809	0.791	0.804	0.798	0.782	0.803	0.819	0.797	0.808	0.807	0.807	
0.742	0.736	0.732	0.732	0.704	0.709	0.684	0.676	0.69	0.671	0.636	0.655	0.669	0.621	0.644	0.638	0.644	0.602	0.624	0.593	0.556	0.592	0.578	0.588	0.569	0.571	0.541	0.545	0.557	0.534	0.551	0.55	0.552	0.526	0.546	0.554	0.519	0.503	0.492	0.497	0.513	0.501	0.506	0.528	0.496	0.499	0.507	0.496	0.472	0.505	0.508	0.474	0.494	0.489	0.486	0.467	0.491	0.499	0.478	0.472	0.486	0.479	0.489	0.46	0.47	0.485	0.48	0.481	0.498	0.489	0.48	0.504	0.503	0.52	0.513	0.505	0.505	0.474	0.489	0.489	0.476	0.493	0.478	0.519	0.494	0.466	0.468	0.458	0.453	0.432	0.407	0.428	0.395	0.374	0.36	0.372	0.321	0.292	0.281	0.287	
0.996	0.99	0.99	0.982	0.985	0.987	0.984	0.978	0.98	0.978	0.975	0.982	0.972	0.968	0.97	0.965	0.968	0.955	0.955	0.948	0.96	0.941	0.933	0.932	0.934	0.92	0.922	0.92	0.9	0.904	0.882	0.89	0.898	0.887	0.878	0.863	0.862	0.849	0.849	0.84	0.817	0.82	0.803	0.803	0.787	0.767	0.746	0.76	0.759	0.737	0.729	0.711	0.728	0.696	0.684	0.688	0.628	0.648	0.631	0.656	0.668	0.638	0.633	0.594	0.606	0.581	0.585	0.569	0.56	0.546	0.544	0.535	0.54	0.542	0.51	0.516	0.493	0.473	0.492	0.485	0.464	0.451	0.446	0.45	0.423	0.431	0.43	0.395	0.386	0.39	0.404	0.372	0.352	0.368	0.346	0.348	0.302	0.324	0.304	0.234	
0.703	0.674	0.675	0.654	0.601	0.606	0.551	0.523	0.51	0.482	0.474	0.44	0.402	0.363	0.338	0.331	0.323	0.347	0.293	0.264	0.268	0.248	0.21	0.21	0.189	0.167	0.179	0.156	0.151	0.139	0.132	0.119	0.118	0.107	0.103	0.102	0.081	0.086	0.096	0.081	0.084	0.085	0.084	0.059	0.088	0.064	0.074	0.065	0.059	0.06	0.048	0.04	0.057	0.048	0.051	0.038	0.042	0.041	0.039	0.037	0.036	0.032	0.03	0.022	0.032	0.023	0.03	0.022	0.019	0.026	0.015	0.014	0.021	0.013	0.015	0.012	0.013	0.013	0.01	0.007	0.006	0.011	0.005	0.005	0.004	0.007	0.003	0.002	0.005	0.002	0.003	0.003	0.006	0.005	0.003	0	0.001	0.001	0.001	0.003	
1	0.998	0.998	0.998	0.997	0.995	0.998	0.999	0.997	0.995	0.995	0.993	0.993	0.994	0.99	0.992	0.987	0.991	0.988	0.985	0.988	0.977	0.983	0.974	0.968	0.971	0.976	0.965	0.967	0.956	0.957	0.939	0.946	0.925	0.934	0.903	0.918	0.918	0.883	0.888	0.882	0.867	0.863	0.842	0.852	0.825	0.804	0.81	0.784	0.78	0.778	0.73	0.737	0.749	0.724	0.683	0.702	0.651	0.652	0.643	0.608	0.591	0.572	0.586	0.527	0.549	0.5	0.515	0.467	0.452	0.437	0.42	0.391	0.363	0.325	0.338	0.299	0.262	0.264	0.227	0.2	0.182	0.169	0.14	0.123	0.093	0.083	0.056	0.042	0.035	0.036	0.025	0.01	0.011	0.007	0.011	0.003	0.006	0.001	0	
0.536	0.533	0.502	0.493	0.478	0.458	0.479	0.435	0.446	0.404	0.404	0.374	0.371	0.356	0.336	0.32	0.337	0.309	0.324	0.31	0.299	0.259	0.272	0.23	0.254	0.251	0.252	0.231	0.246	0.229	0.237	0.184	0.214	0.214	0.176	0.179	0.172	0.156	0.151	0.164	0.15	0.144	0.141	0.151	0.139	0.126	0.135	0.146	0.12	0.134	0.105	0.105	0.109	0.099	0.088	0.086	0.092	0.09	0.095	0.086	0.076	0.056	0.063	0.052	0.053	0.061	0.056	0.054	0.037	0.047	0.033	0.03	0.026	0.035	0.021	0.015	0.014	0.012	0.007	0.016	0.007	0.011	0.004	0.005	0.007	0.002	0.002	0.001	0.001	0	0	0	0	0	0	0	0	0	0	0	
1	1	1	1	1	1	1	1	1	1	1	1	1	1	1	1	1	1	1	1	1	1	1	1	1	1	1	1	1	1	1	1	1	1	1	1	1	1	1	1	1	1	1	1	1	1	1	1	1	1	1	1	1	1	1	1	1	1	1	1	1	1	1	1	1	1	1	1	1	0.998	1	1	1	0.998	0.999	1	0.998	1	0.999	1	0.997	0.993	0.994	0.995	0.992	0.992	0.992	0.986	0.994	0.98	0.983	0.981	0.974	0.969	0.961	0.954	0.942	0.938	0.901	0.894	
0.164	0.169	0.155	0.158	0.159	0.159	0.15	0.161	0.169	0.153	0.145	0.139	0.154	0.133	0.165	0.133	0.142	0.124	0.147	0.111	0.115	0.121	0.142	0.129	0.12	0.121	0.107	0.118	0.12	0.11	0.105	0.104	0.11	0.096	0.101	0.126	0.095	0.107	0.087	0.089	0.112	0.091	0.104	0.079	0.103	0.091	0.091	0.1	0.088	0.104	0.12	0.11	0.117	0.1	0.093	0.128	0.102	0.106	0.121	0.119	0.11	0.116	0.11	0.105	0.131	0.114	0.133	0.128	0.141	0.124	0.143	0.13	0.141	0.139	0.129	0.146	0.148	0.156	0.159	0.149	0.15	0.193	0.171	0.212	0.179	0.175	0.164	0.182	0.178	0.183	0.205	0.21	0.209	0.21	0.175	0.2	0.18	0.191	0.154	0.148	
0	0	0	0	0	0	0	0	0	0	0	0	0	0	0	0	0	0	0	0	0	0	0	0	0	0	0	0	0	0	0	0	0	0	0	0	0	0	0	0	0	0	0	0	0	0	0	0	0	0	0	0	0.001	0	0	0	0	0	0	0	0	0	0	0	0	0	0	0	0.001	0	0	0	0.001	0	0	0	0	0	0	0	0	0	0	0	0	0	0.001	0	0	0.001	0	0	0	0	0	0	0	0	0	0	
0.771	0.75	0.702	0.704	0.687	0.677	0.634	0.616	0.563	0.558	0.536	0.523	0.514	0.477	0.448	0.431	0.422	0.395	0.376	0.344	0.361	0.341	0.285	0.296	0.3	0.275	0.254	0.245	0.23	0.22	0.214	0.197	0.192	0.185	0.166	0.152	0.163	0.159	0.147	0.149	0.123	0.134	0.113	0.116	0.1	0.12	0.09	0.106	0.103	0.081	0.086	0.091	0.088	0.076	0.076	0.072	0.055	0.086	0.062	0.047	0.061	0.061	0.063	0.054	0.066	0.051	0.042	0.049	0.05	0.056	0.045	0.057	0.036	0.046	0.036	0.031	0.03	0.04	0.041	0.037	0.022	0.029	0.021	0.029	0.023	0.02	0.025	0.011	0.02	0.009	0.009	0.004	0.011	0.007	0.003	0.002	0.002	0.004	0.001	0.002	
0.425	0.413	0.418	0.388	0.399	0.387	0.373	0.397	0.355	0.334	0.371	0.344	0.345	0.328	0.304	0.301	0.316	0.306	0.297	0.289	0.287	0.249	0.27	0.243	0.247	0.238	0.239	0.232	0.213	0.213	0.228	0.21	0.207	0.219	0.192	0.178	0.168	0.183	0.174	0.156	0.149	0.137	0.152	0.152	0.15	0.137	0.137	0.121	0.109	0.119	0.099	0.103	0.104	0.101	0.087	0.096	0.079	0.085	0.076	0.056	0.063	0.061	0.05	0.037	0.044	0.045	0.036	0.04	0.024	0.027	0.024	0.017	0.019	0.014	0.01	0.012	0.008	0.007	0.012	0.008	0.006	0.005	0.003	0.004	0	0.002	0.002	0	0.001	0.001	0	0	0	0	0	0	0	0	0	0	
0.998	1	0.998	1	0.998	0.999	0.998	0.999	0.999	0.997	0.998	0.992	0.989	0.987	0.985	0.992	0.995	0.976	0.977	0.965	0.966	0.953	0.941	0.928	0.92	0.919	0.901	0.904	0.869	0.869	0.854	0.83	0.812	0.806	0.778	0.75	0.718	0.727	0.677	0.674	0.636	0.614	0.605	0.575	0.545	0.504	0.464	0.456	0.448	0.424	0.39	0.33	0.369	0.324	0.305	0.292	0.256	0.238	0.229	0.218	0.191	0.164	0.139	0.139	0.13	0.132	0.109	0.111	0.09	0.082	0.063	0.065	0.052	0.04	0.049	0.046	0.026	0.026	0.026	0.016	0.015	0.014	0.005	0.007	0.012	0.002	0.005	0.005	0.001	0	0	0	0.001	0	0	0	0	0	0	0	
0.999	0.994	0.998	0.993	0.992	0.994	0.985	0.989	0.982	0.975	0.971	0.97	0.956	0.951	0.943	0.942	0.944	0.922	0.916	0.916	0.907	0.915	0.89	0.882	0.875	0.867	0.851	0.861	0.852	0.856	0.824	0.826	0.812	0.796	0.796	0.795	0.777	0.769	0.77	0.755	0.741	0.747	0.744	0.73	0.733	0.714	0.688	0.703	0.695	0.671	0.691	0.66	0.68	0.675	0.658	0.649	0.679	0.64	0.617	0.643	0.616	0.681	0.644	0.643	0.628	0.594	0.632	0.619	0.61	0.597	0.624	0.609	0.581	0.591	0.614	0.587	0.614	0.594	0.597	0.565	0.556	0.589	0.566	0.566	0.566	0.596	0.573	0.577	0.552	0.545	0.534	0.524	0.48	0.478	0.491	0.488	0.447	0.455	0.467	0.43	
0.983	0.978	0.974	0.975	0.955	0.967	0.939	0.945	0.937	0.914	0.925	0.888	0.899	0.863	0.869	0.851	0.835	0.824	0.797	0.786	0.778	0.748	0.738	0.693	0.667	0.642	0.648	0.599	0.59	0.571	0.55	0.538	0.508	0.506	0.429	0.432	0.408	0.422	0.376	0.347	0.368	0.348	0.294	0.298	0.285	0.278	0.253	0.245	0.222	0.212	0.199	0.205	0.179	0.159	0.161	0.148	0.139	0.131	0.123	0.108	0.123	0.104	0.112	0.09	0.082	0.076	0.082	0.071	0.067	0.07	0.067	0.061	0.059	0.041	0.049	0.049	0.05	0.047	0.035	0.05	0.041	0.038	0.053	0.047	0.042	0.036	0.042	0.046	0.058	0.042	0.045	0.059	0.045	0.06	0.065	0.055	0.049	0.05	0.063	0.056	
0.987	0.987	0.986	0.982	0.976	0.974	0.977	0.969	0.964	0.973	0.964	0.948	0.934	0.943	0.937	0.937	0.928	0.913	0.899	0.909	0.878	0.897	0.901	0.845	0.868	0.83	0.834	0.84	0.832	0.771	0.818	0.776	0.761	0.735	0.737	0.72	0.688	0.684	0.649	0.632	0.637	0.611	0.564	0.571	0.516	0.518	0.494	0.456	0.454	0.404	0.376	0.397	0.37	0.349	0.334	0.297	0.278	0.24	0.238	0.206	0.233	0.191	0.164	0.162	0.133	0.107	0.109	0.104	0.111	0.089	0.064	0.061	0.076	0.037	0.052	0.039	0.038	0.044	0.017	0.014	0.015	0.015	0.014	0.01	0.006	0.01	0.005	0.008	0.002	0.004	0.002	0.004	0	0.001	0	0	0	0.001	0	0.003	
1	1	1	1	0.999	1	1	0.999	1	1	1	1	1	0.999	0.999	1	1	0.999	1	0.999	0.999	0.998	1	1	0.997	0.996	0.997	0.995	0.997	0.993	0.994	0.992	0.992	0.987	0.992	0.993	0.991	0.988	0.985	0.975	0.98	0.98	0.975	0.976	0.967	0.968	0.952	0.956	0.955	0.958	0.95	0.94	0.945	0.925	0.922	0.919	0.908	0.899	0.895	0.89	0.886	0.855	0.843	0.854	0.826	0.816	0.813	0.794	0.79	0.776	0.758	0.754	0.711	0.716	0.696	0.696	0.655	0.658	0.614	0.625	0.603	0.568	0.536	0.508	0.52	0.449	0.461	0.444	0.407	0.404	0.376	0.331	0.323	0.307	0.261	0.282	0.216	0.211	0.179	0.156	
0.927	0.924	0.93	0.915	0.924	0.921	0.923	0.928	0.897	0.893	0.902	0.897	0.875	0.867	0.871	0.825	0.816	0.79	0.77	0.763	0.729	0.718	0.686	0.671	0.65	0.612	0.607	0.558	0.54	0.528	0.538	0.508	0.515	0.474	0.451	0.409	0.413	0.406	0.355	0.403	0.359	0.335	0.348	0.325	0.309	0.285	0.325	0.273	0.276	0.278	0.308	0.271	0.265	0.24	0.252	0.242	0.224	0.226	0.228	0.202	0.219	0.205	0.199	0.191	0.165	0.167	0.137	0.171	0.153	0.14	0.103	0.109	0.101	0.102	0.101	0.073	0.07	0.054	0.045	0.04	0.042	0.046	0.033	0.02	0.018	0.016	0.015	0.008	0.006	0.004	0.001	0.002	0.001	0	0.002	0	0	0	0	0	
0.045	0.056	0.042	0.044	0.053	0.044	0.044	0.032	0.035	0.037	0.04	0.035	0.028	0.023	0.024	0.035	0.027	0.025	0.024	0.019	0.026	0.021	0.022	0.012	0.017	0.014	0.034	0.019	0.019	0.014	0.014	0.01	0.02	0.02	0.013	0.019	0.012	0.009	0.014	0.015	0.01	0.015	0.007	0.017	0.017	0.018	0.025	0.009	0.016	0.006	0.017	0.011	0.011	0.013	0.013	0.011	0.022	0.016	0.014	0.017	0.021	0.013	0.012	0.011	0.012	0.01	0.013	0.022	0.011	0.015	0.016	0.018	0.01	0.018	0.011	0.013	0.016	0.025	0.014	0.022	0.018	0.008	0.013	0.015	0.015	0.008	0.007	0.006	0.005	0.011	0.014	0.006	0.008	0.007	0.009	0.007	0.006	0.006	0.004	0.003	
0.936	0.942	0.93	0.915	0.916	0.89	0.89	0.895	0.883	0.87	0.857	0.814	0.844	0.832	0.806	0.796	0.777	0.774	0.73	0.727	0.702	0.709	0.685	0.67	0.645	0.64	0.625	0.611	0.623	0.622	0.607	0.568	0.566	0.554	0.49	0.532	0.512	0.479	0.47	0.468	0.449	0.456	0.409	0.409	0.415	0.411	0.387	0.373	0.36	0.343	0.348	0.331	0.306	0.288	0.289	0.3	0.291	0.255	0.281	0.258	0.281	0.239	0.238	0.202	0.214	0.199	0.201	0.188	0.178	0.21	0.175	0.179	0.174	0.143	0.156	0.14	0.147	0.14	0.118	0.118	0.108	0.121	0.09	0.092	0.102	0.074	0.071	0.057	0.059	0.057	0.037	0.041	0.034	0.022	0.024	0.011	0.011	0.008	0.003	0.003	
1	1	1	1	1	1	1	1	1	1	1	1	1	1	0.999	0.999	1	1	0.999	0.996	0.998	0.997	0.995	0.995	0.997	0.992	0.995	0.997	0.995	0.985	0.99	0.99	0.987	0.981	0.982	0.979	0.978	0.98	0.974	0.976	0.979	0.97	0.968	0.967	0.954	0.954	0.944	0.949	0.96	0.948	0.938	0.924	0.93	0.914	0.926	0.909	0.904	0.905	0.914	0.904	0.908	0.894	0.875	0.879	0.884	0.874	0.875	0.878	0.873	0.859	0.874	0.856	0.867	0.852	0.844	0.854	0.838	0.844	0.839	0.809	0.855	0.847	0.85	0.834	0.82	0.833	0.834	0.809	0.821	0.814	0.835	0.846	0.825	0.806	0.775	0.8	0.766	0.767	0.723	0.72	
0.993	0.989	0.989	0.993	0.993	0.982	0.979	0.981	0.966	0.974	0.957	0.966	0.971	0.953	0.943	0.948	0.946	0.934	0.912	0.913	0.886	0.899	0.893	0.868	0.864	0.862	0.845	0.822	0.841	0.832	0.826	0.778	0.786	0.798	0.781	0.784	0.778	0.766	0.736	0.719	0.712	0.704	0.691	0.74	0.707	0.692	0.709	0.656	0.669	0.663	0.637	0.667	0.669	0.615	0.656	0.62	0.603	0.61	0.595	0.595	0.608	0.571	0.575	0.575	0.578	0.556	0.555	0.575	0.576	0.587	0.574	0.559	0.558	0.558	0.587	0.583	0.56	0.555	0.572	0.559	0.583	0.613	0.623	0.606	0.622	0.591	0.632	0.648	0.654	0.652	0.662	0.646	0.685	0.692	0.708	0.714	0.722	0.682	0.735	0.7	
