1	1	1	1	1	1	1	1	1	1	1	1	1	1	1	1	1	1	1	1	1	1	1	1	1	1	1	1	1	1	1	1	1	1	1	1	1	1	1	1	1	0.999	1	1	0.999	0.998	1	0.999	1	0.999	0.999	1	0.999	0.998	1	0.994	0.997	0.995	0.994	0.994	0.988	0.995	0.985	0.989	0.985	0.979	0.978	0.964	0.965	0.966	0.956	0.954	0.948	0.948	0.92	0.95	0.899	0.877	0.885	0.858	0.836	0.804	0.775	0.752	0.718	0.69	0.66	0.633	0.604	0.555	0.509	0.469	0.442	0.385	0.326	0.28	0.239	0.218	0.18	0.16	
0.497	0.509	0.504	0.496	0.485	0.49	0.501	0.491	0.501	0.492	0.462	0.467	0.484	0.47	0.431	0.458	0.468	0.457	0.477	0.46	0.468	0.456	0.456	0.463	0.425	0.45	0.448	0.454	0.456	0.418	0.438	0.408	0.418	0.426	0.423	0.442	0.449	0.43	0.408	0.409	0.45	0.406	0.437	0.412	0.417	0.414	0.408	0.391	0.415	0.405	0.393	0.391	0.443	0.4	0.408	0.386	0.399	0.399	0.343	0.366	0.393	0.367	0.356	0.341	0.348	0.347	0.36	0.384	0.329	0.341	0.332	0.345	0.318	0.334	0.321	0.334	0.34	0.3	0.3	0.3	0.31	0.308	0.306	0.312	0.314	0.29	0.312	0.31	0.29	0.286	0.313	0.317	0.294	0.313	0.288	0.303	0.32	0.295	0.337	0.329	
1	1	1	1	1	1	1	1	1	1	1	1	1	1	1	1	1	1	1	1	1	1	0.999	1	1	1	1	1	1	1	1	1	1	0.998	1	1	1	1	1	1	1	1	1	1	0.999	0.999	0.998	0.999	0.998	0.999	0.998	1	0.997	0.997	0.998	0.996	0.991	0.994	0.994	0.989	0.984	0.986	0.978	0.978	0.983	0.969	0.966	0.969	0.963	0.949	0.948	0.918	0.926	0.911	0.893	0.86	0.847	0.84	0.815	0.753	0.75	0.713	0.68	0.657	0.621	0.556	0.538	0.471	0.433	0.368	0.347	0.305	0.302	0.226	0.196	0.135	0.12	0.099	0.094	0.065	
0.996	0.996	0.994	0.999	0.988	0.99	0.993	0.992	0.995	0.99	0.989	0.983	0.984	0.979	0.981	0.982	0.966	0.965	0.978	0.975	0.968	0.982	0.974	0.983	0.967	0.961	0.966	0.964	0.954	0.962	0.958	0.969	0.949	0.952	0.955	0.955	0.955	0.945	0.955	0.947	0.943	0.947	0.943	0.946	0.96	0.945	0.956	0.956	0.957	0.942	0.952	0.93	0.956	0.943	0.937	0.953	0.944	0.948	0.951	0.951	0.947	0.948	0.964	0.959	0.933	0.947	0.949	0.947	0.943	0.947	0.949	0.94	0.945	0.954	0.955	0.939	0.938	0.926	0.932	0.932	0.92	0.906	0.911	0.902	0.872	0.889	0.861	0.842	0.816	0.807	0.787	0.749	0.7	0.665	0.662	0.62	0.614	0.527	0.497	0.437	
0.002	0.006	0.002	0.001	0.002	0.003	0	0.002	0.002	0.004	0.002	0.002	0.002	0	0	0	0.001	0	0	0.001	0.001	0.001	0.001	0.002	0	0	0	0	0	0	0	0	0	0	0	0	0	0	0	0	0	0	0	0	0	0	0	0	0	0	0	0	0	0	0	0	0	0	0	0	0	0	0	0	0	0	0	0	0	0	0	0	0	0	0	0	0	0	0	0	0	0	0	0	0	0	0	0	0	0	0	0	0	0	0	0	0	0	0	0	
0.278	0.288	0.266	0.261	0.244	0.209	0.212	0.203	0.2	0.198	0.176	0.152	0.155	0.181	0.152	0.123	0.143	0.135	0.111	0.122	0.102	0.091	0.07	0.066	0.072	0.079	0.053	0.069	0.066	0.038	0.036	0.044	0.036	0.037	0.029	0.026	0.032	0.021	0.022	0.019	0.014	0.014	0.012	0.011	0.011	0.003	0.01	0.003	0.007	0.003	0.003	0.002	0.002	0.002	0.001	0.002	0.003	0.001	0.003	0.001	0	0.002	0.001	0	0.002	0	0	0.001	0	0	0	0	0	0	0	0	0	0	0	0	0	0	0	0	0	0	0	0	0	0	0	0	0	0	0	0	0	0	0	0	
0.971	0.966	0.96	0.962	0.95	0.945	0.937	0.94	0.942	0.92	0.936	0.934	0.894	0.907	0.905	0.904	0.906	0.893	0.896	0.894	0.865	0.87	0.846	0.852	0.853	0.85	0.848	0.818	0.826	0.832	0.834	0.826	0.808	0.788	0.787	0.773	0.788	0.779	0.765	0.737	0.755	0.711	0.726	0.738	0.697	0.695	0.691	0.703	0.695	0.685	0.666	0.664	0.641	0.664	0.608	0.596	0.589	0.586	0.58	0.589	0.565	0.528	0.535	0.545	0.498	0.505	0.501	0.515	0.453	0.464	0.454	0.441	0.421	0.433	0.406	0.393	0.399	0.401	0.346	0.355	0.333	0.354	0.34	0.309	0.314	0.3	0.272	0.319	0.281	0.255	0.252	0.249	0.243	0.217	0.206	0.226	0.166	0.209	0.192	0.165	
1	1	1	1	1	1	1	1	1	1	1	1	1	1	1	1	1	1	1	1	1	1	1	1	1	1	1	1	1	1	1	1	1	1	1	1	0.999	0.999	1	1	0.999	1	0.998	1	1	0.999	1	0.998	0.998	0.998	0.998	0.997	0.998	0.999	0.995	0.995	0.998	0.995	0.995	0.993	0.993	0.995	0.995	0.995	0.996	0.997	0.993	0.993	0.994	0.996	0.987	0.994	0.99	0.991	0.994	0.994	0.995	0.993	0.995	0.991	0.992	0.99	0.995	0.988	0.994	0.992	0.993	0.997	0.994	0.998	0.991	0.99	0.995	0.994	0.989	0.992	0.991	0.992	0.997	0.994	
0.849	0.853	0.854	0.837	0.835	0.804	0.795	0.775	0.766	0.765	0.761	0.757	0.76	0.73	0.731	0.748	0.683	0.678	0.682	0.663	0.623	0.653	0.607	0.621	0.619	0.606	0.563	0.539	0.53	0.516	0.52	0.484	0.463	0.468	0.474	0.422	0.399	0.422	0.387	0.385	0.365	0.367	0.332	0.329	0.3	0.288	0.311	0.252	0.265	0.268	0.227	0.219	0.236	0.235	0.183	0.206	0.18	0.176	0.175	0.179	0.154	0.149	0.13	0.142	0.131	0.11	0.098	0.11	0.104	0.103	0.087	0.081	0.084	0.077	0.085	0.081	0.059	0.056	0.053	0.033	0.053	0.053	0.035	0.046	0.041	0.033	0.024	0.033	0.025	0.03	0.036	0.039	0.027	0.017	0.018	0.017	0.023	0.011	0.014	0.015	
1	1	1	1	1	1	1	1	1	1	1	1	1	1	1	1	1	1	1	1	1	1	1	1	1	1	1	1	1	1	1	1	1	1	1	1	1	1	1	1	1	1	1	1	1	1	1	1	1	1	1	1	1	1	1	1	1	1	1	1	1	1	0.998	1	1	1	1	1	1	0.999	1	1	1	0.999	1	0.998	0.996	0.998	0.995	0.995	0.996	0.99	0.988	0.993	0.984	0.982	0.989	0.981	0.973	0.967	0.95	0.942	0.942	0.92	0.901	0.892	0.876	0.844	0.827	0.786	
1	1	1	1	1	1	1	1	1	1	1	1	1	1	1	1	1	1	1	1	1	1	1	1	1	1	1	1	1	1	1	1	1	1	1	1	1	1	1	1	1	1	1	1	1	1	1	1	1	1	1	1	1	1	1	1	1	1	1	1	1	1	1	1	1	1	1	1	1	1	1	1	1	1	1	1	1	1	1	1	1	1	1	1	1	1	1	1	1	0.999	1	1	1	0.998	0.999	1	0.999	0.998	0.999	0.996	
1	1	1	1	1	1	1	1	1	1	1	1	1	1	1	1	1	1	1	0.999	1	1	0.999	0.998	0.999	1	0.998	0.996	0.995	0.998	0.994	0.996	0.994	0.999	0.994	0.991	0.994	0.992	0.988	0.989	0.988	0.984	0.983	0.976	0.97	0.966	0.969	0.961	0.968	0.947	0.946	0.939	0.938	0.928	0.922	0.911	0.901	0.877	0.878	0.867	0.822	0.841	0.809	0.791	0.792	0.76	0.767	0.717	0.703	0.673	0.642	0.621	0.573	0.561	0.547	0.469	0.494	0.442	0.437	0.407	0.374	0.329	0.295	0.289	0.247	0.212	0.209	0.18	0.157	0.144	0.138	0.087	0.081	0.072	0.054	0.042	0.045	0.025	0.02	0.008	
0.718	0.676	0.705	0.682	0.652	0.639	0.599	0.601	0.623	0.563	0.571	0.547	0.521	0.523	0.495	0.455	0.473	0.423	0.43	0.426	0.423	0.386	0.373	0.323	0.348	0.355	0.364	0.348	0.316	0.326	0.298	0.317	0.275	0.278	0.281	0.256	0.246	0.247	0.234	0.23	0.234	0.21	0.217	0.192	0.171	0.199	0.2	0.185	0.164	0.172	0.16	0.165	0.17	0.135	0.156	0.129	0.13	0.153	0.125	0.124	0.13	0.13	0.092	0.102	0.102	0.084	0.105	0.091	0.079	0.075	0.066	0.066	0.05	0.057	0.054	0.058	0.042	0.04	0.047	0.043	0.039	0.035	0.022	0.027	0.027	0.03	0.028	0.018	0.016	0.022	0.023	0.018	0.009	0.019	0.01	0.014	0.007	0.01	0.016	0.007	
0.618	0.636	0.614	0.598	0.615	0.598	0.532	0.539	0.524	0.522	0.514	0.476	0.507	0.454	0.451	0.414	0.43	0.424	0.389	0.393	0.389	0.357	0.339	0.338	0.351	0.329	0.313	0.344	0.319	0.286	0.292	0.283	0.298	0.262	0.286	0.259	0.278	0.263	0.249	0.241	0.253	0.265	0.248	0.224	0.252	0.241	0.262	0.221	0.232	0.222	0.229	0.214	0.265	0.222	0.224	0.237	0.206	0.205	0.217	0.206	0.243	0.214	0.225	0.241	0.219	0.226	0.232	0.218	0.22	0.233	0.212	0.221	0.224	0.255	0.237	0.265	0.254	0.228	0.231	0.231	0.24	0.246	0.248	0.248	0.231	0.248	0.218	0.246	0.219	0.229	0.222	0.237	0.206	0.239	0.212	0.212	0.175	0.2	0.193	0.188	
1	1	1	1	1	1	1	1	1	1	1	1	1	1	1	1	1	1	1	1	1	1	1	1	1	1	1	1	1	1	1	1	1	1	1	1	1	1	1	1	1	1	1	1	1	1	1	1	1	1	1	1	1	1	1	1	1	1	1	0.999	1	1	1	1	1	1	1	1	1	1	0.999	0.999	0.999	0.999	0.999	0.999	1	0.998	1	0.998	0.994	0.994	0.996	0.992	0.992	0.992	0.992	0.989	0.992	0.984	0.982	0.982	0.977	0.978	0.971	0.97	0.963	0.957	0.96	0.952	
0.991	0.987	0.992	0.989	0.991	0.987	0.989	0.99	0.983	0.977	0.989	0.977	0.97	0.986	0.983	0.983	0.969	0.976	0.968	0.975	0.979	0.967	0.974	0.969	0.973	0.964	0.972	0.961	0.948	0.966	0.96	0.971	0.953	0.952	0.94	0.936	0.942	0.946	0.934	0.922	0.936	0.918	0.922	0.897	0.905	0.901	0.889	0.895	0.883	0.87	0.86	0.849	0.843	0.85	0.822	0.78	0.801	0.786	0.785	0.764	0.763	0.731	0.697	0.698	0.643	0.632	0.616	0.593	0.588	0.573	0.543	0.503	0.473	0.49	0.468	0.429	0.419	0.345	0.361	0.304	0.288	0.262	0.26	0.214	0.211	0.173	0.174	0.157	0.139	0.137	0.107	0.113	0.096	0.083	0.06	0.07	0.056	0.066	0.045	0.056	
1	1	1	1	1	1	1	1	1	1	1	1	1	1	1	1	1	1	1	1	1	1	1	1	1	1	1	1	1	1	1	1	1	1	1	1	1	1	1	1	1	1	1	1	1	1	1	1	1	1	1	1	1	1	1	1	1	1	1	1	1	1	1	1	1	1	1	1	1	1	1	1	1	1	1	1	1	1	1	1	1	0.999	1	1	1	1	1	1	1	1	1	0.999	1	0.999	1	0.997	1	0.994	0.996	0.995	
1	1	1	1	1	1	1	1	1	1	1	1	1	1	1	1	1	1	1	1	1	1	1	1	1	1	1	1	1	0.999	1	1	1	1	0.999	0.998	0.999	0.998	1	0.997	0.999	0.998	0.997	0.998	0.998	0.999	0.996	0.997	0.995	0.996	0.991	0.992	0.992	0.995	0.993	0.993	0.995	0.989	0.994	0.989	0.988	0.99	0.99	0.985	0.982	0.981	0.982	0.98	0.985	0.977	0.977	0.973	0.969	0.969	0.971	0.968	0.977	0.976	0.961	0.953	0.966	0.948	0.953	0.945	0.95	0.944	0.929	0.922	0.925	0.9	0.889	0.908	0.885	0.857	0.835	0.83	0.803	0.774	0.75	0.708	
0.994	0.989	0.994	0.99	0.992	0.995	0.992	0.991	0.994	0.993	0.99	0.983	0.988	0.986	0.988	0.979	0.982	0.974	0.979	0.977	0.962	0.979	0.973	0.966	0.962	0.96	0.946	0.942	0.953	0.947	0.939	0.945	0.942	0.93	0.94	0.916	0.92	0.917	0.908	0.912	0.901	0.886	0.886	0.87	0.865	0.886	0.872	0.852	0.874	0.837	0.829	0.822	0.814	0.824	0.814	0.793	0.787	0.756	0.766	0.742	0.745	0.734	0.749	0.718	0.699	0.709	0.681	0.651	0.63	0.583	0.616	0.578	0.538	0.566	0.494	0.514	0.486	0.461	0.428	0.416	0.403	0.359	0.338	0.303	0.243	0.274	0.22	0.224	0.179	0.167	0.121	0.116	0.113	0.085	0.067	0.049	0.047	0.03	0.033	0.019	
1	1	1	1	1	1	1	1	1	1	1	1	1	1	1	1	1	1	1	1	1	1	1	1	1	1	1	1	1	1	1	1	1	1	1	1	1	1	1	1	1	1	1	1	1	1	1	1	1	1	1	1	1	1	1	1	1	1	1	1	1	1	1	1	1	1	1	1	1	1	1	1	1	1	1	1	1	1	1	1	1	1	1	1	0.999	1	1	1	1	1	0.999	1	1	0.998	1	1	0.998	1	1	0.999	
0.999	1	0.999	0.999	0.999	1	0.999	0.996	0.999	1	0.996	0.997	0.997	0.998	0.997	0.996	0.989	0.986	0.987	0.992	0.991	0.985	0.988	0.979	0.983	0.974	0.975	0.97	0.97	0.952	0.962	0.938	0.951	0.942	0.957	0.938	0.92	0.932	0.918	0.916	0.905	0.901	0.9	0.866	0.868	0.87	0.855	0.842	0.839	0.815	0.839	0.811	0.822	0.805	0.778	0.777	0.784	0.749	0.754	0.73	0.729	0.725	0.698	0.704	0.704	0.701	0.675	0.651	0.64	0.647	0.652	0.61	0.628	0.64	0.62	0.586	0.55	0.566	0.532	0.528	0.516	0.513	0.499	0.478	0.473	0.478	0.444	0.386	0.397	0.355	0.359	0.337	0.3	0.276	0.229	0.231	0.188	0.172	0.164	0.135	
1	1	1	1	1	1	1	1	1	1	1	1	1	1	1	1	1	1	1	1	1	1	1	1	1	1	1	1	1	1	1	1	1	1	1	1	1	1	1	1	1	1	1	1	1	1	1	1	1	1	1	1	1	1	1	1	1	1	1	1	1	1	1	1	1	1	1	1	1	1	1	1	1	1	1	1	1	1	1	1	0.999	1	0.999	1	1	0.998	1	0.999	0.999	0.998	0.996	0.994	0.997	0.989	0.988	0.982	0.979	0.969	0.973	0.96	
1	1	1	1	1	1	1	1	1	1	1	1	1	1	1	1	1	1	1	1	1	1	1	1	1	1	1	1	1	1	1	1	1	0.999	1	1	1	1	1	0.999	0.999	0.996	0.999	0.997	0.998	0.999	0.996	0.999	0.994	0.998	0.991	0.993	0.995	0.987	0.992	0.99	0.981	0.985	0.981	0.981	0.981	0.98	0.986	0.973	0.978	0.968	0.976	0.96	0.976	0.967	0.957	0.953	0.942	0.939	0.943	0.926	0.925	0.901	0.925	0.889	0.892	0.885	0.852	0.859	0.826	0.828	0.789	0.796	0.774	0.762	0.739	0.739	0.687	0.717	0.649	0.615	0.61	0.612	0.566	0.557	
0.992	0.99	0.992	0.994	0.996	0.993	0.988	0.98	0.983	0.979	0.984	0.96	0.977	0.968	0.974	0.967	0.955	0.962	0.958	0.952	0.957	0.948	0.943	0.942	0.941	0.931	0.929	0.933	0.922	0.915	0.919	0.919	0.903	0.908	0.878	0.883	0.893	0.87	0.875	0.847	0.84	0.857	0.836	0.839	0.818	0.824	0.83	0.818	0.804	0.784	0.768	0.779	0.752	0.741	0.726	0.738	0.718	0.707	0.709	0.676	0.684	0.665	0.642	0.617	0.639	0.603	0.579	0.592	0.573	0.549	0.543	0.523	0.492	0.472	0.488	0.475	0.447	0.4	0.382	0.38	0.371	0.326	0.328	0.28	0.275	0.288	0.24	0.222	0.233	0.193	0.177	0.172	0.141	0.143	0.104	0.106	0.101	0.077	0.057	0.064	
0.997	0.995	0.995	0.997	0.998	0.993	0.991	0.991	0.991	0.994	0.99	0.993	0.994	0.989	0.987	0.986	0.982	0.986	0.98	0.983	0.98	0.987	0.978	0.974	0.975	0.97	0.972	0.98	0.972	0.968	0.977	0.952	0.954	0.958	0.963	0.952	0.958	0.944	0.931	0.948	0.929	0.935	0.927	0.939	0.921	0.917	0.906	0.911	0.892	0.907	0.909	0.881	0.894	0.875	0.874	0.874	0.873	0.858	0.849	0.83	0.841	0.85	0.826	0.825	0.812	0.792	0.801	0.762	0.772	0.758	0.755	0.735	0.744	0.72	0.696	0.676	0.689	0.678	0.635	0.605	0.605	0.598	0.578	0.575	0.53	0.522	0.53	0.465	0.454	0.437	0.433	0.402	0.344	0.34	0.325	0.313	0.272	0.241	0.224	0.193	
0.991	0.986	0.984	0.979	0.982	0.986	0.978	0.973	0.976	0.969	0.961	0.967	0.964	0.972	0.973	0.961	0.952	0.946	0.953	0.943	0.922	0.931	0.922	0.925	0.927	0.903	0.92	0.907	0.883	0.881	0.891	0.873	0.859	0.872	0.865	0.842	0.844	0.839	0.854	0.807	0.814	0.836	0.81	0.78	0.799	0.778	0.762	0.748	0.739	0.724	0.725	0.708	0.733	0.678	0.701	0.67	0.695	0.701	0.688	0.645	0.646	0.632	0.609	0.616	0.615	0.604	0.593	0.566	0.567	0.532	0.524	0.509	0.518	0.506	0.487	0.503	0.45	0.439	0.432	0.44	0.389	0.36	0.359	0.341	0.326	0.295	0.303	0.27	0.268	0.253	0.231	0.226	0.203	0.169	0.181	0.16	0.133	0.115	0.104	0.087	
1	1	1	1	1	1	1	1	1	1	1	1	1	1	1	1	1	1	1	1	1	1	1	1	1	1	1	1	1	1	1	1	1	1	1	1	1	1	1	1	1	1	1	1	1	0.999	1	1	1	1	1	1	1	1	1	1	0.999	1	1	0.998	1	0.999	0.999	0.999	0.999	0.998	1	0.997	0.995	0.998	0.994	0.998	0.998	0.994	0.995	0.988	0.991	0.991	0.989	0.991	0.983	0.986	0.985	0.976	0.975	0.976	0.976	0.975	0.963	0.965	0.95	0.944	0.939	0.934	0.918	0.929	0.918	0.907	0.882	0.872	
0.663	0.651	0.622	0.597	0.572	0.546	0.546	0.541	0.515	0.491	0.496	0.447	0.44	0.402	0.353	0.371	0.337	0.333	0.312	0.302	0.263	0.25	0.254	0.237	0.199	0.182	0.18	0.173	0.15	0.13	0.104	0.125	0.11	0.112	0.095	0.072	0.058	0.052	0.054	0.054	0.044	0.042	0.029	0.031	0.014	0.016	0.024	0.017	0.014	0.015	0.008	0.006	0.004	0.007	0.006	0.004	0.001	0.004	0.002	0.002	0.002	0	0.001	0	0.001	0	0	0.001	0	0	0	0	0	0	0	0	0	0	0	0	0	0	0	0	0	0	0	0	0	0	0	0	0	0	0	0	0	0	0	0	
1	1	1	1	1	1	1	1	1	1	1	1	1	1	1	1	1	1	1	1	1	1	1	1	1	1	1	1	1	1	1	1	1	1	1	1	1	1	1	1	1	1	1	1	1	1	1	1	1	1	1	1	1	1	1	1	1	1	1	1	0.999	1	1	1	1	1	1	1	1	1	1	1	0.999	0.999	1	1	1	1	1	1	1	1	1	1	1	0.999	1	0.999	1	0.998	0.999	0.997	0.996	0.998	1	0.996	0.998	0.996	0.993	0.987	
0.999	1	0.999	0.995	0.999	0.998	0.996	0.997	0.999	0.995	0.996	0.996	0.991	0.997	0.997	0.996	0.99	0.99	0.991	0.988	0.993	0.991	0.991	0.984	0.989	0.992	0.984	0.985	0.991	0.987	0.98	0.971	0.984	0.975	0.975	0.973	0.97	0.962	0.964	0.955	0.952	0.95	0.937	0.938	0.952	0.929	0.936	0.932	0.931	0.916	0.903	0.905	0.911	0.881	0.887	0.866	0.846	0.854	0.828	0.815	0.811	0.801	0.779	0.751	0.753	0.696	0.691	0.684	0.658	0.644	0.618	0.588	0.541	0.54	0.473	0.438	0.44	0.4	0.363	0.342	0.302	0.28	0.266	0.233	0.22	0.162	0.166	0.11	0.107	0.095	0.074	0.063	0.059	0.047	0.03	0.029	0.019	0.01	0.015	0.009	
1	1	1	1	1	1	1	1	1	1	1	1	1	1	1	1	1	1	1	1	1	1	1	1	1	1	1	1	1	1	1	1	1	1	1	1	1	1	1	1	1	1	1	1	1	1	1	1	1	1	1	1	1	1	1	1	1	1	1	1	1	1	1	1	1	1	1	1	1	1	0.999	1	1	0.997	0.999	1	0.998	0.996	0.997	0.996	0.994	0.994	0.991	0.989	0.991	0.98	0.979	0.975	0.96	0.96	0.951	0.938	0.921	0.898	0.891	0.867	0.852	0.832	0.834	0.786	
1	1	1	1	1	1	1	1	1	1	1	1	1	1	1	1	1	1	1	1	1	1	1	1	1	1	1	1	1	1	0.999	1	1	0.998	1	0.997	1	0.999	1	0.998	1	1	1	1	0.999	0.998	0.999	0.996	0.998	1	1	0.999	0.998	0.999	0.998	0.998	0.998	0.997	0.993	0.991	0.995	0.995	0.992	0.985	0.989	0.987	0.991	0.987	0.989	0.983	0.988	0.979	0.967	0.976	0.978	0.968	0.972	0.97	0.963	0.96	0.954	0.945	0.937	0.932	0.927	0.926	0.916	0.914	0.886	0.868	0.849	0.846	0.803	0.804	0.765	0.723	0.706	0.671	0.632	0.568	
1	1	1	1	1	1	1	1	1	1	1	1	1	1	1	1	1	1	1	1	1	1	1	1	1	1	1	1	1	1	1	1	1	1	1	1	1	1	1	1	1	1	1	1	1	1	1	1	1	1	1	1	1	1	1	1	1	1	1	1	1	0.998	1	1	1	1	1	1	0.998	0.997	0.998	0.998	0.999	0.995	0.995	0.994	0.989	0.99	0.984	0.987	0.979	0.971	0.979	0.947	0.945	0.925	0.915	0.894	0.889	0.875	0.842	0.792	0.719	0.694	0.661	0.589	0.549	0.49	0.446	0.361	
0.324	0.319	0.314	0.297	0.309	0.309	0.305	0.302	0.264	0.274	0.306	0.302	0.27	0.269	0.291	0.284	0.266	0.251	0.254	0.255	0.236	0.267	0.236	0.26	0.244	0.247	0.226	0.217	0.233	0.23	0.24	0.218	0.229	0.234	0.226	0.24	0.218	0.231	0.225	0.242	0.204	0.224	0.245	0.241	0.21	0.205	0.224	0.222	0.21	0.191	0.227	0.214	0.229	0.216	0.195	0.224	0.225	0.21	0.219	0.195	0.2	0.203	0.191	0.221	0.208	0.205	0.217	0.208	0.21	0.203	0.193	0.172	0.181	0.188	0.175	0.192	0.181	0.171	0.181	0.169	0.167	0.148	0.152	0.136	0.146	0.153	0.134	0.126	0.126	0.132	0.114	0.138	0.101	0.108	0.108	0.103	0.088	0.093	0.074	0.083	
1	1	1	1	1	1	1	1	1	1	1	1	1	1	1	1	1	1	1	1	1	1	1	1	1	1	1	1	1	1	1	1	1	1	1	1	1	1	1	1	1	1	1	1	1	1	1	1	1	1	1	1	1	1	1	1	1	1	1	1	1	1	1	0.999	1	0.999	1	0.999	1	1	0.999	1	1	0.999	1	1	0.999	0.999	1	0.999	0.998	0.997	1	1	0.999	1	0.998	0.996	1	0.998	0.999	0.999	0.993	0.998	0.997	0.995	0.989	0.99	0.99	0.987	
1	1	1	1	1	1	1	1	1	1	1	1	1	1	1	1	1	1	1	1	1	1	1	1	1	1	1	1	1	1	1	1	1	1	1	1	1	1	1	1	1	1	1	1	1	1	1	1	1	1	1	1	1	1	1	1	1	1	1	1	1	1	1	1	1	1	1	1	1	1	1	1	1	1	1	1	1	1	1	1	1	1	1	1	1	1	1	1	1	1	1	1	1	1	1	1	1	0.999	1	1	
1	1	1	1	1	1	1	1	1	1	1	1	1	1	1	1	1	1	1	1	1	1	1	1	1	1	1	1	1	1	1	1	1	1	1	1	1	1	1	1	1	1	1	1	1	1	1	1	1	1	1	1	1	1	1	1	1	1	1	1	1	1	1	1	1	1	1	1	1	1	1	1	1	1	1	1	1	1	1	1	1	1	1	1	1	1	1	1	1	1	1	1	1	1	1	1	1	1	1	1	
1	1	1	1	1	1	1	1	1	1	1	1	1	1	1	1	1	1	1	1	1	1	1	1	1	1	1	1	1	1	1	1	1	1	1	1	1	1	1	1	1	0.999	1	1	1	1	1	0.999	1	1	1	1	1	0.998	0.999	1	0.998	0.999	0.998	0.999	0.998	0.991	0.995	0.995	0.993	0.993	0.99	0.991	0.99	0.99	0.99	0.988	0.99	0.983	0.986	0.981	0.981	0.978	0.965	0.972	0.963	0.96	0.955	0.943	0.937	0.928	0.917	0.928	0.92	0.9	0.885	0.878	0.844	0.834	0.82	0.795	0.79	0.753	0.778	0.718	
0.349	0.335	0.324	0.328	0.307	0.277	0.291	0.281	0.252	0.271	0.272	0.246	0.243	0.21	0.203	0.196	0.221	0.204	0.203	0.163	0.18	0.165	0.173	0.163	0.133	0.126	0.124	0.126	0.096	0.114	0.103	0.104	0.082	0.104	0.096	0.085	0.092	0.086	0.064	0.055	0.066	0.061	0.064	0.036	0.043	0.042	0.05	0.042	0.033	0.036	0.029	0.026	0.018	0.023	0.021	0.012	0.018	0.017	0.015	0.008	0.015	0.01	0.003	0.011	0.011	0.004	0.007	0.005	0.004	0.001	0.008	0.001	0.005	0.005	0.004	0.002	0.002	0	0.004	0.001	0.002	0	0	0.001	0.001	0.003	0.001	0	0	0.001	0	0	0	0	0	0	0	0	0.001	0	
0.939	0.919	0.943	0.916	0.922	0.928	0.914	0.906	0.877	0.87	0.865	0.878	0.855	0.876	0.857	0.838	0.814	0.81	0.83	0.826	0.789	0.799	0.796	0.785	0.777	0.773	0.78	0.743	0.78	0.725	0.711	0.717	0.716	0.706	0.712	0.704	0.687	0.685	0.699	0.691	0.667	0.639	0.622	0.653	0.646	0.616	0.592	0.581	0.564	0.557	0.574	0.576	0.552	0.546	0.522	0.519	0.506	0.497	0.454	0.462	0.425	0.433	0.451	0.385	0.405	0.419	0.397	0.398	0.371	0.4	0.369	0.357	0.373	0.322	0.344	0.333	0.32	0.286	0.323	0.275	0.303	0.261	0.278	0.27	0.248	0.29	0.255	0.239	0.229	0.239	0.232	0.229	0.223	0.223	0.217	0.187	0.187	0.186	0.167	0.188	
1	1	1	1	1	1	1	1	1	1	1	1	1	1	1	0.999	1	1	1	1	1	1	1	0.999	1	1	1	0.999	0.999	0.999	0.998	0.999	1	0.999	1	0.999	0.999	0.997	0.999	0.99	0.994	0.994	0.996	0.993	0.987	0.991	0.983	0.985	0.991	0.993	0.99	0.982	0.976	0.979	0.977	0.983	0.985	0.974	0.982	0.976	0.964	0.976	0.962	0.971	0.948	0.98	0.953	0.955	0.967	0.948	0.962	0.95	0.964	0.948	0.955	0.958	0.949	0.954	0.946	0.942	0.939	0.938	0.939	0.937	0.933	0.943	0.949	0.924	0.933	0.912	0.912	0.904	0.899	0.894	0.896	0.9	0.879	0.886	0.851	0.856	
1	1	1	1	1	1	1	1	1	1	1	1	1	1	1	1	1	1	1	1	1	1	1	1	1	1	1	1	1	1	1	1	1	1	1	1	1	1	1	1	1	1	1	1	1	1	1	1	1	1	1	1	1	1	1	1	1	1	1	1	1	1	1	1	1	1	1	1	1	1	1	1	1	1	1	1	1	1	1	1	1	1	1	1	1	1	1	1	1	1	1	0.999	1	0.999	1	0.998	0.998	0.996	0.997	0.994	
1	1	1	1	1	1	1	1	1	1	1	1	1	1	1	1	1	1	1	1	1	1	1	1	1	1	1	1	1	1	1	1	1	1	1	1	1	1	1	1	1	1	1	0.999	1	1	1	1	1	0.999	0.998	1	1	1	0.998	1	1	0.998	0.998	0.998	0.999	0.997	0.999	1	0.996	0.998	0.999	0.997	0.998	0.996	0.995	0.995	0.996	0.995	0.998	0.996	0.993	0.994	0.993	0.991	0.99	0.993	0.995	0.992	0.989	0.99	0.985	0.987	0.982	0.982	0.982	0.986	0.982	0.978	0.977	0.976	0.975	0.967	0.971	0.96	
1	1	1	0.999	0.999	0.999	0.999	1	0.999	0.999	0.999	0.999	0.997	0.999	0.999	0.998	0.999	0.998	0.999	0.998	0.996	0.999	0.997	0.995	0.995	1	0.998	0.995	0.998	0.995	0.993	0.993	0.989	0.988	0.99	0.988	0.991	0.991	0.983	0.987	0.987	0.983	0.982	0.988	0.981	0.979	0.98	0.985	0.972	0.964	0.969	0.967	0.971	0.974	0.967	0.974	0.966	0.975	0.957	0.962	0.951	0.964	0.944	0.954	0.955	0.942	0.954	0.948	0.946	0.937	0.947	0.933	0.943	0.925	0.932	0.936	0.933	0.931	0.93	0.923	0.913	0.919	0.913	0.903	0.901	0.908	0.912	0.898	0.891	0.886	0.897	0.889	0.867	0.862	0.879	0.861	0.824	0.835	0.806	0.786	
1	1	1	1	1	1	1	1	1	1	1	1	1	1	1	1	1	1	1	1	1	1	1	1	1	1	0.999	1	0.999	1	0.999	1	0.999	1	0.999	1	1	1	1	0.999	0.996	0.997	0.999	0.997	0.997	0.998	0.994	0.996	0.996	0.989	0.994	0.983	0.987	0.99	0.99	0.981	0.978	0.976	0.964	0.977	0.963	0.959	0.957	0.94	0.937	0.931	0.929	0.916	0.914	0.894	0.885	0.878	0.842	0.827	0.809	0.812	0.798	0.791	0.742	0.719	0.679	0.687	0.661	0.659	0.611	0.559	0.559	0.518	0.51	0.462	0.402	0.398	0.386	0.368	0.314	0.294	0.247	0.229	0.201	0.192	
0.998	0.997	0.994	0.995	0.992	0.992	0.99	0.994	0.981	0.985	0.991	0.985	0.968	0.979	0.97	0.973	0.96	0.962	0.951	0.951	0.935	0.939	0.922	0.921	0.902	0.896	0.885	0.882	0.881	0.845	0.836	0.841	0.843	0.813	0.795	0.809	0.751	0.748	0.76	0.718	0.691	0.691	0.665	0.642	0.617	0.567	0.565	0.547	0.529	0.534	0.478	0.458	0.48	0.398	0.401	0.391	0.364	0.308	0.355	0.293	0.286	0.251	0.223	0.225	0.211	0.192	0.161	0.148	0.163	0.14	0.118	0.112	0.093	0.091	0.073	0.064	0.052	0.06	0.038	0.04	0.036	0.019	0.031	0.017	0.017	0.018	0.017	0.003	0.006	0.005	0.004	0.004	0.005	0.001	0.002	0	0.002	0	0.001	0	
1	1	1	1	1	1	1	1	1	1	1	1	1	1	1	1	1	1	1	1	1	1	1	1	1	1	1	1	1	1	1	1	1	1	1	1	1	1	0.997	0.999	1	1	0.999	0.999	0.999	1	0.999	0.998	0.997	0.998	1	0.999	0.995	0.999	0.997	0.998	0.995	0.999	0.995	0.994	0.993	0.987	0.99	0.989	0.98	0.988	0.99	0.984	0.988	0.984	0.979	0.986	0.975	0.987	0.976	0.981	0.974	0.968	0.973	0.974	0.967	0.971	0.968	0.963	0.971	0.969	0.967	0.96	0.953	0.956	0.955	0.964	0.955	0.954	0.965	0.958	0.96	0.953	0.962	0.958	
1	1	1	1	1	1	1	0.999	1	1	1	0.999	0.999	1	1	1	0.998	1	0.999	1	0.997	0.999	0.996	0.995	0.999	0.997	0.998	0.995	0.991	0.992	0.996	0.992	0.984	0.992	0.987	0.98	0.98	0.98	0.98	0.974	0.977	0.969	0.962	0.969	0.96	0.951	0.948	0.939	0.939	0.938	0.93	0.927	0.923	0.927	0.905	0.92	0.903	0.896	0.871	0.869	0.824	0.845	0.835	0.819	0.829	0.796	0.818	0.784	0.78	0.745	0.757	0.705	0.708	0.681	0.668	0.664	0.605	0.623	0.588	0.545	0.514	0.525	0.501	0.463	0.425	0.405	0.359	0.333	0.305	0.253	0.242	0.237	0.202	0.159	0.153	0.116	0.101	0.075	0.072	0.052	
0.902	0.866	0.881	0.846	0.826	0.811	0.805	0.768	0.797	0.757	0.732	0.741	0.675	0.685	0.66	0.627	0.652	0.631	0.593	0.587	0.589	0.54	0.474	0.474	0.5	0.439	0.452	0.437	0.42	0.408	0.374	0.356	0.361	0.354	0.355	0.317	0.323	0.293	0.293	0.285	0.243	0.245	0.224	0.232	0.23	0.211	0.192	0.192	0.189	0.178	0.171	0.155	0.143	0.144	0.128	0.134	0.122	0.131	0.136	0.115	0.101	0.098	0.108	0.073	0.082	0.073	0.075	0.049	0.055	0.052	0.046	0.055	0.046	0.038	0.027	0.038	0.037	0.019	0.023	0.018	0.029	0.022	0.012	0.024	0.016	0.013	0.012	0.013	0.015	0.006	0.007	0.004	0.007	0.003	0.001	0.003	0.001	0.002	0.002	0	
0.927	0.907	0.917	0.877	0.89	0.884	0.892	0.888	0.876	0.885	0.861	0.864	0.845	0.841	0.825	0.834	0.808	0.815	0.82	0.803	0.798	0.79	0.783	0.761	0.75	0.738	0.759	0.751	0.735	0.735	0.68	0.684	0.694	0.655	0.649	0.652	0.624	0.624	0.61	0.63	0.598	0.59	0.556	0.552	0.538	0.539	0.527	0.55	0.502	0.524	0.517	0.524	0.487	0.46	0.477	0.435	0.426	0.402	0.422	0.411	0.414	0.401	0.396	0.381	0.379	0.376	0.365	0.346	0.339	0.357	0.34	0.351	0.341	0.357	0.341	0.318	0.319	0.301	0.278	0.32	0.273	0.284	0.254	0.271	0.267	0.241	0.234	0.262	0.228	0.205	0.239	0.231	0.208	0.202	0.194	0.188	0.162	0.152	0.157	0.123	
1	1	1	1	1	1	1	1	1	1	1	1	1	1	1	1	0.999	1	0.999	1	1	1	1	1	0.999	0.998	1	1	1	1	0.999	0.996	1	0.999	1	0.999	1	0.997	0.999	0.999	0.998	0.997	0.998	0.998	0.993	1	0.998	0.999	1	0.997	0.996	0.999	0.997	0.998	0.999	0.993	0.996	0.993	0.993	0.995	0.998	0.996	0.995	0.994	0.997	0.993	0.989	0.993	0.992	0.988	0.984	0.987	0.989	0.982	0.981	0.982	0.97	0.967	0.976	0.97	0.958	0.96	0.946	0.932	0.918	0.913	0.909	0.881	0.866	0.864	0.829	0.807	0.791	0.757	0.725	0.708	0.662	0.63	0.553	0.517	
1	1	0.999	1	0.999	0.998	0.996	0.998	0.999	0.999	0.997	0.996	0.999	0.998	0.99	0.993	0.992	0.991	0.99	0.991	0.989	0.979	0.975	0.977	0.969	0.972	0.973	0.968	0.978	0.945	0.95	0.935	0.937	0.949	0.926	0.915	0.92	0.919	0.892	0.879	0.894	0.886	0.879	0.877	0.872	0.853	0.848	0.813	0.821	0.838	0.782	0.825	0.81	0.815	0.785	0.772	0.782	0.768	0.751	0.78	0.753	0.726	0.715	0.722	0.697	0.677	0.694	0.678	0.647	0.668	0.643	0.63	0.657	0.625	0.626	0.583	0.56	0.533	0.576	0.538	0.535	0.5	0.476	0.453	0.456	0.448	0.45	0.41	0.434	0.384	0.399	0.375	0.363	0.365	0.338	0.323	0.318	0.295	0.26	0.281	
1	1	1	1	1	1	1	1	1	1	1	1	1	1	1	1	1	1	1	1	1	1	1	1	1	0.999	1	1	1	1	1	1	1	1	1	1	1	1	1	1	1	0.999	1	1	0.999	1	0.998	0.999	1	0.999	0.998	0.995	1	0.999	1	1	0.999	0.999	0.998	0.998	0.997	0.995	0.999	0.998	0.999	0.99	0.994	0.993	0.994	0.984	0.988	0.988	0.981	0.972	0.973	0.969	0.969	0.962	0.947	0.94	0.949	0.937	0.933	0.903	0.879	0.872	0.855	0.844	0.815	0.792	0.751	0.745	0.726	0.697	0.647	0.606	0.574	0.515	0.51	0.449	
0.969	0.976	0.958	0.94	0.97	0.94	0.938	0.913	0.912	0.899	0.89	0.887	0.878	0.831	0.861	0.812	0.823	0.775	0.774	0.776	0.741	0.757	0.682	0.712	0.683	0.699	0.665	0.656	0.627	0.592	0.564	0.55	0.537	0.505	0.52	0.473	0.431	0.444	0.414	0.385	0.376	0.355	0.349	0.312	0.315	0.264	0.263	0.266	0.226	0.222	0.178	0.18	0.188	0.145	0.144	0.17	0.104	0.112	0.101	0.085	0.085	0.079	0.066	0.064	0.05	0.048	0.038	0.048	0.033	0.02	0.023	0.019	0.009	0.012	0.015	0.005	0.004	0.005	0.007	0.003	0.005	0.004	0.001	0.003	0	0	0	0	0.001	0.001	0	0	0	0	0	0	0	0	0	0	
0.426	0.41	0.385	0.401	0.396	0.359	0.366	0.359	0.321	0.342	0.308	0.333	0.311	0.307	0.278	0.256	0.302	0.313	0.267	0.27	0.261	0.301	0.264	0.276	0.294	0.248	0.291	0.295	0.275	0.266	0.301	0.247	0.269	0.255	0.269	0.258	0.243	0.256	0.242	0.229	0.255	0.248	0.223	0.242	0.24	0.233	0.238	0.233	0.247	0.231	0.212	0.174	0.214	0.184	0.198	0.191	0.176	0.205	0.169	0.165	0.165	0.133	0.156	0.149	0.155	0.13	0.123	0.115	0.111	0.11	0.126	0.101	0.099	0.094	0.09	0.091	0.078	0.07	0.075	0.067	0.06	0.06	0.051	0.051	0.043	0.031	0.035	0.032	0.036	0.015	0.015	0.019	0.018	0.013	0.013	0.014	0.006	0.007	0.009	0.006	
1	1	0.999	1	1	0.999	1	1	0.998	0.999	1	0.999	1	0.998	0.998	0.999	0.995	0.997	1	0.993	0.998	0.998	0.997	0.999	0.994	0.997	0.994	0.989	0.992	0.993	0.991	0.988	0.987	0.994	0.978	0.975	0.986	0.988	0.976	0.977	0.976	0.978	0.973	0.974	0.972	0.967	0.975	0.955	0.963	0.959	0.965	0.944	0.956	0.947	0.942	0.951	0.938	0.953	0.921	0.927	0.939	0.929	0.916	0.889	0.896	0.882	0.883	0.875	0.883	0.879	0.866	0.843	0.823	0.81	0.833	0.804	0.773	0.773	0.781	0.754	0.735	0.725	0.718	0.685	0.691	0.652	0.645	0.601	0.582	0.556	0.535	0.499	0.49	0.435	0.425	0.403	0.394	0.34	0.316	0.283	
1	1	1	1	1	1	1	1	1	1	1	1	1	1	1	1	1	1	1	1	1	1	1	1	1	1	1	1	1	1	1	1	1	1	1	1	1	1	1	1	1	1	1	0.999	1	1	0.998	1	1	1	1	1	0.999	0.999	1	0.999	0.998	0.996	0.994	0.993	0.999	0.993	0.995	0.99	0.991	0.988	0.99	0.985	0.983	0.977	0.982	0.976	0.973	0.961	0.955	0.947	0.954	0.942	0.931	0.91	0.894	0.867	0.87	0.858	0.861	0.83	0.808	0.784	0.749	0.725	0.705	0.682	0.65	0.573	0.557	0.554	0.5	0.448	0.404	0.399	
0.885	0.884	0.874	0.868	0.847	0.845	0.812	0.786	0.766	0.77	0.717	0.724	0.693	0.706	0.67	0.646	0.649	0.635	0.626	0.614	0.56	0.561	0.515	0.494	0.479	0.443	0.453	0.426	0.386	0.392	0.375	0.329	0.352	0.336	0.283	0.291	0.259	0.255	0.233	0.217	0.199	0.209	0.175	0.176	0.129	0.14	0.123	0.113	0.102	0.097	0.084	0.068	0.063	0.063	0.043	0.054	0.051	0.033	0.027	0.028	0.027	0.023	0.022	0.01	0.014	0.009	0.012	0.011	0.006	0.008	0.015	0.004	0.002	0.002	0.001	0.002	0.002	0.001	0.003	0.003	0.001	0	0	0	0.002	0	0	0	0	0	0	0	0	0	0	0	0	0	0	0.001	
0.859	0.841	0.848	0.846	0.828	0.802	0.801	0.78	0.784	0.779	0.753	0.749	0.754	0.716	0.698	0.684	0.66	0.675	0.669	0.623	0.595	0.602	0.565	0.556	0.541	0.521	0.513	0.466	0.482	0.464	0.47	0.42	0.424	0.418	0.413	0.404	0.354	0.367	0.362	0.343	0.312	0.301	0.293	0.288	0.275	0.267	0.248	0.254	0.227	0.22	0.221	0.194	0.175	0.17	0.175	0.167	0.145	0.136	0.154	0.135	0.124	0.117	0.135	0.113	0.091	0.097	0.086	0.087	0.078	0.073	0.072	0.056	0.054	0.064	0.046	0.057	0.047	0.033	0.036	0.038	0.023	0.038	0.03	0.032	0.024	0.019	0.016	0.015	0.015	0.012	0.009	0.004	0.009	0.004	0.001	0.003	0.005	0.003	0.001	0	
0.995	0.987	0.994	0.991	0.997	0.992	0.989	0.986	0.984	0.975	0.976	0.975	0.971	0.968	0.977	0.964	0.968	0.953	0.945	0.943	0.949	0.941	0.952	0.934	0.933	0.922	0.924	0.915	0.915	0.904	0.894	0.885	0.888	0.891	0.882	0.889	0.87	0.848	0.864	0.852	0.843	0.864	0.849	0.822	0.823	0.79	0.794	0.79	0.766	0.795	0.77	0.74	0.755	0.733	0.734	0.741	0.732	0.697	0.697	0.699	0.69	0.677	0.658	0.686	0.645	0.64	0.606	0.63	0.595	0.569	0.568	0.569	0.54	0.54	0.517	0.495	0.508	0.489	0.47	0.474	0.457	0.413	0.399	0.378	0.361	0.307	0.34	0.325	0.304	0.3	0.268	0.247	0.254	0.215	0.198	0.171	0.148	0.136	0.13	0.104	
1	1	1	1	1	1	1	1	1	1	1	1	1	1	1	1	1	1	1	1	1	1	1	1	0.999	1	0.999	1	1	0.999	1	0.999	0.998	0.998	0.998	0.996	0.995	0.994	0.994	0.998	0.994	0.995	0.998	0.992	0.993	0.992	0.987	0.988	0.984	0.982	0.972	0.985	0.973	0.978	0.97	0.969	0.952	0.969	0.958	0.957	0.948	0.948	0.951	0.922	0.93	0.92	0.918	0.916	0.912	0.898	0.883	0.898	0.871	0.869	0.853	0.85	0.851	0.845	0.824	0.82	0.817	0.797	0.807	0.788	0.769	0.777	0.767	0.77	0.759	0.775	0.739	0.718	0.727	0.723	0.655	0.679	0.684	0.67	0.674	0.638	
0.911	0.93	0.917	0.892	0.915	0.887	0.887	0.873	0.881	0.871	0.838	0.846	0.846	0.826	0.799	0.801	0.801	0.783	0.762	0.745	0.745	0.735	0.729	0.718	0.693	0.709	0.687	0.676	0.645	0.653	0.62	0.625	0.607	0.597	0.584	0.569	0.571	0.565	0.549	0.498	0.494	0.499	0.496	0.448	0.445	0.452	0.426	0.419	0.4	0.398	0.366	0.376	0.349	0.337	0.295	0.304	0.286	0.278	0.233	0.25	0.239	0.214	0.226	0.182	0.182	0.178	0.173	0.139	0.156	0.143	0.127	0.117	0.129	0.12	0.083	0.093	0.066	0.065	0.065	0.069	0.067	0.051	0.04	0.045	0.035	0.029	0.028	0.031	0.027	0.033	0.033	0.021	0.027	0.021	0.015	0.018	0.018	0.019	0.014	0.012	
1	1	1	1	1	1	1	1	1	1	1	1	1	1	1	1	1	1	1	1	1	1	1	1	1	1	1	1	1	1	1	1	1	1	1	1	1	1	0.998	1	1	1	1	1	1	1	0.998	0.999	0.999	0.999	0.998	0.998	0.995	1	0.998	0.995	0.995	0.996	0.992	0.995	0.993	0.996	0.992	0.99	0.993	0.981	0.98	0.982	0.966	0.971	0.973	0.97	0.962	0.972	0.955	0.948	0.96	0.95	0.938	0.917	0.933	0.917	0.919	0.904	0.902	0.899	0.902	0.888	0.878	0.869	0.839	0.853	0.84	0.838	0.822	0.815	0.793	0.779	0.771	0.762	
1	1	1	1	1	1	1	1	1	1	1	1	0.999	1	1	1	0.999	1	1	1	1	1	0.999	0.999	0.999	0.996	0.999	0.997	0.998	0.995	0.998	0.997	0.996	0.992	0.998	0.994	0.988	0.99	0.992	0.994	0.99	0.991	0.98	0.994	0.988	0.986	0.978	0.984	0.982	0.975	0.974	0.974	0.97	0.959	0.958	0.947	0.942	0.945	0.939	0.927	0.909	0.916	0.898	0.895	0.864	0.874	0.839	0.821	0.806	0.781	0.766	0.714	0.691	0.66	0.624	0.584	0.543	0.537	0.455	0.428	0.411	0.373	0.317	0.282	0.258	0.213	0.161	0.121	0.1	0.087	0.073	0.053	0.049	0.029	0.023	0.014	0.005	0.001	0.006	0.001	
0.731	0.688	0.702	0.65	0.625	0.617	0.583	0.59	0.573	0.544	0.51	0.485	0.452	0.426	0.426	0.405	0.382	0.343	0.31	0.316	0.286	0.26	0.221	0.217	0.183	0.171	0.142	0.131	0.118	0.125	0.096	0.092	0.083	0.076	0.042	0.035	0.052	0.029	0.026	0.024	0.025	0.019	0.012	0.009	0.008	0.006	0.005	0.003	0.007	0.003	0.004	0.003	0.001	0	0.001	0	0.001	0.001	0	0	0	0	0	0	0	0	0	0	0	0	0	0	0	0	0	0	0	0	0	0	0	0	0	0	0	0	0	0	0	0	0	0	0	0	0	0	0	0	0	0	
1	1	1	1	1	1	1	1	1	1	1	1	1	1	1	1	1	1	1	1	1	1	1	1	1	1	1	1	1	1	1	1	1	1	1	1	1	1	1	1	1	1	1	1	1	1	1	1	1	1	1	1	1	1	1	1	1	1	1	1	1	1	1	1	1	1	1	1	1	1	1	1	1	1	0.999	1	0.998	1	1	0.998	0.999	0.999	0.997	0.998	0.999	0.997	0.991	0.995	0.99	0.993	0.997	0.984	0.988	0.982	0.98	0.969	0.97	0.971	0.957	0.951	
1	1	1	1	1	1	1	1	1	1	1	1	1	1	1	1	1	1	1	1	1	1	1	1	1	1	1	1	1	1	1	1	1	1	1	0.999	1	1	1	0.999	0.999	1	1	1	1	1	1	1	1	0.998	0.998	1	0.997	0.997	0.997	0.996	0.995	0.993	0.994	0.979	0.986	0.979	0.982	0.98	0.983	0.978	0.967	0.967	0.964	0.956	0.95	0.945	0.949	0.917	0.905	0.896	0.871	0.876	0.856	0.83	0.796	0.799	0.776	0.73	0.698	0.668	0.662	0.596	0.574	0.561	0.533	0.472	0.421	0.358	0.378	0.332	0.284	0.237	0.211	0.165	
1	1	1	1	1	1	1	1	1	1	1	1	1	1	1	1	1	1	1	1	1	1	1	1	1	1	1	1	1	0.999	1	1	0.999	0.998	1	1	0.999	1	1	0.996	0.998	0.998	0.996	0.993	0.998	0.988	0.994	0.997	0.987	0.993	0.991	0.987	0.982	0.964	0.968	0.967	0.97	0.96	0.946	0.943	0.947	0.931	0.947	0.908	0.894	0.892	0.904	0.891	0.868	0.854	0.846	0.799	0.809	0.781	0.737	0.703	0.705	0.686	0.67	0.637	0.579	0.596	0.515	0.498	0.486	0.453	0.398	0.391	0.335	0.332	0.276	0.24	0.248	0.198	0.175	0.155	0.136	0.123	0.081	0.075	
0.971	0.972	0.973	0.977	0.964	0.955	0.966	0.963	0.952	0.959	0.938	0.952	0.917	0.925	0.922	0.918	0.907	0.918	0.897	0.873	0.878	0.888	0.864	0.851	0.861	0.866	0.877	0.823	0.823	0.818	0.826	0.812	0.8	0.758	0.762	0.75	0.754	0.752	0.727	0.716	0.689	0.712	0.695	0.706	0.653	0.666	0.646	0.623	0.609	0.64	0.591	0.555	0.58	0.566	0.558	0.553	0.545	0.53	0.531	0.494	0.465	0.503	0.49	0.476	0.489	0.447	0.434	0.454	0.43	0.434	0.419	0.394	0.394	0.4	0.394	0.388	0.354	0.36	0.342	0.341	0.321	0.335	0.31	0.267	0.239	0.266	0.246	0.221	0.207	0.211	0.182	0.17	0.153	0.157	0.139	0.141	0.119	0.098	0.084	0.063	
0.403	0.35	0.324	0.332	0.3	0.285	0.262	0.274	0.267	0.219	0.228	0.217	0.186	0.188	0.193	0.161	0.137	0.124	0.119	0.113	0.113	0.12	0.096	0.091	0.078	0.07	0.072	0.074	0.064	0.076	0.053	0.052	0.034	0.043	0.031	0.029	0.037	0.034	0.03	0.033	0.023	0.017	0.02	0.01	0.013	0.013	0.015	0.015	0.008	0.014	0.011	0.01	0.012	0.005	0.007	0.01	0.007	0.006	0.013	0.005	0.001	0	0.002	0.001	0.007	0.003	0.001	0.002	0.001	0	0.003	0.002	0.002	0	0.002	0	0.001	0.001	0.001	0.001	0.001	0	0	0.001	0	0.002	0	0	0.001	0	0.001	0.002	0.001	0	0	0	0	0.001	0.001	0	
0.956	0.952	0.944	0.949	0.94	0.924	0.95	0.933	0.921	0.914	0.894	0.92	0.887	0.873	0.891	0.888	0.861	0.852	0.845	0.846	0.834	0.799	0.804	0.801	0.779	0.775	0.756	0.731	0.722	0.709	0.716	0.722	0.672	0.659	0.664	0.637	0.639	0.595	0.58	0.57	0.567	0.528	0.57	0.529	0.497	0.487	0.479	0.474	0.433	0.416	0.408	0.389	0.352	0.368	0.34	0.329	0.303	0.293	0.29	0.255	0.237	0.232	0.236	0.209	0.191	0.171	0.16	0.182	0.156	0.145	0.108	0.13	0.092	0.123	0.092	0.078	0.073	0.07	0.061	0.055	0.054	0.042	0.055	0.031	0.022	0.021	0.022	0.023	0.013	0.018	0.017	0.014	0.019	0.006	0.008	0.005	0.015	0.008	0.006	0.007	
0.999	0.999	0.997	0.997	0.993	0.991	0.995	0.987	0.989	0.991	0.98	0.981	0.982	0.966	0.953	0.953	0.966	0.937	0.937	0.933	0.909	0.9	0.88	0.871	0.876	0.842	0.826	0.836	0.805	0.791	0.776	0.781	0.752	0.769	0.739	0.698	0.69	0.661	0.658	0.633	0.619	0.637	0.606	0.573	0.565	0.54	0.534	0.507	0.499	0.466	0.485	0.436	0.42	0.401	0.392	0.385	0.364	0.351	0.322	0.324	0.306	0.271	0.29	0.262	0.221	0.224	0.204	0.207	0.177	0.167	0.17	0.17	0.132	0.116	0.126	0.121	0.106	0.107	0.076	0.085	0.091	0.072	0.059	0.07	0.082	0.055	0.052	0.035	0.031	0.041	0.028	0.032	0.021	0.028	0.017	0.014	0.014	0.007	0.013	0.012	
1	1	1	1	1	1	1	1	1	1	1	0.999	1	1	1	0.999	1	1	1	0.998	1	1	1	0.999	0.997	1	1	1	1	1	0.999	1	0.998	0.999	1	0.999	0.996	1	0.997	0.996	0.996	0.997	0.996	0.992	0.995	0.995	0.99	0.987	0.992	0.987	0.98	0.986	0.984	0.983	0.99	0.982	0.978	0.97	0.976	0.981	0.979	0.973	0.97	0.972	0.971	0.959	0.968	0.962	0.967	0.959	0.951	0.952	0.946	0.954	0.95	0.949	0.936	0.93	0.909	0.895	0.898	0.874	0.874	0.857	0.84	0.819	0.78	0.742	0.716	0.679	0.663	0.604	0.56	0.524	0.487	0.453	0.418	0.371	0.294	0.283	
0.924	0.952	0.94	0.918	0.914	0.907	0.892	0.885	0.862	0.872	0.86	0.841	0.813	0.804	0.787	0.756	0.783	0.726	0.709	0.698	0.662	0.63	0.63	0.614	0.58	0.553	0.54	0.54	0.486	0.462	0.418	0.392	0.39	0.37	0.321	0.314	0.273	0.271	0.255	0.243	0.195	0.214	0.178	0.168	0.162	0.142	0.12	0.126	0.112	0.08	0.101	0.075	0.056	0.059	0.05	0.048	0.033	0.036	0.026	0.026	0.017	0.017	0.013	0.011	0.015	0.008	0.004	0.011	0.003	0.001	0.002	0.003	0	0	0	0	0.001	0	0.001	0.001	0.001	0	0	0	0	0	0	0	0	0	0	0	0	0	0	0	0	0	0	0	
0.857	0.839	0.845	0.809	0.78	0.773	0.768	0.734	0.694	0.685	0.679	0.639	0.622	0.604	0.584	0.557	0.528	0.503	0.489	0.494	0.428	0.415	0.423	0.37	0.375	0.337	0.331	0.324	0.305	0.264	0.266	0.22	0.204	0.185	0.201	0.19	0.167	0.166	0.149	0.134	0.128	0.106	0.106	0.085	0.097	0.1	0.063	0.075	0.056	0.069	0.051	0.05	0.043	0.042	0.035	0.043	0.033	0.03	0.026	0.021	0.016	0.014	0.024	0.006	0.009	0.012	0.012	0.013	0.008	0.013	0.012	0.009	0.009	0.002	0.005	0.007	0.005	0.006	0.005	0.003	0.002	0.002	0.002	0	0.001	0	0	0	0	0	0	0	0.001	0	0	0	0.001	0	0	0	
1	1	1	1	1	1	1	1	1	1	1	1	1	1	1	1	1	1	1	1	1	1	1	1	1	1	1	1	1	1	1	1	1	1	0.999	1	0.999	1	1	0.997	0.999	0.998	0.998	0.998	1	0.997	0.992	0.993	0.988	0.987	0.983	0.983	0.987	0.985	0.97	0.975	0.966	0.963	0.955	0.949	0.94	0.933	0.921	0.909	0.913	0.894	0.897	0.873	0.852	0.838	0.853	0.824	0.791	0.799	0.764	0.75	0.733	0.693	0.682	0.648	0.63	0.612	0.607	0.576	0.554	0.537	0.516	0.503	0.482	0.455	0.441	0.419	0.408	0.353	0.336	0.353	0.295	0.299	0.291	0.252	
1	1	1	1	1	1	1	1	1	1	1	1	1	1	1	1	1	1	1	1	1	1	1	1	1	1	1	1	1	1	1	1	1	1	1	1	1	1	1	1	1	1	1	1	1	1	1	1	1	1	1	1	1	1	1	1	1	1	1	1	1	1	0.999	1	0.999	1	0.999	0.999	1	0.997	0.994	1	0.997	0.996	0.997	0.995	0.996	0.992	0.989	0.991	0.983	0.989	0.985	0.984	0.982	0.978	0.973	0.956	0.974	0.961	0.963	0.953	0.954	0.942	0.929	0.928	0.927	0.897	0.889	0.862	
0.047	0.03	0.032	0.042	0.03	0.028	0.038	0.029	0.026	0.021	0.034	0.041	0.022	0.025	0.04	0.037	0.028	0.037	0.047	0.045	0.036	0.042	0.034	0.031	0.032	0.046	0.036	0.047	0.031	0.043	0.035	0.033	0.045	0.044	0.046	0.048	0.044	0.055	0.052	0.057	0.067	0.051	0.068	0.051	0.061	0.068	0.066	0.067	0.073	0.084	0.084	0.079	0.084	0.094	0.086	0.102	0.082	0.12	0.125	0.114	0.117	0.119	0.126	0.118	0.133	0.135	0.154	0.157	0.172	0.159	0.17	0.207	0.179	0.185	0.19	0.19	0.211	0.206	0.204	0.199	0.207	0.197	0.209	0.226	0.224	0.224	0.22	0.207	0.202	0.176	0.191	0.169	0.159	0.118	0.116	0.101	0.066	0.062	0.048	0.037	
1	1	1	1	1	1	1	1	1	1	1	1	1	1	1	1	1	1	1	1	1	1	1	1	1	1	1	1	1	1	1	1	1	1	1	1	1	1	1	1	1	0.999	1	1	1	1	1	1	0.999	1	1	1	0.999	1	1	1	1	1	0.999	0.999	1	1	1	1	0.999	0.999	1	1	0.999	0.997	1	0.996	0.998	0.996	0.994	0.994	0.988	0.993	0.993	0.992	0.988	0.983	0.973	0.979	0.971	0.961	0.965	0.962	0.95	0.95	0.941	0.914	0.925	0.921	0.881	0.857	0.873	0.82	0.821	0.78	
1	1	1	1	1	1	1	1	1	1	1	1	1	1	1	1	1	1	1	1	1	1	1	1	1	1	1	1	1	1	1	1	1	1	1	1	1	1	1	1	1	1	1	1	1	1	1	1	1	1	1	1	1	1	1	1	1	1	1	1	1	1	1	1	1	1	1	1	1	1	1	1	1	1	1	1	1	1	1	1	1	1	0.999	1	1	0.999	0.998	0.995	0.997	0.998	0.997	0.997	0.995	0.99	0.994	0.987	0.985	0.982	0.972	0.971	
0.93	0.944	0.928	0.92	0.937	0.919	0.923	0.91	0.917	0.914	0.895	0.914	0.877	0.867	0.87	0.884	0.858	0.874	0.84	0.837	0.836	0.827	0.837	0.801	0.792	0.816	0.788	0.815	0.779	0.765	0.768	0.769	0.774	0.737	0.727	0.711	0.73	0.719	0.702	0.705	0.681	0.679	0.674	0.672	0.671	0.618	0.622	0.618	0.614	0.631	0.623	0.579	0.576	0.56	0.563	0.565	0.522	0.519	0.51	0.512	0.497	0.5	0.469	0.459	0.447	0.457	0.423	0.421	0.407	0.395	0.345	0.376	0.366	0.348	0.344	0.319	0.306	0.314	0.275	0.284	0.238	0.257	0.211	0.211	0.221	0.195	0.181	0.156	0.157	0.146	0.14	0.14	0.148	0.127	0.117	0.113	0.089	0.094	0.08	0.072	
1	1	1	1	1	1	1	1	1	1	1	1	1	1	1	1	1	1	1	1	1	1	1	1	1	1	1	1	1	1	1	1	1	1	1	1	1	1	1	1	1	1	1	1	1	1	1	0.999	1	1	1	1	1	1	1	1	1	1	0.999	0.999	1	1	1	1	0.999	0.998	1	0.999	1	0.999	0.998	0.999	0.999	0.999	0.999	0.999	1	1	0.997	0.997	0.998	1	0.999	0.998	0.999	0.996	1	1	0.999	0.992	0.998	0.998	0.997	0.997	0.997	0.998	0.998	0.992	0.99	0.994	
0.986	0.981	0.979	0.975	0.976	0.987	0.964	0.962	0.965	0.965	0.962	0.956	0.934	0.957	0.938	0.934	0.925	0.929	0.918	0.916	0.914	0.9	0.899	0.891	0.883	0.88	0.885	0.85	0.854	0.875	0.844	0.846	0.821	0.823	0.788	0.781	0.781	0.761	0.753	0.728	0.76	0.703	0.686	0.673	0.658	0.647	0.657	0.615	0.583	0.596	0.581	0.551	0.498	0.486	0.483	0.468	0.441	0.451	0.382	0.377	0.38	0.323	0.342	0.293	0.274	0.249	0.216	0.234	0.182	0.195	0.16	0.133	0.118	0.112	0.119	0.072	0.063	0.071	0.044	0.037	0.03	0.027	0.022	0.017	0.01	0.006	0.007	0.012	0.003	0.006	0.004	0.001	0	0.002	0	0	0	0.001	0	0	
1	1	1	1	1	1	1	1	1	1	1	1	1	1	1	1	1	1	1	1	1	1	1	1	1	1	1	1	1	1	1	1	1	1	1	1	0.998	0.999	0.998	0.999	1	0.997	0.997	0.999	0.994	0.996	0.995	0.992	0.995	0.994	0.993	0.984	0.98	0.98	0.978	0.965	0.978	0.959	0.954	0.953	0.962	0.94	0.936	0.917	0.924	0.899	0.902	0.877	0.868	0.859	0.836	0.815	0.837	0.793	0.763	0.758	0.721	0.705	0.635	0.642	0.614	0.552	0.547	0.481	0.42	0.384	0.366	0.319	0.278	0.217	0.175	0.156	0.125	0.104	0.071	0.064	0.042	0.025	0.018	0.013	
1	1	1	1	1	1	1	1	1	1	1	1	1	1	1	1	1	0.999	0.998	1	1	0.999	1	1	1	0.998	1	0.996	0.998	0.999	0.997	0.997	0.996	0.996	0.994	0.991	0.992	0.994	0.989	0.99	0.988	0.987	0.993	0.988	0.979	0.971	0.976	0.976	0.962	0.957	0.96	0.948	0.946	0.949	0.924	0.92	0.934	0.902	0.909	0.909	0.874	0.865	0.857	0.828	0.824	0.795	0.788	0.784	0.756	0.719	0.718	0.685	0.677	0.659	0.644	0.598	0.603	0.565	0.538	0.5	0.498	0.45	0.431	0.427	0.372	0.368	0.304	0.299	0.265	0.257	0.22	0.19	0.182	0.152	0.14	0.109	0.097	0.077	0.059	0.057	
1	1	1	1	1	1	1	1	1	1	1	1	1	1	1	1	1	1	1	1	1	1	1	1	1	1	1	1	1	1	1	1	1	1	1	1	1	1	1	1	1	1	1	1	1	1	1	1	1	1	1	1	1	1	1	1	1	1	1	1	1	1	1	1	1	1	1	1	1	1	1	1	1	1	1	1	1	1	1	1	1	1	1	1	1	1	1	1	1	0.999	1	1	0.998	0.998	0.997	0.993	0.991	0.992	0.993	0.987	
0.583	0.582	0.542	0.504	0.52	0.517	0.486	0.483	0.481	0.457	0.447	0.427	0.413	0.398	0.38	0.358	0.388	0.344	0.345	0.318	0.294	0.295	0.306	0.311	0.292	0.249	0.25	0.224	0.25	0.237	0.221	0.234	0.206	0.213	0.167	0.183	0.179	0.171	0.177	0.138	0.152	0.163	0.143	0.154	0.143	0.13	0.129	0.118	0.127	0.111	0.11	0.079	0.104	0.102	0.077	0.102	0.094	0.102	0.105	0.082	0.06	0.064	0.066	0.068	0.07	0.072	0.069	0.067	0.045	0.065	0.044	0.055	0.051	0.052	0.044	0.055	0.047	0.035	0.037	0.048	0.031	0.032	0.029	0.028	0.036	0.033	0.031	0.027	0.02	0.023	0.023	0.02	0.017	0.023	0.011	0.014	0.007	0.012	0.008	0.006	
0	0	0	0	0	0	0	0	0	0	0	0	0	0	0	0	0	0	0	0	0	0	0	0	0	0	0	0	0	0	0	0	0	0	0	0	0	0	0	0	0	0	0	0	0	0	0	0	0	0	0	0	0	0	0	0	0	0	0	0	0	0	0	0	0	0	0	0	0	0	0	0	0	0	0	0	0	0	0	0	0	0	0	0	0	0	0	0	0	0	0	0	0	0	0	0	0	0	0	0	
1	1	0.998	0.996	0.997	0.994	0.991	0.998	0.989	0.995	0.989	0.992	0.983	0.985	0.978	0.975	0.975	0.972	0.963	0.973	0.97	0.941	0.949	0.933	0.933	0.917	0.911	0.902	0.898	0.878	0.886	0.861	0.852	0.823	0.831	0.821	0.81	0.764	0.778	0.776	0.737	0.72	0.729	0.701	0.699	0.679	0.664	0.646	0.63	0.615	0.613	0.575	0.578	0.554	0.54	0.546	0.539	0.5	0.493	0.481	0.462	0.44	0.423	0.444	0.377	0.359	0.337	0.314	0.307	0.303	0.32	0.263	0.268	0.263	0.219	0.208	0.2	0.183	0.17	0.163	0.165	0.144	0.104	0.115	0.111	0.09	0.075	0.089	0.056	0.055	0.049	0.051	0.04	0.038	0.034	0.026	0.018	0.023	0.028	0.013	
0.996	0.998	0.99	0.988	0.986	0.987	0.987	0.982	0.975	0.976	0.982	0.981	0.972	0.967	0.969	0.956	0.947	0.946	0.952	0.934	0.929	0.919	0.907	0.923	0.901	0.899	0.881	0.872	0.874	0.85	0.831	0.828	0.839	0.847	0.849	0.821	0.819	0.792	0.804	0.785	0.774	0.756	0.792	0.761	0.778	0.76	0.727	0.731	0.745	0.725	0.711	0.701	0.717	0.694	0.694	0.685	0.695	0.702	0.697	0.67	0.685	0.642	0.658	0.671	0.654	0.652	0.663	0.66	0.622	0.638	0.626	0.616	0.62	0.603	0.599	0.596	0.586	0.564	0.526	0.517	0.521	0.522	0.455	0.47	0.436	0.392	0.386	0.334	0.307	0.287	0.262	0.218	0.21	0.19	0.151	0.116	0.117	0.095	0.065	0.054	
0.997	0.997	0.99	0.99	0.992	0.988	0.99	0.984	0.988	0.974	0.971	0.979	0.966	0.965	0.962	0.961	0.961	0.961	0.942	0.912	0.925	0.926	0.917	0.915	0.889	0.881	0.877	0.887	0.872	0.861	0.863	0.838	0.817	0.799	0.805	0.786	0.8	0.784	0.764	0.743	0.72	0.709	0.716	0.68	0.67	0.618	0.62	0.61	0.577	0.62	0.556	0.548	0.535	0.504	0.475	0.461	0.435	0.423	0.401	0.395	0.361	0.353	0.317	0.34	0.314	0.29	0.252	0.246	0.225	0.201	0.194	0.192	0.173	0.155	0.138	0.127	0.1	0.111	0.088	0.085	0.066	0.054	0.067	0.062	0.048	0.042	0.032	0.037	0.021	0.027	0.021	0.023	0.006	0.008	0.007	0.01	0.006	0.003	0.001	0.003	
1	1	1	1	1	1	1	1	1	1	1	1	1	1	1	1	1	1	1	1	1	1	1	1	1	1	1	1	1	1	1	1	1	1	1	1	1	1	1	1	1	1	1	1	1	1	1	1	1	1	1	1	1	1	1	1	1	1	0.999	1	1	1	1	1	1	1	1	1	1	1	0.997	1	1	0.999	1	0.999	0.998	1	0.999	1	0.999	1	1	0.997	1	0.998	0.999	0.998	0.994	0.992	0.996	0.997	0.995	0.998	0.997	0.993	0.998	0.992	0.996	0.991	
0.996	0.996	0.991	0.994	0.991	0.987	0.99	0.988	0.981	0.984	0.98	0.972	0.979	0.975	0.967	0.951	0.951	0.954	0.954	0.945	0.939	0.906	0.915	0.922	0.913	0.898	0.893	0.874	0.887	0.867	0.857	0.825	0.811	0.834	0.813	0.81	0.792	0.759	0.756	0.756	0.76	0.742	0.722	0.732	0.702	0.674	0.692	0.674	0.646	0.639	0.616	0.602	0.609	0.567	0.556	0.588	0.572	0.556	0.543	0.498	0.497	0.494	0.496	0.492	0.445	0.422	0.42	0.434	0.433	0.428	0.392	0.421	0.386	0.354	0.368	0.357	0.368	0.316	0.341	0.308	0.333	0.325	0.307	0.293	0.297	0.267	0.296	0.264	0.274	0.282	0.226	0.249	0.251	0.242	0.239	0.238	0.22	0.228	0.208	0.214	
1	1	1	1	1	1	1	1	1	1	1	1	1	1	1	1	1	1	0.999	1	1	1	1	1	1	1	1	1	1	1	0.998	1	1	0.997	0.999	0.997	0.999	0.998	0.997	0.996	1	0.995	0.995	0.993	0.988	0.994	0.99	0.996	0.989	0.988	0.993	0.985	0.987	0.985	0.984	0.987	0.981	0.987	0.976	0.973	0.966	0.964	0.962	0.968	0.961	0.955	0.959	0.953	0.946	0.947	0.932	0.935	0.946	0.939	0.918	0.909	0.914	0.914	0.914	0.901	0.911	0.897	0.887	0.907	0.881	0.888	0.885	0.889	0.872	0.874	0.869	0.873	0.872	0.864	0.873	0.865	0.835	0.832	0.833	0.819	
1	1	1	1	1	1	1	1	1	1	1	1	1	1	1	1	1	1	1	1	1	1	1	1	1	0.999	1	1	1	1	1	1	1	1	1	1	1	1	1	1	0.999	0.998	1	1	1	0.999	0.998	0.997	0.999	0.998	1	1	0.996	0.996	1	0.999	0.998	0.995	0.997	0.991	0.998	0.995	0.993	0.993	0.99	0.997	0.983	0.99	0.992	0.986	0.986	0.984	0.985	0.977	0.967	0.972	0.963	0.953	0.956	0.963	0.933	0.939	0.942	0.914	0.893	0.893	0.883	0.844	0.814	0.788	0.789	0.741	0.702	0.648	0.631	0.601	0.534	0.475	0.451	0.387	
0.571	0.557	0.565	0.54	0.506	0.5	0.455	0.421	0.43	0.396	0.36	0.344	0.309	0.312	0.27	0.272	0.268	0.235	0.22	0.193	0.174	0.202	0.184	0.175	0.153	0.128	0.128	0.122	0.09	0.101	0.087	0.081	0.062	0.066	0.05	0.05	0.056	0.05	0.042	0.038	0.045	0.032	0.022	0.023	0.033	0.021	0.025	0.024	0.011	0.02	0.011	0.009	0.013	0.01	0.011	0.005	0.01	0.009	0.007	0.006	0	0.002	0.007	0.004	0.004	0.002	0.002	0.001	0.007	0.005	0.001	0.003	0.004	0	0.003	0.003	0	0.001	0.006	0.003	0	0.001	0.001	0.002	0	0.002	0	0	0.001	0	0.001	0	0.002	0.001	0	0	0	0	0	0	
0.81	0.79	0.804	0.777	0.769	0.725	0.735	0.733	0.702	0.712	0.686	0.675	0.672	0.656	0.631	0.623	0.599	0.602	0.559	0.549	0.552	0.499	0.523	0.5	0.481	0.451	0.436	0.413	0.435	0.41	0.391	0.404	0.368	0.374	0.327	0.327	0.33	0.35	0.33	0.291	0.304	0.287	0.277	0.268	0.25	0.27	0.241	0.237	0.244	0.236	0.263	0.267	0.212	0.213	0.226	0.217	0.219	0.219	0.215	0.221	0.258	0.207	0.221	0.225	0.263	0.224	0.222	0.229	0.218	0.232	0.254	0.239	0.249	0.243	0.235	0.246	0.253	0.232	0.243	0.266	0.246	0.234	0.237	0.236	0.23	0.206	0.246	0.242	0.23	0.242	0.226	0.223	0.235	0.193	0.198	0.185	0.205	0.184	0.151	0.16	
1	1	1	1	1	1	1	0.999	1	1	1	1	1	1	1	0.999	1	1	1	1	0.998	0.998	1	0.996	0.998	1	0.999	0.999	0.997	1	0.998	0.995	0.999	0.998	0.996	1	0.993	0.994	0.985	0.993	0.989	0.989	0.986	0.983	0.984	0.977	0.976	0.979	0.97	0.971	0.969	0.959	0.964	0.95	0.95	0.952	0.944	0.942	0.935	0.917	0.924	0.921	0.883	0.888	0.88	0.889	0.872	0.86	0.86	0.84	0.836	0.829	0.8	0.765	0.791	0.759	0.749	0.724	0.715	0.7	0.659	0.634	0.596	0.607	0.57	0.541	0.484	0.456	0.428	0.403	0.404	0.33	0.316	0.285	0.255	0.212	0.191	0.177	0.14	0.111	
1	1	1	1	1	1	1	1	1	1	1	1	1	1	1	1	0.999	1	1	1	1	1	0.999	0.999	1	1	1	1	0.996	0.999	0.999	0.998	0.999	0.999	0.997	0.998	0.995	0.997	0.998	0.994	0.997	0.992	0.993	0.995	0.988	0.995	0.995	0.994	0.993	0.993	0.985	0.984	0.989	0.976	0.988	0.987	0.978	0.98	0.977	0.97	0.977	0.966	0.966	0.958	0.971	0.964	0.971	0.952	0.966	0.965	0.956	0.964	0.965	0.956	0.957	0.956	0.957	0.952	0.926	0.943	0.947	0.956	0.952	0.934	0.94	0.944	0.936	0.922	0.937	0.93	0.913	0.924	0.914	0.882	0.9	0.872	0.841	0.856	0.82	0.829	
1	1	1	1	0.998	1	1	1	1	1	1	0.999	0.998	1	1	0.999	1	1	0.999	0.993	0.996	0.996	0.998	0.996	0.998	0.998	0.996	0.995	0.994	0.992	0.996	0.997	0.994	0.997	0.999	0.994	0.994	0.99	0.992	0.989	0.993	0.995	0.998	0.987	0.994	0.99	0.992	0.989	0.99	0.981	0.99	0.988	0.991	0.99	0.986	0.984	0.994	0.988	0.99	0.985	0.985	0.985	0.989	0.99	0.989	0.989	0.986	0.987	0.981	0.988	0.978	0.988	0.978	0.984	0.97	0.975	0.968	0.976	0.972	0.964	0.95	0.959	0.937	0.917	0.923	0.921	0.913	0.864	0.883	0.858	0.852	0.825	0.812	0.79	0.782	0.729	0.703	0.689	0.623	0.61	
