1	1	1	1	1	1	1	1	1	1	1	1	1	1	1	1	1	1	1	1	1	1	0.999	0.998	0.996	0.98	0.951	0.923	0.854	0.757	0.659	0.526	0.417	0.332	0.197	0.132	0.064	0.041	0.011	0.003	0.003	0.001	0	0	0	0	0	0	0	0	0	0	0	0	0	0	0	0	0	0	0	0	0	0	0	0	0	0	0	0	0	0	0	0	0	0	0	0	0	0	0	0	0	0	0	0	0	0	0	0	0	0	0	0	0	0	0	0	0	0	
1	1	1	1	1	1	1	1	1	1	1	1	1	1	1	1	1	1	1	1	1	1	1	1	1	1	1	1	1	1	1	1	1	1	1	1	1	1	1	1	0.999	0.998	1	1	0.998	0.999	0.998	0.999	0.994	0.991	0.986	0.973	0.948	0.913	0.856	0.787	0.658	0.55	0.435	0.292	0.203	0.125	0.1	0.053	0.031	0.013	0.01	0.002	0.002	0.001	0	0.001	0	0	0	0	0	0	0	0	0	0	0	0	0	0	0	0	0	0	0	0	0	0	0	0	0	0	0	0	
1	1	1	1	1	1	1	1	1	1	1	1	1	1	1	1	1	1	1	1	1	1	1	1	1	1	1	1	1	1	0.999	0.999	0.999	1	1	0.999	0.998	1	0.999	0.994	0.995	0.988	0.99	0.987	0.975	0.971	0.945	0.913	0.886	0.831	0.774	0.715	0.668	0.571	0.495	0.438	0.343	0.266	0.214	0.186	0.133	0.095	0.086	0.055	0.043	0.035	0.023	0.01	0.011	0.007	0.004	0.006	0.004	0.001	0	0.002	0.001	0	0	0	0	0	0	0	0	0	0	0	0	0	0	0	0	0	0	0	0	0	0	0	
1	1	0.835	0.442	0.428	0.466	0.529	0.48	0.449	0.372	0.282	0.219	0.219	0.188	0.161	0.144	0.129	0.08	0.062	0.041	0.026	0.021	0.007	0.01	0.003	0.001	0	0	0	0	0	0	0	0	0	0	0	0	0	0	0	0	0	0	0	0	0	0	0	0	0	0	0	0	0	0	0	0	0	0	0	0	0	0	0	0	0	0	0	0	0	0	0	0	0	0	0	0	0	0	0	0	0	0	0	0	0	0	0	0	0	0	0	0	0	0	0	0	0	0	
1	1	1	1	1	1	1	1	1	1	1	1	1	1	1	1	1	1	1	1	1	1	1	1	1	1	1	1	1	0.999	0.999	0.996	0.996	0.977	0.973	0.948	0.92	0.886	0.853	0.784	0.746	0.659	0.607	0.558	0.469	0.427	0.372	0.283	0.246	0.223	0.164	0.133	0.093	0.094	0.054	0.033	0.04	0.026	0.011	0.015	0.007	0.003	0.004	0	0.001	0.003	0.002	0	0	0	0	0	0	0	0	0	0	0	0	0	0	0	0	0	0	0	0	0	0	0	0	0	0	0	0	0	0	0	0	0	
1	1	1	1	1	1	1	1	1	1	1	1	1	1	1	1	1	1	1	1	1	1	1	1	1	1	1	0.998	0.994	0.983	0.98	0.963	0.933	0.9	0.837	0.805	0.721	0.671	0.563	0.519	0.434	0.403	0.306	0.277	0.217	0.17	0.138	0.101	0.101	0.092	0.063	0.036	0.044	0.028	0.025	0.017	0.013	0.012	0.006	0.004	0.007	0.003	0.002	0	0.002	0.002	0.002	0	0	0	0	0	0	0	0	0	0	0	0	0	0	0	0	0	0	0	0	0	0	0	0	0	0	0	0	0	0	0	0	0	
0.033	0	0	0	0	0	0	0	0	0	0	0	0	0	0	0	0	0	0	0	0	0	0	0	0	0	0	0	0	0	0	0	0	0	0	0	0	0	0	0	0	0	0	0	0	0	0	0	0	0	0	0	0	0	0	0	0	0	0	0	0	0	0	0	0	0	0	0	0	0	0	0	0	0	0	0	0	0	0	0	0	0	0	0	0	0	0	0	0	0	0	0	0	0	0	0	0	0	0	0	
1	1	1	1	1	1	0.999	0.998	0.998	0.998	0.997	0.992	0.99	0.975	0.976	0.965	0.957	0.947	0.942	0.922	0.922	0.922	0.911	0.896	0.903	0.885	0.877	0.832	0.781	0.676	0.583	0.501	0.364	0.272	0.178	0.133	0.094	0.056	0.033	0.018	0.016	0.008	0.007	0.002	0.002	0	0	0	0	0	0	0	0	0	0	0	0	0	0	0	0	0	0	0	0	0	0	0	0	0	0	0	0	0	0	0	0	0	0	0	0	0	0	0	0	0	0	0	0	0	0	0	0	0	0	0	0	0	0	0	
1	1	1	1	1	1	1	1	1	1	1	1	1	1	0.999	0.999	0.998	0.995	0.985	0.982	0.968	0.955	0.925	0.875	0.818	0.759	0.677	0.552	0.437	0.338	0.229	0.164	0.135	0.089	0.047	0.025	0.015	0.004	0.003	0.002	0	0	0.001	0	0	0	0	0	0	0	0	0	0	0	0	0	0	0	0	0	0	0	0	0	0	0	0	0	0	0	0	0	0	0	0	0	0	0	0	0	0	0	0	0	0	0	0	0	0	0	0	0	0	0	0	0	0	0	0	0	
1	1	1	1	1	1	1	1	1	1	1	1	1	1	1	1	1	1	1	1	1	1	0.999	0.999	0.999	0.998	0.999	0.99	0.985	0.982	0.956	0.93	0.904	0.865	0.805	0.685	0.617	0.503	0.39	0.261	0.178	0.109	0.056	0.03	0.014	0.005	0.001	0	0	0	0	0	0	0	0	0	0	0	0	0	0	0	0	0	0	0	0	0	0	0	0	0	0	0	0	0	0	0	0	0	0	0	0	0	0	0	0	0	0	0	0	0	0	0	0	0	0	0	0	0	
1	1	1	1	1	1	1	1	1	1	1	1	1	1	1	1	1	1	1	1	0.999	1	1	0.999	0.997	0.997	0.996	0.997	0.989	0.982	0.957	0.94	0.887	0.844	0.778	0.726	0.62	0.521	0.444	0.402	0.288	0.237	0.186	0.149	0.132	0.084	0.071	0.042	0.024	0.02	0.017	0.01	0.002	0.004	0.001	0	0.001	0	0	0	0	0	0	0	0	0	0	0	0	0	0	0	0	0	0	0	0	0	0	0	0	0	0	0	0	0	0	0	0	0	0	0	0	0	0	0	0	0	0	0	
1	1	1	1	0.999	0.997	0.988	0.964	0.911	0.82	0.744	0.653	0.626	0.562	0.488	0.472	0.442	0.397	0.323	0.295	0.249	0.211	0.176	0.121	0.106	0.075	0.069	0.037	0.037	0.031	0.023	0.016	0.017	0.012	0.006	0.007	0.011	0.009	0.004	0	0.003	0.001	0.003	0.001	0.003	0.005	0.003	0.002	0.004	0.002	0.006	0.002	0.009	0.003	0.002	0.004	0.009	0.005	0.007	0.007	0.008	0.002	0.005	0.002	0.003	0.002	0.001	0.001	0.001	0	0	0	0	0	0	0	0	0	0	0	0	0	0	0	0	0	0	0	0	0	0	0	0	0	0	0	0	0	0	0	
1	1	1	1	1	1	1	1	1	1	1	1	1	1	1	1	1	1	1	1	1	1	1	1	1	0.999	0.996	0.996	0.994	0.988	0.979	0.951	0.94	0.91	0.875	0.817	0.798	0.733	0.695	0.576	0.521	0.459	0.429	0.322	0.277	0.205	0.175	0.147	0.107	0.074	0.058	0.039	0.029	0.02	0.006	0.004	0.001	0.001	0.001	0	0.001	0	0	0	0	0	0	0	0	0	0	0	0	0	0	0	0	0	0	0	0	0	0	0	0	0	0	0	0	0	0	0	0	0	0	0	0	0	0	0	
1	1	1	1	1	1	1	1	1	1	1	1	1	1	1	1	1	1	1	1	1	1	1	1	1	1	1	1	1	1	1	1	1	1	1	1	1	1	1	0.999	0.999	0.997	0.997	0.996	0.989	0.966	0.952	0.899	0.861	0.792	0.687	0.574	0.502	0.394	0.305	0.23	0.129	0.114	0.066	0.037	0.034	0.018	0.008	0.004	0.001	0.002	0	0	0	0	0	0	0	0	0	0	0	0	0	0	0	0	0	0	0	0	0	0	0	0	0	0	0	0	0	0	0	0	0	0	
1	1	1	1	1	1	1	1	1	1	1	1	1	1	1	1	1	1	1	1	1	1	1	1	1	1	1	1	1	1	1	1	1	1	1	1	1	1	1	1	1	1	1	1	1	1	1	1	1	1	1	1	1	1	1	1	1	1	1	1	0.999	0.998	0.999	1	0.997	0.999	0.999	0.999	0.995	0.996	0.999	0.993	0.986	0.984	0.973	0.96	0.951	0.933	0.886	0.863	0.842	0.771	0.706	0.66	0.615	0.523	0.472	0.382	0.347	0.33	0.243	0.198	0.185	0.14	0.101	0.077	0.064	0.061	0.032	0.031	
1	1	1	1	1	1	1	1	1	1	1	1	1	1	1	1	1	1	1	1	1	1	1	1	1	1	1	1	1	1	1	0.999	0.998	0.999	1	1	1	0.999	0.999	1	1	0.999	0.996	0.993	0.995	0.993	0.991	0.988	0.982	0.986	0.978	0.953	0.954	0.957	0.936	0.915	0.896	0.88	0.878	0.856	0.841	0.81	0.791	0.787	0.771	0.754	0.745	0.688	0.673	0.656	0.647	0.605	0.596	0.595	0.555	0.545	0.535	0.534	0.49	0.5	0.467	0.482	0.435	0.411	0.422	0.374	0.377	0.355	0.348	0.337	0.329	0.276	0.303	0.278	0.232	0.207	0.192	0.185	0.175	0.14	
1	1	1	0.997	0.907	0.551	0.122	0.044	0.011	0.002	0	0	0	0	0	0	0	0	0	0	0	0	0	0	0	0	0	0	0	0	0	0	0	0	0	0	0	0	0	0	0	0	0	0	0	0	0	0	0	0	0	0	0	0	0	0	0	0	0	0	0	0	0	0	0	0	0	0	0	0	0	0	0	0	0	0	0	0	0	0	0	0	0	0	0	0	0	0	0	0	0	0	0	0	0	0	0	0	0	0	
1	1	1	1	1	1	1	1	1	1	0.999	0.998	0.997	0.991	0.975	0.967	0.942	0.94	0.904	0.874	0.839	0.803	0.759	0.754	0.739	0.673	0.64	0.623	0.622	0.578	0.566	0.515	0.448	0.398	0.353	0.273	0.212	0.147	0.106	0.066	0.027	0.018	0.009	0.009	0.003	0	0	0.001	0	0	0	0	0	0	0	0	0	0	0	0	0	0	0	0	0	0	0	0	0	0	0	0	0	0	0	0	0	0	0	0	0	0	0	0	0	0	0	0	0	0	0	0	0	0	0	0	0	0	0	0	
1	1	1	1	1	1	1	1	1	1	1	1	1	1	1	1	1	1	1	1	1	1	1	1	1	1	1	1	1	1	1	1	1	1	1	1	1	1	1	1	1	1	1	1	1	1	0.999	0.999	0.999	0.996	0.989	0.994	0.991	0.98	0.961	0.956	0.929	0.904	0.881	0.848	0.768	0.698	0.629	0.569	0.463	0.381	0.301	0.246	0.189	0.127	0.094	0.062	0.043	0.028	0.022	0.01	0.007	0.003	0.003	0	0	0	0	0	0	0	0	0	0	0	0	0	0	0	0	0	0	0	0	0	
1	1	1	1	0.997	0.987	0.922	0.776	0.614	0.531	0.54	0.593	0.665	0.743	0.793	0.83	0.829	0.799	0.79	0.748	0.657	0.643	0.635	0.582	0.534	0.502	0.479	0.422	0.361	0.264	0.25	0.176	0.12	0.069	0.048	0.03	0.014	0.009	0.005	0.004	0.002	0.002	0	0.001	0	0	0	0	0	0	0	0	0	0	0	0	0	0	0	0	0	0	0	0	0	0	0	0	0	0	0	0	0	0	0	0	0	0	0	0	0	0	0	0	0	0	0	0	0	0	0	0	0	0	0	0	0	0	0	0	
1	1	1	1	1	1	1	1	1	1	1	1	1	1	1	1	1	1	1	1	1	1	1	1	1	1	1	1	1	0.999	1	1	0.999	1	0.999	0.998	0.998	0.993	0.989	0.987	0.983	0.954	0.944	0.901	0.862	0.787	0.722	0.657	0.55	0.476	0.353	0.317	0.205	0.145	0.107	0.06	0.042	0.029	0.014	0.009	0.007	0.004	0	0	0	0	0	0	0	0	0	0	0	0	0	0	0	0	0	0	0	0	0	0	0	0	0	0	0	0	0	0	0	0	0	0	0	0	0	0	
1	1	1	1	1	1	1	0.997	0.996	0.991	0.967	0.957	0.925	0.902	0.853	0.799	0.767	0.717	0.694	0.669	0.662	0.638	0.636	0.676	0.667	0.677	0.694	0.69	0.727	0.726	0.75	0.779	0.793	0.833	0.834	0.86	0.865	0.87	0.871	0.878	0.876	0.867	0.837	0.84	0.8	0.776	0.744	0.725	0.72	0.673	0.606	0.603	0.529	0.519	0.49	0.467	0.405	0.378	0.367	0.336	0.315	0.319	0.268	0.234	0.224	0.215	0.196	0.201	0.192	0.16	0.144	0.126	0.122	0.12	0.095	0.1	0.084	0.074	0.077	0.069	0.046	0.057	0.033	0.035	0.02	0.028	0.025	0.023	0.015	0.012	0.008	0.007	0.004	0.004	0.001	0	0	0.002	0.001	0.001	
1	1	1	1	1	1	1	1	1	1	0.999	1	0.993	0.997	0.992	0.985	0.978	0.986	0.976	0.978	0.97	0.951	0.911	0.882	0.852	0.769	0.734	0.667	0.557	0.471	0.403	0.334	0.274	0.185	0.133	0.117	0.075	0.039	0.033	0.023	0.011	0.004	0.008	0.004	0.002	0.001	0	0	0	0	0	0	0	0	0	0	0	0	0	0	0	0	0	0	0	0	0	0	0	0	0	0	0	0	0	0	0	0	0	0	0	0	0	0	0	0	0	0	0	0	0	0	0	0	0	0	0	0	0	0	
1	1	1	1	1	1	1	1	1	1	1	1	1	1	1	1	1	1	1	1	1	1	0.999	0.998	0.998	0.997	0.997	0.993	0.989	0.993	0.974	0.974	0.97	0.97	0.949	0.955	0.933	0.929	0.911	0.899	0.866	0.811	0.816	0.767	0.701	0.68	0.613	0.547	0.464	0.39	0.323	0.295	0.238	0.206	0.147	0.142	0.115	0.086	0.059	0.051	0.039	0.041	0.027	0.03	0.014	0.01	0.009	0.008	0.006	0.005	0.004	0	0.005	0.002	0.001	0	0	0	0	0	0	0	0	0	0	0	0	0	0	0	0	0	0	0	0	0	0	0	0	0	
1	0.993	0.997	0.999	1	1	1	0.997	0.975	0.949	0.897	0.856	0.828	0.798	0.749	0.704	0.714	0.717	0.712	0.749	0.745	0.78	0.784	0.803	0.835	0.832	0.845	0.842	0.881	0.867	0.855	0.895	0.877	0.899	0.885	0.882	0.892	0.896	0.883	0.863	0.856	0.833	0.801	0.769	0.72	0.672	0.643	0.573	0.45	0.419	0.331	0.221	0.172	0.135	0.072	0.043	0.032	0.019	0.013	0.009	0.002	0.002	0.001	0	0.001	0	0	0	0	0	0	0	0	0	0	0	0	0	0	0	0	0	0	0	0	0	0	0	0	0	0	0	0	0	0	0	0	0	0	0	
1	1	0.992	0.915	0.716	0.586	0.522	0.483	0.478	0.441	0.406	0.375	0.332	0.305	0.233	0.192	0.19	0.136	0.102	0.093	0.093	0.058	0.052	0.048	0.051	0.04	0.031	0.033	0.029	0.025	0.014	0.013	0.012	0.009	0.011	0.002	0	0.002	0.002	0.001	0	0	0	0	0	0	0	0	0	0	0	0	0	0	0	0	0	0	0	0	0	0	0	0	0	0	0	0	0	0	0	0	0	0	0	0	0	0	0	0	0	0	0	0	0	0	0	0	0	0	0	0	0	0	0	0	0	0	0	0	
1	1	1	1	1	1	1	1	1	1	1	1	1	1	1	1	1	1	1	1	1	1	1	1	1	0.999	1	0.999	0.995	0.991	0.991	0.983	0.971	0.962	0.934	0.919	0.888	0.835	0.798	0.741	0.695	0.661	0.554	0.467	0.39	0.329	0.264	0.208	0.158	0.103	0.087	0.062	0.04	0.042	0.018	0.007	0.01	0.008	0.003	0.001	0.002	0	0	0	0.001	0	0	0	0	0	0	0	0	0	0	0	0	0	0	0	0	0	0	0	0	0	0	0	0	0	0	0	0	0	0	0	0	0	0	0	
1	1	1	1	1	1	1	1	1	1	1	1	1	1	1	1	1	1	1	1	1	1	1	1	1	1	1	1	0.999	0.999	0.998	0.991	0.978	0.945	0.912	0.845	0.776	0.647	0.503	0.398	0.295	0.18	0.141	0.08	0.045	0.019	0.009	0.001	0	0.001	0.002	0.001	0	0	0	0	0	0	0	0	0	0	0	0	0	0	0	0	0	0	0	0	0	0	0	0	0	0	0	0	0	0	0	0	0	0	0	0	0	0	0	0	0	0	0	0	0	0	0	0	
1	1	1	1	1	1	0.91	0.55	0.177	0.051	0.013	0.007	0.005	0.007	0.004	0.001	0.005	0.002	0.004	0.001	0	0	0	0	0	0	0	0	0	0	0	0	0	0	0	0	0	0	0	0	0	0	0	0	0	0	0	0	0	0	0	0	0	0	0	0	0	0	0	0	0	0	0	0	0	0	0	0	0	0	0	0	0	0	0	0	0	0	0	0	0	0	0	0	0	0	0	0	0	0	0	0	0	0	0	0	0	0	0	0	
1	1	1	1	1	1	1	1	1	1	1	1	0.999	0.994	0.974	0.931	0.897	0.796	0.719	0.623	0.512	0.43	0.35	0.285	0.236	0.2	0.132	0.1	0.097	0.066	0.055	0.045	0.027	0.022	0.018	0.017	0.012	0.007	0.006	0.001	0.003	0.002	0	0	0	0	0	0	0	0	0	0	0	0	0	0	0	0	0	0	0	0	0	0	0	0	0	0	0	0	0	0	0	0	0	0	0	0	0	0	0	0	0	0	0	0	0	0	0	0	0	0	0	0	0	0	0	0	0	0	
1	1	1	1	1	1	1	1	1	1	1	1	1	1	1	1	1	1	1	1	1	1	1	1	1	0.997	0.997	0.989	0.983	0.967	0.923	0.886	0.808	0.71	0.639	0.503	0.388	0.27	0.193	0.101	0.056	0.02	0.004	0.003	0	0	0.001	0	0	0	0	0	0	0	0	0	0	0	0	0	0	0	0	0	0	0	0	0	0	0	0	0	0	0	0	0	0	0	0	0	0	0	0	0	0	0	0	0	0	0	0	0	0	0	0	0	0	0	0	0	
1	1	1	1	1	1	1	1	1	1	1	1	1	1	0.997	0.985	0.959	0.909	0.788	0.649	0.524	0.377	0.216	0.141	0.103	0.062	0.053	0.024	0.015	0.006	0.006	0.001	0.002	0.002	0.001	0	0.002	0.002	0	0	0	0	0.001	0	0	0	0	0	0	0	0	0	0	0	0	0	0	0	0	0	0	0	0	0	0	0	0	0	0	0	0	0	0	0	0	0	0	0	0	0	0	0	0	0	0	0	0	0	0	0	0	0	0	0	0	0	0	0	0	0	
1	1	1	1	1	1	1	1	1	1	1	1	1	1	1	1	1	1	0.999	0.993	0.996	0.991	0.992	0.989	0.985	0.979	0.952	0.961	0.947	0.939	0.929	0.923	0.902	0.885	0.874	0.835	0.828	0.83	0.784	0.745	0.75	0.727	0.687	0.664	0.642	0.57	0.519	0.468	0.463	0.408	0.37	0.276	0.259	0.206	0.182	0.139	0.117	0.08	0.079	0.044	0.033	0.032	0.019	0.017	0.013	0.011	0.007	0.008	0.003	0.002	0.001	0.003	0.002	0.002	0	0.001	0	0	0	0	0	0	0	0	0	0	0	0	0	0	0	0	0	0	0	0	0	0	0	0	
1	0.999	0.99	0.991	0.985	0.809	0.395	0.166	0.065	0.048	0.043	0.055	0.074	0.097	0.148	0.189	0.239	0.283	0.379	0.401	0.456	0.52	0.549	0.572	0.57	0.568	0.556	0.522	0.521	0.459	0.428	0.383	0.316	0.281	0.28	0.211	0.174	0.142	0.114	0.106	0.077	0.068	0.055	0.023	0.034	0.012	0.012	0.013	0.005	0.003	0.003	0	0.001	0.001	0	0	0	0	0	0	0	0	0	0	0	0	0	0	0	0	0	0	0	0	0	0	0	0	0	0	0	0	0	0	0	0	0	0	0	0	0	0	0	0	0	0	0	0	0	0	
1	1	1	1	1	1	1	1	1	1	1	1	1	1	1	1	1	1	1	1	1	1	1	0.999	0.997	1	0.996	0.998	0.998	0.997	0.988	0.984	0.98	0.972	0.967	0.949	0.898	0.871	0.844	0.788	0.714	0.679	0.622	0.514	0.438	0.359	0.298	0.231	0.182	0.123	0.092	0.057	0.055	0.041	0.022	0.023	0.009	0.007	0.004	0.003	0	0.002	0.001	0	0	0	0	0	0	0	0	0	0	0	0	0	0	0	0	0	0	0	0	0	0	0	0	0	0	0	0	0	0	0	0	0	0	0	0	0	
1	1	1	1	1	1	1	1	1	1	1	1	1	1	1	1	1	1	1	1	1	1	1	1	1	1	1	1	1	1	1	0.999	1	0.995	0.999	0.981	0.962	0.928	0.891	0.819	0.789	0.702	0.608	0.535	0.493	0.369	0.307	0.252	0.2	0.133	0.1	0.069	0.04	0.03	0.017	0.006	0.007	0.006	0.002	0	0	0.001	0	0	0	0	0	0	0	0	0	0	0	0	0	0	0	0	0	0	0	0	0	0	0	0	0	0	0	0	0	0	0	0	0	0	0	0	0	0	
1	1	1	1	1	1	0.999	0.999	0.998	0.999	0.999	0.998	1	0.999	0.999	0.99	0.988	0.968	0.945	0.921	0.863	0.847	0.752	0.665	0.564	0.526	0.459	0.388	0.343	0.241	0.208	0.16	0.144	0.116	0.101	0.067	0.036	0.039	0.025	0.02	0.015	0.008	0.007	0.004	0.003	0.003	0.001	0.001	0	0.001	0	0	0	0	0	0	0	0	0	0	0	0	0	0	0	0	0	0	0	0	0	0	0	0	0	0	0	0	0	0	0	0	0	0	0	0	0	0	0	0	0	0	0	0	0	0	0	0	0	0	
1	1	1	1	1	1	1	1	1	1	1	1	1	1	1	1	1	1	1	1	1	1	1	1	1	1	1	1	0.999	0.999	0.995	0.997	0.994	0.971	0.953	0.925	0.868	0.826	0.761	0.687	0.593	0.507	0.459	0.349	0.291	0.215	0.171	0.144	0.103	0.07	0.059	0.041	0.02	0.022	0.008	0.008	0.005	0.002	0.001	0	0	0.001	0	0	0	0	0	0	0	0	0	0	0	0	0	0	0	0	0	0	0	0	0	0	0	0	0	0	0	0	0	0	0	0	0	0	0	0	0	0	
1	1	1	1	1	1	1	1	1	1	1	1	0.998	0.996	0.978	0.959	0.925	0.882	0.804	0.757	0.695	0.622	0.574	0.501	0.469	0.414	0.378	0.314	0.294	0.277	0.264	0.237	0.183	0.207	0.185	0.154	0.138	0.124	0.131	0.125	0.101	0.093	0.084	0.089	0.067	0.069	0.048	0.052	0.054	0.038	0.029	0.031	0.026	0.014	0.018	0.014	0.011	0.006	0.011	0.007	0.006	0.001	0.006	0.003	0.001	0.001	0	0.004	0.001	0	0.001	0	0	0.002	0	0.001	0	0	0	0	0	0	0	0	0	0	0	0	0	0	0	0	0	0	0	0	0	0	0	0	
1	1	1	1	1	1	1	1	1	1	1	1	1	1	1	1	1	1	1	1	1	1	1	1	1	1	0.999	1	1	1	0.998	1	1	1	1	1	1	1	1	0.999	0.998	0.998	0.999	1	0.998	0.997	0.999	0.998	0.996	0.996	0.992	0.989	0.986	0.982	0.99	0.987	0.965	0.974	0.939	0.927	0.939	0.902	0.882	0.863	0.807	0.781	0.762	0.722	0.633	0.591	0.499	0.441	0.386	0.317	0.266	0.206	0.171	0.147	0.1	0.076	0.042	0.041	0.025	0.026	0.008	0.005	0.005	0.002	0.001	0.001	0	0	0	0	0	0	0	0	0	0	
1	1	1	1	1	1	1	1	1	1	1	1	1	1	1	1	1	1	1	1	1	1	1	1	1	1	1	0.999	1	0.998	0.998	0.992	0.986	0.971	0.952	0.922	0.871	0.831	0.764	0.652	0.577	0.495	0.428	0.329	0.246	0.204	0.138	0.106	0.084	0.061	0.055	0.042	0.026	0.019	0.02	0.022	0.015	0.009	0.007	0.004	0.008	0.007	0.004	0.001	0.004	0.002	0.005	0.005	0.002	0	0	0	0	0	0	0	0	0	0	0	0	0	0	0	0	0	0	0	0	0	0	0	0	0	0	0	0	0	0	0	
1	1	1	1	1	1	1	1	1	0.999	1	1	1	1	0.999	0.998	0.992	0.969	0.932	0.868	0.789	0.664	0.538	0.427	0.303	0.21	0.158	0.078	0.066	0.041	0.028	0.011	0.007	0.003	0.005	0	0	0	0	0	0	0	0	0	0	0	0	0	0	0	0	0	0	0	0	0	0	0	0	0	0	0	0	0	0	0	0	0	0	0	0	0	0	0	0	0	0	0	0	0	0	0	0	0	0	0	0	0	0	0	0	0	0	0	0	0	0	0	0	0	
1	1	1	1	1	1	1	1	1	1	1	1	1	1	1	1	1	1	1	1	1	1	1	1	1	1	1	1	1	1	1	1	0.998	0.996	0.991	0.989	0.98	0.962	0.915	0.877	0.781	0.724	0.632	0.526	0.405	0.338	0.239	0.173	0.113	0.083	0.046	0.027	0.018	0.01	0.003	0.004	0	0	0.001	0	0	0	0	0	0	0	0	0	0	0	0	0	0	0	0	0	0	0	0	0	0	0	0	0	0	0	0	0	0	0	0	0	0	0	0	0	0	0	0	0	
1	1	1	1	1	1	1	1	1	1	1	1	1	1	1	1	1	1	1	1	1	1	1	1	1	1	1	1	1	1	1	1	1	1	0.995	0.994	0.98	0.978	0.944	0.907	0.876	0.778	0.754	0.692	0.589	0.519	0.442	0.367	0.318	0.295	0.21	0.148	0.11	0.088	0.077	0.07	0.046	0.042	0.027	0.024	0.017	0.026	0.009	0.006	0.006	0.006	0.003	0.003	0.001	0.001	0.002	0	0	0	0.001	0	0	0	0	0	0	0	0	0	0	0	0	0	0	0	0	0	0	0	0	0	0	0	0	0	
1	1	1	1	1	1	1	1	1	1	1	1	1	1	1	1	1	1	1	1	1	1	1	1	1	1	1	1	1	1	1	1	1	1	1	1	1	1	1	0.997	0.999	0.992	0.99	0.978	0.974	0.956	0.928	0.893	0.856	0.814	0.755	0.666	0.616	0.546	0.461	0.394	0.344	0.303	0.258	0.199	0.174	0.133	0.103	0.087	0.063	0.055	0.042	0.023	0.018	0.015	0.01	0.008	0.006	0.002	0.003	0.001	0	0.001	0	0.001	0	0	0	0	0	0	0	0	0	0	0	0	0	0	0	0	0	0	0	0	
1	1	1	1	1	1	1	1	1	1	1	1	1	1	1	1	1	1	1	1	0.998	0.993	0.978	0.936	0.841	0.683	0.516	0.338	0.225	0.14	0.056	0.023	0.011	0.005	0.003	0.001	0	0	0	0	0	0	0	0	0	0	0	0	0	0	0	0	0	0	0	0	0	0	0	0	0	0	0	0	0	0	0	0	0	0	0	0	0	0	0	0	0	0	0	0	0	0	0	0	0	0	0	0	0	0	0	0	0	0	0	0	0	0	0	0	
1	1	1	1	1	1	1	1	1	1	1	1	1	1	1	0.998	0.998	0.99	0.97	0.938	0.861	0.792	0.736	0.632	0.535	0.443	0.366	0.307	0.236	0.206	0.163	0.118	0.092	0.061	0.057	0.027	0.021	0.015	0.014	0.005	0.005	0.002	0	0	0.001	0	0	0	0	0	0	0	0	0	0	0	0	0	0	0	0	0	0	0	0	0	0	0	0	0	0	0	0	0	0	0	0	0	0	0	0	0	0	0	0	0	0	0	0	0	0	0	0	0	0	0	0	0	0	0	
1	1	1	1	1	1	1	1	1	1	1	1	1	1	0.997	0.995	0.975	0.943	0.926	0.883	0.852	0.809	0.804	0.769	0.755	0.737	0.709	0.723	0.724	0.741	0.732	0.763	0.757	0.762	0.762	0.775	0.802	0.762	0.79	0.777	0.762	0.745	0.757	0.707	0.692	0.642	0.589	0.528	0.471	0.405	0.328	0.233	0.186	0.142	0.123	0.077	0.06	0.029	0.021	0.015	0.004	0.004	0.001	0.002	0.001	0	0	0.001	0	0	0	0	0	0	0	0	0	0	0	0	0	0	0	0	0	0	0	0	0	0	0	0	0	0	0	0	0	0	0	0	
1	1	1	1	1	1	1	1	1	1	1	1	1	1	1	1	1	1	1	1	1	1	1	0.999	0.994	0.99	0.987	0.976	0.968	0.971	0.959	0.947	0.936	0.916	0.893	0.873	0.844	0.81	0.778	0.793	0.735	0.662	0.644	0.593	0.501	0.492	0.428	0.378	0.317	0.319	0.233	0.226	0.162	0.127	0.081	0.085	0.059	0.037	0.028	0.014	0.01	0.013	0.01	0.005	0.003	0	0.002	0	0	0	0	0	0	0	0	0	0	0	0	0	0	0	0	0	0	0	0	0	0	0	0	0	0	0	0	0	0	0	0	0	
1	1	1	1	1	1	1	1	1	1	1	1	1	1	1	0.998	0.995	0.992	0.984	0.972	0.958	0.947	0.914	0.919	0.873	0.876	0.832	0.823	0.744	0.658	0.648	0.596	0.515	0.486	0.437	0.415	0.361	0.364	0.365	0.316	0.291	0.276	0.277	0.268	0.243	0.224	0.215	0.204	0.171	0.145	0.137	0.119	0.097	0.093	0.062	0.061	0.046	0.028	0.025	0.014	0.013	0.008	0.006	0.002	0.002	0	0	0.001	0	0	0	0	0	0	0	0	0	0	0	0	0	0	0	0	0	0	0	0	0	0	0	0	0	0	0	0	0	0	0	0	
1	1	1	1	1	1	1	1	1	1	1	1	1	1	1	1	0.999	0.998	0.992	0.995	0.984	0.974	0.965	0.916	0.905	0.86	0.835	0.765	0.716	0.674	0.589	0.522	0.465	0.414	0.339	0.316	0.262	0.243	0.188	0.179	0.162	0.138	0.088	0.098	0.085	0.069	0.064	0.055	0.042	0.043	0.032	0.032	0.027	0.019	0.014	0.017	0.009	0.009	0.007	0.004	0.008	0.007	0.003	0.002	0	0.002	0.002	0	0	0.001	0.001	0.002	0	0.001	0	0.002	0	0	0.001	0	0	0	0	0	0	0	0	0	0	0	0	0	0	0	0	0	0	0	0	0	
1	1	1	1	1	1	1	1	1	1	1	1	1	1	1	1	1	1	1	1	1	1	0.999	1	0.999	0.997	0.996	0.986	0.983	0.966	0.927	0.907	0.851	0.794	0.752	0.657	0.583	0.481	0.435	0.369	0.248	0.225	0.147	0.128	0.076	0.046	0.034	0.021	0.005	0.008	0.003	0	0.002	0	0	0	0	0	0	0	0	0	0	0	0	0	0	0	0	0	0	0	0	0	0	0	0	0	0	0	0	0	0	0	0	0	0	0	0	0	0	0	0	0	0	0	0	0	0	0	
1	1	1	1	1	1	1	1	1	1	1	1	1	1	1	1	1	1	1	1	1	0.999	0.998	0.997	0.994	0.988	0.989	0.973	0.968	0.964	0.945	0.948	0.96	0.957	0.964	0.97	0.973	0.961	0.961	0.967	0.961	0.951	0.945	0.923	0.909	0.866	0.852	0.81	0.807	0.751	0.697	0.656	0.56	0.502	0.396	0.346	0.271	0.179	0.128	0.066	0.061	0.027	0.006	0.004	0.002	0.001	0	0	0	0	0	0	0	0	0	0	0	0	0	0	0	0	0	0	0	0	0	0	0	0	0	0	0	0	0	0	0	0	0	0	
1	1	1	1	1	1	1	1	1	1	1	1	1	1	1	0.994	0.983	0.929	0.858	0.732	0.572	0.484	0.34	0.217	0.182	0.134	0.086	0.064	0.051	0.032	0.017	0.013	0.008	0.006	0.001	0	0.001	0	0	0	0	0	0	0	0	0	0	0	0	0	0	0	0	0	0	0	0	0	0	0	0	0	0	0	0	0	0	0	0	0	0	0	0	0	0	0	0	0	0	0	0	0	0	0	0	0	0	0	0	0	0	0	0	0	0	0	0	0	0	0	
1	1	1	1	1	1	0.998	1	1	0.998	0.999	1	1	1	1	1	1	1	1	1	1	0.997	1	0.996	0.994	0.987	0.982	0.964	0.972	0.961	0.938	0.921	0.916	0.895	0.896	0.868	0.879	0.856	0.824	0.845	0.823	0.82	0.789	0.752	0.72	0.668	0.584	0.529	0.451	0.366	0.327	0.265	0.205	0.147	0.109	0.077	0.051	0.037	0.031	0.026	0.007	0.006	0.001	0.003	0	0	0	0	0	0	0.001	0	0	0	0	0	0	0	0	0	0	0	0	0	0	0	0	0	0	0	0	0	0	0	0	0	0	0	0	0	
1	1	1	1	0.993	0.871	0.617	0.39	0.22	0.125	0.063	0.029	0.012	0.008	0	0.003	0.002	0.001	0	0.001	0	0.001	0	0	0.001	0	0	0	0	0	0	0	0	0	0	0	0	0	0	0	0	0	0	0	0	0	0	0	0	0	0	0	0	0	0	0	0	0	0	0	0	0	0	0	0	0	0	0	0	0	0	0	0	0	0	0	0	0	0	0	0	0	0	0	0	0	0	0	0	0	0	0	0	0	0	0	0	0	0	0	
1	1	1	1	1	1	1	1	1	1	1	1	1	1	1	1	1	1	1	1	1	0.999	0.997	0.998	0.99	0.954	0.934	0.882	0.799	0.709	0.631	0.549	0.471	0.352	0.269	0.203	0.137	0.067	0.051	0.024	0.013	0.008	0.004	0.002	0.002	0	0.001	0	0	0	0	0	0	0	0	0	0	0	0	0	0	0	0	0	0	0	0	0	0	0	0	0	0	0	0	0	0	0	0	0	0	0	0	0	0	0	0	0	0	0	0	0	0	0	0	0	0	0	0	0	
1	1	1	1	1	1	1	1	1	1	1	1	1	1	1	1	1	1	1	1	1	1	0.999	1	1	0.999	0.999	0.998	0.999	1	0.996	0.999	0.989	0.99	0.995	0.994	0.983	0.993	0.985	0.978	0.976	0.976	0.972	0.968	0.968	0.971	0.973	0.967	0.967	0.954	0.962	0.967	0.952	0.953	0.934	0.91	0.912	0.888	0.837	0.768	0.724	0.638	0.559	0.494	0.392	0.297	0.24	0.18	0.147	0.089	0.086	0.054	0.031	0.028	0.007	0.017	0.004	0.005	0.002	0	0.001	0	0	0	0	0	0	0	0	0	0	0	0	0	0	0	0	0	0	0	
1	1	1	1	1	1	1	1	1	1	1	1	1	1	1	1	1	1	1	1	1	0.999	0.999	0.996	0.99	0.983	0.959	0.935	0.885	0.868	0.786	0.736	0.64	0.583	0.511	0.399	0.324	0.248	0.173	0.143	0.087	0.082	0.053	0.037	0.024	0.022	0.009	0.005	0.003	0.003	0	0	0	0	0	0	0	0	0	0	0	0	0	0	0	0	0	0	0	0	0	0	0	0	0	0	0	0	0	0	0	0	0	0	0	0	0	0	0	0	0	0	0	0	0	0	0	0	0	0	
1	1	1	1	1	0.992	0.98	0.935	0.883	0.76	0.652	0.524	0.447	0.32	0.278	0.253	0.258	0.238	0.198	0.221	0.205	0.2	0.177	0.169	0.156	0.15	0.129	0.119	0.09	0.083	0.076	0.054	0.061	0.043	0.03	0.026	0.02	0.019	0.016	0.004	0.005	0.004	0.004	0.002	0.001	0.001	0	0	0	0.001	0.001	0	0	0	0	0	0	0	0	0	0	0	0	0	0	0	0	0	0	0	0	0	0	0	0	0	0	0	0	0	0	0	0	0	0	0	0	0	0	0	0	0	0	0	0	0	0	0	0	0	
1	1	1	1	1	1	1	1	0.998	0.999	0.992	0.976	0.928	0.894	0.855	0.769	0.731	0.675	0.625	0.577	0.479	0.459	0.389	0.323	0.27	0.223	0.179	0.137	0.117	0.091	0.076	0.061	0.044	0.047	0.028	0.02	0.014	0.011	0.013	0.005	0.001	0.003	0.001	0	0	0.002	0	0	0.001	0	0	0	0	0	0	0	0	0	0	0	0	0	0	0	0	0	0	0	0	0	0	0	0	0	0	0	0	0	0	0	0	0	0	0	0	0	0	0	0	0	0	0	0	0	0	0	0	0	0	0	
1	1	1	1	1	1	1	1	1	1	1	0.996	0.997	0.996	0.997	0.993	0.992	0.991	0.991	0.992	0.995	0.996	0.991	0.99	0.991	0.989	0.982	0.98	0.99	0.982	0.986	0.987	0.987	0.985	0.99	0.99	0.994	0.993	0.989	0.989	0.991	0.997	0.993	0.995	0.996	0.995	0.998	0.99	0.992	0.977	0.977	0.974	0.947	0.928	0.913	0.863	0.82	0.771	0.706	0.67	0.572	0.511	0.429	0.375	0.326	0.273	0.202	0.161	0.132	0.094	0.069	0.053	0.034	0.029	0.027	0.016	0.011	0.002	0.004	0.004	0.001	0.002	0.001	0.001	0	0	0	0.001	0	0	0	0	0	0	0	0	0	0	0	0	
1	1	1	1	1	1	1	0.995	0.976	0.819	0.47	0.19	0.029	0.004	0.001	0	0	0	0	0	0	0	0	0	0	0	0	0	0	0	0	0	0	0	0	0	0	0	0	0	0	0	0	0	0	0	0	0	0	0	0	0	0	0	0	0	0	0	0	0	0	0	0	0	0	0	0	0	0	0	0	0	0	0	0	0	0	0	0	0	0	0	0	0	0	0	0	0	0	0	0	0	0	0	0	0	0	0	0	0	
1	1	1	1	1	1	0.997	0.999	1	0.999	1	1	1	1	0.999	1	1	1	1	1	1	1	1	1	1	0.999	1	1	1	1	1	1	0.999	0.997	1	0.998	0.996	0.995	0.991	0.979	0.979	0.972	0.96	0.95	0.952	0.932	0.927	0.894	0.892	0.862	0.83	0.839	0.761	0.71	0.66	0.534	0.453	0.346	0.292	0.228	0.133	0.108	0.057	0.037	0.019	0.013	0.004	0.003	0.001	0	0	0	0	0	0	0	0	0	0	0	0	0	0	0	0	0	0	0	0	0	0	0	0	0	0	0	0	0	0	0	
1	1	1	1	1	1	0.998	0.991	0.974	0.963	0.958	0.954	0.934	0.919	0.905	0.907	0.898	0.903	0.891	0.85	0.856	0.828	0.79	0.739	0.716	0.686	0.641	0.583	0.53	0.449	0.405	0.333	0.312	0.244	0.227	0.153	0.129	0.115	0.087	0.061	0.049	0.037	0.025	0.014	0.017	0.018	0.012	0.007	0.007	0.005	0.005	0.003	0.007	0.001	0.004	0.003	0.001	0.002	0.003	0.002	0	0	0.002	0.002	0.001	0	0.001	0.001	0	0	0	0	0	0.001	0	0	0	0	0	0	0	0	0	0	0	0	0	0	0	0	0	0	0	0	0	0	0	0	0	0	
1	1	1	1	1	1	1	1	1	1	1	1	1	1	1	1	1	1	1	1	1	1	1	1	1	1	1	1	1	1	0.999	1	1	0.998	0.997	0.989	0.981	0.972	0.95	0.91	0.893	0.856	0.772	0.676	0.583	0.473	0.385	0.277	0.184	0.124	0.086	0.036	0.022	0.012	0.001	0.004	0.001	0	0	0	0	0	0	0	0	0	0	0	0	0	0	0	0	0	0	0	0	0	0	0	0	0	0	0	0	0	0	0	0	0	0	0	0	0	0	0	0	0	0	0	
1	1	1	1	1	1	1	1	1	1	1	1	1	1	1	1	1	1	1	1	1	1	1	1	1	1	1	0.996	0.997	0.999	0.997	0.998	0.982	0.986	0.974	0.95	0.955	0.943	0.918	0.874	0.86	0.837	0.796	0.755	0.758	0.726	0.631	0.634	0.624	0.544	0.501	0.469	0.41	0.358	0.309	0.284	0.233	0.165	0.131	0.096	0.069	0.04	0.024	0.018	0.009	0.002	0.002	0.001	0.002	0	0	0	0	0	0	0	0	0	0	0	0	0	0	0	0	0	0	0	0	0	0	0	0	0	0	0	0	0	0	0	
1	1	1	1	1	1	1	0.998	0.994	0.978	0.942	0.881	0.786	0.701	0.668	0.612	0.571	0.524	0.525	0.47	0.471	0.418	0.417	0.401	0.379	0.379	0.333	0.334	0.314	0.321	0.253	0.262	0.205	0.192	0.19	0.158	0.157	0.127	0.109	0.108	0.061	0.048	0.038	0.031	0.028	0.02	0.008	0.012	0.005	0.004	0.002	0.002	0	0	0	0	0	0	0	0	0	0	0	0	0	0	0	0	0	0	0	0	0	0	0	0	0	0	0	0	0	0	0	0	0	0	0	0	0	0	0	0	0	0	0	0	0	0	0	0	
1	1	1	1	1	1	1	1	1	1	1	1	1	1	1	1	1	1	1	1	1	1	1	1	1	1	0.999	1	1	1	1	0.999	0.997	0.999	0.996	0.988	0.985	0.975	0.983	0.967	0.949	0.927	0.886	0.865	0.826	0.782	0.743	0.676	0.605	0.523	0.482	0.412	0.335	0.285	0.232	0.165	0.133	0.096	0.075	0.068	0.033	0.034	0.014	0.011	0.011	0.001	0.002	0.004	0	0	0	0	0	0	0	0	0	0	0	0	0	0	0	0	0	0	0	0	0	0	0	0	0	0	0	0	0	0	0	0	
1	1	1	1	1	1	1	1	1	1	1	1	1	1	1	1	1	1	1	1	1	1	1	1	1	1	1	1	1	1	1	1	1	1	1	1	1	1	1	1	1	1	1	1	1	1	1	1	1	1	1	1	1	1	1	1	1	1	1	1	1	1	1	1	1	1	1	1	1	1	0.999	1	0.999	0.998	0.996	0.996	0.993	0.989	0.979	0.971	0.942	0.924	0.906	0.886	0.831	0.791	0.741	0.702	0.622	0.583	0.536	0.486	0.447	0.371	0.352	0.317	0.291	0.247	0.215	0.196	
1	1	1	1	1	1	1	1	1	1	0.997	0.998	0.998	0.995	0.994	0.993	0.991	0.992	0.986	0.986	0.973	0.983	0.984	0.974	0.976	0.979	0.976	0.959	0.974	0.975	0.96	0.963	0.956	0.955	0.952	0.95	0.947	0.942	0.942	0.938	0.932	0.913	0.896	0.885	0.874	0.86	0.842	0.817	0.779	0.715	0.688	0.621	0.535	0.424	0.342	0.286	0.208	0.156	0.088	0.053	0.032	0.019	0.02	0.001	0.003	0.001	0	0.001	0	0	0	0	0	0	0	0	0	0	0	0	0	0	0	0	0	0	0	0	0	0	0	0	0	0	0	0	0	0	0	0	
1	1	1	1	1	1	1	1	1	1	1	1	1	1	1	1	1	1	1	1	1	1	1	1	1	1	1	1	1	1	1	1	1	1	1	1	1	1	1	1	1	1	1	0.999	1	1	1	0.996	0.998	0.995	0.994	0.983	0.975	0.962	0.95	0.937	0.894	0.862	0.815	0.768	0.664	0.616	0.529	0.455	0.4	0.3	0.254	0.176	0.123	0.078	0.054	0.035	0.027	0.014	0.012	0.001	0.001	0.002	0	0	0	0	0	0	0	0	0	0	0	0	0	0	0	0	0	0	0	0	0	0	
1	1	1	0.999	0.998	0.999	0.993	0.978	0.967	0.963	0.93	0.924	0.9	0.894	0.9	0.887	0.841	0.829	0.807	0.711	0.673	0.589	0.482	0.407	0.34	0.237	0.168	0.102	0.088	0.041	0.03	0.023	0.015	0.008	0.003	0.003	0.001	0.001	0	0.001	0	0.001	0	0	0	0	0	0	0	0	0	0	0	0	0	0	0	0	0	0	0	0	0	0	0	0	0	0	0	0	0	0	0	0	0	0	0	0	0	0	0	0	0	0	0	0	0	0	0	0	0	0	0	0	0	0	0	0	0	0	
1	1	1	1	1	1	1	1	0.997	0.99	0.961	0.919	0.822	0.748	0.673	0.538	0.415	0.259	0.156	0.103	0.045	0.024	0.016	0.005	0	0.001	0.002	0.001	0	0	0	0	0	0	0	0	0	0	0	0	0	0	0	0	0	0	0	0	0	0	0	0	0	0	0	0	0	0	0	0	0	0	0	0	0	0	0	0	0	0	0	0	0	0	0	0	0	0	0	0	0	0	0	0	0	0	0	0	0	0	0	0	0	0	0	0	0	0	0	0	
1	1	1	1	1	1	1	1	1	0.999	0.998	0.983	0.962	0.917	0.817	0.686	0.593	0.455	0.353	0.297	0.233	0.159	0.132	0.098	0.071	0.058	0.058	0.046	0.025	0.033	0.015	0.01	0.008	0.009	0.004	0.001	0.002	0.002	0	0	0	0	0.001	0	0	0	0	0	0	0	0	0	0	0	0	0	0	0	0	0	0	0	0	0	0	0	0	0	0	0	0	0	0	0	0	0	0	0	0	0	0	0	0	0	0	0	0	0	0	0	0	0	0	0	0	0	0	0	0	0	
1	1	1	1	1	1	1	1	1	1	1	1	1	0.993	0.99	0.979	0.964	0.963	0.939	0.931	0.92	0.889	0.885	0.86	0.865	0.827	0.816	0.799	0.769	0.729	0.684	0.639	0.573	0.535	0.454	0.395	0.321	0.256	0.212	0.153	0.111	0.104	0.077	0.043	0.03	0.041	0.023	0.009	0.01	0.005	0.008	0	0.001	0.001	0	0	0	0	0	0	0	0	0	0	0	0	0	0	0	0	0	0	0	0	0	0	0	0	0	0	0	0	0	0	0	0	0	0	0	0	0	0	0	0	0	0	0	0	0	0	
1	1	1	1	1	1	1	1	1	1	1	1	1	1	1	1	0.997	0.996	0.993	0.978	0.947	0.906	0.835	0.789	0.705	0.663	0.588	0.509	0.413	0.369	0.289	0.222	0.2	0.153	0.105	0.065	0.052	0.048	0.035	0.041	0.03	0.025	0.02	0.02	0.024	0.018	0.024	0.021	0.016	0.004	0.005	0.014	0.009	0.009	0.002	0.003	0.004	0.004	0.002	0.002	0	0.002	0	0	0	0	0	0	0	0	0	0	0	0	0	0	0	0	0	0	0	0	0	0	0	0	0	0	0	0	0	0	0	0	0	0	0	0	0	0	
1	1	1	1	1	1	1	1	0.999	0.999	0.996	0.995	0.987	0.974	0.946	0.913	0.849	0.794	0.701	0.646	0.534	0.471	0.383	0.326	0.272	0.24	0.203	0.203	0.154	0.135	0.117	0.115	0.105	0.099	0.105	0.101	0.103	0.079	0.087	0.077	0.064	0.068	0.043	0.028	0.017	0.012	0.01	0.005	0.007	0.003	0.001	0	0	0	0	0	0	0	0	0	0	0	0	0	0	0	0	0	0	0	0	0	0	0	0	0	0	0	0	0	0	0	0	0	0	0	0	0	0	0	0	0	0	0	0	0	0	0	0	0	
1	1	1	1	1	1	1	1	0.998	0.999	0.997	0.995	0.995	0.998	0.995	0.992	0.996	0.992	0.993	0.994	0.988	0.99	0.988	0.979	0.967	0.939	0.889	0.797	0.703	0.572	0.422	0.312	0.228	0.162	0.102	0.064	0.046	0.029	0.023	0.009	0.006	0.002	0.002	0	0	0	0	0	0	0	0	0	0	0	0	0	0	0	0	0	0	0	0	0	0	0	0	0	0	0	0	0	0	0	0	0	0	0	0	0	0	0	0	0	0	0	0	0	0	0	0	0	0	0	0	0	0	0	0	0	
1	1	1	1	1	1	1	1	1	0.998	0.989	0.967	0.909	0.829	0.705	0.579	0.501	0.419	0.325	0.289	0.229	0.155	0.136	0.105	0.065	0.061	0.034	0.037	0.021	0.017	0.007	0.005	0.008	0.002	0.004	0.001	0.002	0	0	0.001	0	0	0	0	0	0	0	0	0	0	0	0	0	0	0	0	0	0	0	0	0	0	0	0	0	0	0	0	0	0	0	0	0	0	0	0	0	0	0	0	0	0	0	0	0	0	0	0	0	0	0	0	0	0	0	0	0	0	0	0	
1	1	1	1	1	1	1	1	1	1	1	0.999	0.999	1	0.999	0.998	1	0.999	1	0.996	0.996	0.991	0.994	0.992	0.992	0.991	0.987	0.987	0.982	0.98	0.973	0.975	0.976	0.971	0.959	0.967	0.952	0.93	0.924	0.914	0.915	0.885	0.87	0.858	0.832	0.834	0.787	0.745	0.735	0.699	0.669	0.658	0.627	0.603	0.57	0.527	0.547	0.496	0.443	0.42	0.414	0.381	0.353	0.305	0.295	0.274	0.236	0.233	0.197	0.187	0.163	0.132	0.1	0.108	0.089	0.048	0.054	0.047	0.019	0.014	0.013	0.006	0.003	0.004	0.002	0	0	0	0	0	0	0	0	0	0	0	0	0	0	0	
1	1	1	1	1	1	1	1	1	1	1	1	1	1	1	1	1	1	1	1	1	0.999	1	1	0.998	0.999	1	0.998	0.997	1	0.996	0.997	0.996	0.997	0.993	0.997	0.99	0.996	0.994	0.996	0.99	0.981	0.984	0.986	0.982	0.975	0.957	0.951	0.934	0.922	0.924	0.881	0.865	0.833	0.778	0.742	0.72	0.672	0.663	0.614	0.571	0.508	0.488	0.456	0.443	0.439	0.374	0.351	0.332	0.295	0.251	0.24	0.218	0.191	0.163	0.147	0.142	0.149	0.096	0.093	0.086	0.082	0.058	0.056	0.056	0.046	0.023	0.019	0.022	0.014	0.018	0.011	0.005	0.008	0.004	0.003	0.007	0.002	0.005	0.003	
1	1	1	1	1	1	1	1	1	1	1	1	1	1	1	1	1	1	1	1	1	1	1	1	1	1	1	1	1	1	1	1	1	1	1	1	1	1	0.998	1	0.999	0.996	0.996	0.995	0.987	0.987	0.976	0.964	0.929	0.851	0.792	0.682	0.554	0.416	0.305	0.192	0.137	0.077	0.048	0.018	0.011	0.003	0	0	0	0	0	0	0	0	0	0	0	0	0	0	0	0	0	0	0	0	0	0	0	0	0	0	0	0	0	0	0	0	0	0	0	0	0	0	
1	1	1	1	1	1	0.994	0.961	0.869	0.741	0.649	0.527	0.449	0.377	0.331	0.277	0.228	0.201	0.199	0.175	0.156	0.162	0.174	0.161	0.159	0.191	0.177	0.166	0.199	0.188	0.168	0.168	0.145	0.146	0.14	0.115	0.105	0.103	0.093	0.077	0.064	0.057	0.056	0.062	0.049	0.045	0.045	0.036	0.033	0.04	0.044	0.026	0.031	0.021	0.026	0.013	0.022	0.018	0.013	0.018	0.013	0.015	0.007	0.006	0.008	0.006	0.004	0.001	0.002	0.002	0	0.001	0.002	0	0	0	0	0	0	0	0	0	0	0	0	0	0	0	0	0	0	0	0	0	0	0	0	0	0	0	
1	1	1	1	1	1	1	1	1	1	1	1	1	1	1	1	1	1	1	1	0.997	0.999	0.989	0.99	0.975	0.973	0.961	0.947	0.92	0.907	0.9	0.835	0.843	0.794	0.758	0.701	0.633	0.585	0.519	0.476	0.409	0.379	0.306	0.242	0.21	0.171	0.103	0.08	0.066	0.036	0.028	0.018	0.008	0.004	0.001	0.003	0.001	0	0	0	0	0	0	0	0	0	0	0	0	0	0	0	0	0	0	0	0	0	0	0	0	0	0	0	0	0	0	0	0	0	0	0	0	0	0	0	0	0	0	0	
1	1	1	1	1	1	1	1	1	1	1	1	1	1	1	1	1	1	1	1	1	1	1	1	1	1	1	1	1	1	0.999	0.993	0.994	0.985	0.962	0.944	0.885	0.827	0.748	0.656	0.536	0.412	0.308	0.232	0.143	0.08	0.058	0.028	0.018	0.006	0.003	0.002	0	0	0	0.001	0	0	0	0	0	0	0	0	0	0	0	0	0	0	0	0	0	0	0	0	0	0	0	0	0	0	0	0	0	0	0	0	0	0	0	0	0	0	0	0	0	0	0	0	
1	0.992	0.849	0.783	0.87	0.929	0.948	0.889	0.784	0.615	0.511	0.398	0.279	0.205	0.141	0.116	0.094	0.072	0.068	0.046	0.049	0.041	0.037	0.036	0.044	0.038	0.049	0.047	0.043	0.044	0.037	0.04	0.036	0.032	0.031	0.03	0.026	0.037	0.047	0.037	0.042	0.048	0.048	0.051	0.056	0.052	0.041	0.027	0.042	0.022	0.021	0.012	0.009	0.003	0.004	0.003	0.001	0	0	0	0	0	0	0	0	0	0	0	0	0	0	0	0	0	0	0	0	0	0	0	0	0	0	0	0	0	0	0	0	0	0	0	0	0	0	0	0	0	0	0	
1	1	0.998	0.97	0.873	0.779	0.64	0.547	0.517	0.51	0.493	0.481	0.45	0.412	0.376	0.365	0.297	0.268	0.251	0.218	0.176	0.126	0.094	0.078	0.055	0.044	0.039	0.028	0.015	0.011	0.008	0.005	0.005	0	0.001	0.002	0	0	0	0	0	0	0	0	0	0	0	0	0	0	0	0	0	0	0	0	0	0	0	0	0	0	0	0	0	0	0	0	0	0	0	0	0	0	0	0	0	0	0	0	0	0	0	0	0	0	0	0	0	0	0	0	0	0	0	0	0	0	0	0	
1	1	1	1	1	1	1	1	1	1	0.997	0.986	0.949	0.89	0.823	0.726	0.688	0.629	0.519	0.478	0.468	0.41	0.382	0.367	0.348	0.339	0.333	0.352	0.334	0.382	0.376	0.381	0.375	0.384	0.426	0.392	0.449	0.465	0.525	0.524	0.518	0.574	0.59	0.561	0.612	0.626	0.648	0.665	0.641	0.657	0.691	0.703	0.728	0.745	0.734	0.779	0.801	0.799	0.82	0.809	0.851	0.85	0.846	0.853	0.874	0.862	0.864	0.872	0.867	0.888	0.879	0.877	0.865	0.88	0.863	0.848	0.835	0.842	0.829	0.804	0.8	0.776	0.754	0.772	0.715	0.705	0.688	0.664	0.689	0.637	0.61	0.602	0.57	0.549	0.535	0.535	0.513	0.506	0.474	0.494	
1	1	1	1	1	1	1	1	1	1	1	0.999	0.988	0.924	0.833	0.673	0.521	0.323	0.199	0.11	0.043	0.029	0.01	0.005	0.002	0.001	0.001	0	0	0	0	0	0	0	0	0	0	0	0	0	0	0	0	0	0	0	0	0	0	0	0	0	0	0	0	0	0	0	0	0	0	0	0	0	0	0	0	0	0	0	0	0	0	0	0	0	0	0	0	0	0	0	0	0	0	0	0	0	0	0	0	0	0	0	0	0	0	0	0	0	
1	1	1	0.999	0.967	0.929	0.853	0.851	0.772	0.714	0.652	0.533	0.507	0.439	0.405	0.398	0.359	0.381	0.32	0.297	0.318	0.232	0.257	0.214	0.163	0.158	0.166	0.102	0.093	0.093	0.08	0.083	0.05	0.049	0.046	0.046	0.036	0.038	0.032	0.012	0.028	0.015	0.018	0.013	0.013	0.006	0.005	0.001	0.009	0.004	0.004	0.003	0.006	0.001	0.001	0.001	0.001	0.002	0	0	0.001	0	0	0	0	0	0	0	0	0	0	0	0	0	0	0	0	0	0	0	0	0	0	0	0	0	0	0	0	0	0	0	0	0	0	0	0	0	0	0	
1	1	1	1	1	1	1	1	1	1	1	1	1	0.994	0.98	0.978	0.933	0.919	0.877	0.851	0.825	0.777	0.744	0.71	0.679	0.651	0.619	0.566	0.516	0.512	0.474	0.404	0.351	0.333	0.284	0.244	0.215	0.18	0.142	0.1	0.091	0.086	0.05	0.048	0.04	0.029	0.014	0.008	0.007	0.003	0.004	0.003	0.003	0.003	0	0	0.001	0	0	0	0	0	0	0	0	0	0	0	0	0	0	0	0	0	0	0	0	0	0	0	0	0	0	0	0	0	0	0	0	0	0	0	0	0	0	0	0	0	0	0	
1	1	1	1	0.958	0.8	0.595	0.412	0.348	0.317	0.346	0.354	0.362	0.43	0.473	0.494	0.542	0.564	0.61	0.682	0.678	0.656	0.657	0.639	0.627	0.601	0.575	0.516	0.505	0.481	0.432	0.397	0.384	0.387	0.352	0.328	0.356	0.336	0.283	0.274	0.273	0.235	0.241	0.177	0.214	0.166	0.151	0.147	0.128	0.111	0.107	0.069	0.065	0.054	0.055	0.027	0.029	0.024	0.027	0.019	0.013	0.009	0.005	0.009	0.003	0.003	0	0.001	0.002	0	0.002	0.001	0	0	0	0	0	0	0	0	0	0	0	0	0	0	0	0	0	0	0	0	0	0	0	0	0	0	0	0	
1	1	1	1	1	1	1	1	1	1	1	1	1	1	1	1	1	1	1	1	0.998	0.998	0.994	0.983	0.971	0.953	0.933	0.914	0.899	0.883	0.866	0.842	0.814	0.823	0.777	0.785	0.775	0.764	0.704	0.688	0.667	0.604	0.606	0.544	0.464	0.411	0.341	0.29	0.229	0.198	0.135	0.108	0.082	0.059	0.045	0.03	0.026	0.013	0.004	0.004	0.004	0.001	0	0	0	0	0	0	0	0	0	0	0	0	0	0	0	0	0	0	0	0	0	0	0	0	0	0	0	0	0	0	0	0	0	0	0	0	0	0	
1	1	1	1	1	1	1	1	1	1	1	1	1	1	1	1	1	1	1	1	1	1	1	1	1	1	1	1	1	1	1	1	1	1	0.999	1	1	1	0.999	0.997	0.998	0.994	0.997	0.992	0.984	0.969	0.96	0.92	0.865	0.786	0.732	0.634	0.548	0.42	0.321	0.213	0.171	0.098	0.056	0.041	0.019	0.016	0.01	0.005	0.003	0.002	0	0	0	0	0	0	0	0	0	0	0	0	0	0	0	0	0	0	0	0	0	0	0	0	0	0	0	0	0	0	0	0	0	0	
1	1	1	0.999	0.994	0.982	0.976	0.952	0.892	0.792	0.682	0.574	0.462	0.323	0.269	0.181	0.115	0.068	0.057	0.039	0.024	0.016	0.014	0.005	0.009	0.004	0.003	0.007	0.002	0.003	0.001	0.004	0.002	0.002	0.002	0.004	0.002	0.002	0.002	0.002	0.001	0.002	0	0	0.002	0.001	0.001	0	0	0	0	0.001	0	0.002	0	0.001	0.001	0.001	0	0	0.001	0	0	0.001	0.001	0.001	0.001	0	0	0	0.001	0	0	0	0	0	0	0	0	0	0	0	0	0	0	0	0	0	0	0	0	0	0	0	0	0	0	0	0	0	
1	1	1	1	1	1	1	1	1	1	1	1	0.996	0.996	0.99	0.987	0.991	0.979	0.98	0.979	0.977	0.978	0.976	0.977	0.97	0.975	0.966	0.974	0.957	0.943	0.926	0.922	0.888	0.858	0.845	0.769	0.739	0.722	0.672	0.574	0.534	0.422	0.394	0.282	0.239	0.192	0.139	0.075	0.055	0.027	0.017	0.007	0.001	0	0.001	0	0	0	0	0	0	0	0	0	0	0	0	0	0	0	0	0	0	0	0	0	0	0	0	0	0	0	0	0	0	0	0	0	0	0	0	0	0	0	0	0	0	0	0	0	
1	1	1	1	1	1	1	1	1	1	1	1	1	1	1	1	1	1	1	1	1	1	1	1	1	1	1	1	1	1	1	1	1	1	1	1	1	1	1	1	1	1	1	1	1	1	1	1	1	1	1	1	1	1	1	1	1	0.999	0.998	0.996	0.998	0.994	0.995	0.987	0.984	0.975	0.978	0.958	0.933	0.909	0.894	0.85	0.837	0.785	0.73	0.672	0.611	0.565	0.469	0.435	0.346	0.312	0.25	0.204	0.174	0.141	0.108	0.097	0.066	0.041	0.031	0.024	0.017	0.014	0.019	0.004	0.001	0.003	0.003	0.005	
1	1	1	1	1	1	1	1	1	1	1	1	1	1	1	1	0.999	0.995	0.989	0.962	0.92	0.852	0.695	0.537	0.395	0.255	0.185	0.092	0.078	0.035	0.026	0.012	0.005	0.004	0.003	0	0	0	0	0	0	0	0	0	0	0	0	0	0	0	0	0	0	0	0	0	0	0	0	0	0	0	0	0	0	0	0	0	0	0	0	0	0	0	0	0	0	0	0	0	0	0	0	0	0	0	0	0	0	0	0	0	0	0	0	0	0	0	0	0	
1	1	1	1	1	1	1	1	1	1	1	1	1	1	1	1	1	1	1	1	1	1	1	1	1	1	1	1	1	1	1	1	0.999	1	1	1	1	0.998	0.998	0.992	0.995	0.974	0.953	0.899	0.83	0.734	0.658	0.53	0.375	0.272	0.151	0.089	0.051	0.025	0.013	0.01	0.002	0.001	0	0.001	0	0	0	0	0	0	0	0	0	0	0	0	0	0	0	0	0	0	0	0	0	0	0	0	0	0	0	0	0	0	0	0	0	0	0	0	0	0	0	0	
