1	1	1	1	1	1	0.996	0.984	0.89	0.747	0.585	0.418	0.308	0.224	0.153	0.14	0.113	0.092	0.067	0.059	0.054	0.042	0.041	0.049	0.02	0.026	0.023	0.024	0.01	0	0.002	0.001	0.003	0	0	0	0	0	0	0	0	0	0	0	0	0	0	0	0	0	0	0	0	0	0	0	0	0	0	0	0	0	0	0	0	0	0	0	0	0	0	0	0	0	0	0	0	0	0	0	0	0	0	0	0	0	0	0	0	0	0	0	0	0	0	0	0	0	0	0	
1	1	1	0.998	0.962	0.823	0.557	0.323	0.227	0.203	0.154	0.124	0.11	0.08	0.06	0.034	0.019	0.009	0.006	0.003	0.003	0	0	0	0	0	0	0	0	0	0	0	0	0	0	0	0	0	0	0	0	0	0	0	0	0	0	0	0	0	0	0	0	0	0	0	0	0	0	0	0	0	0	0	0	0	0	0	0	0	0	0	0	0	0	0	0	0	0	0	0	0	0	0	0	0	0	0	0	0	0	0	0	0	0	0	0	0	0	0	
1	1	1	1	1	1	1	1	1	1	1	1	1	1	1	1	1	1	1	1	1	1	1	1	1	1	1	1	1	0.999	1	0.999	0.994	0.993	0.983	0.976	0.968	0.944	0.897	0.848	0.788	0.675	0.581	0.481	0.381	0.275	0.205	0.122	0.087	0.063	0.022	0.012	0.012	0	0	0.001	0	0	0	0	0	0	0	0	0	0	0	0	0	0	0	0	0	0	0	0	0	0	0	0	0	0	0	0	0	0	0	0	0	0	0	0	0	0	0	0	0	0	0	0	
1	1	1	1	1	1	1	1	1	1	1	1	1	1	1	0.992	0.923	0.74	0.448	0.189	0.048	0.015	0.007	0.001	0	0	0.001	0	0	0.002	0	0	0	0	0	0	0	0	0	0	0	0	0	0	0	0	0	0	0	0	0	0	0	0	0	0	0	0	0	0	0	0	0	0	0	0	0	0	0	0	0	0	0	0	0	0	0	0	0	0	0	0	0	0	0	0	0	0	0	0	0	0	0	0	0	0	0	0	0	0	
1	1	1	1	1	1	1	1	0.999	1	0.999	1	0.984	0.929	0.798	0.56	0.364	0.206	0.106	0.053	0.02	0.011	0.004	0.002	0.001	0	0.001	0	0	0	0	0	0	0.001	0	0	0	0	0	0	0	0	0	0	0	0	0	0	0	0	0	0	0	0	0	0	0	0	0	0	0	0	0	0	0	0	0	0	0	0	0	0	0	0	0	0	0	0	0	0	0	0	0	0	0	0	0	0	0	0	0	0	0	0	0	0	0	0	0	0	
1	1	1	1	1	1	1	1	1	1	1	1	1	0.996	0.995	0.978	0.959	0.922	0.884	0.816	0.707	0.605	0.458	0.329	0.253	0.154	0.111	0.06	0.032	0.02	0.007	0.004	0.002	0.002	0	0	0	0	0	0	0	0	0	0	0	0	0	0	0	0	0	0	0	0	0	0	0	0	0	0	0	0	0	0	0	0	0	0	0	0	0	0	0	0	0	0	0	0	0	0	0	0	0	0	0	0	0	0	0	0	0	0	0	0	0	0	0	0	0	0	
1	1	1	1	1	0.999	0.979	0.96	0.936	0.913	0.881	0.806	0.767	0.656	0.519	0.422	0.286	0.26	0.173	0.128	0.107	0.069	0.047	0.042	0.028	0.022	0.023	0.011	0.009	0.002	0.001	0.002	0.001	0	0	0	0.001	0	0	0	0	0	0	0	0	0	0	0	0	0	0	0	0	0	0	0	0	0	0	0	0	0	0	0	0	0	0	0	0	0	0	0	0	0	0	0	0	0	0	0	0	0	0	0	0	0	0	0	0	0	0	0	0	0	0	0	0	0	0	0	
0.355	0.088	0.335	0.764	0.883	0.944	0.931	0.91	0.882	0.816	0.711	0.628	0.567	0.509	0.473	0.369	0.34	0.263	0.21	0.142	0.094	0.058	0.024	0.013	0.005	0.004	0.004	0.002	0.001	0	0	0	0	0	0	0	0	0	0	0	0	0	0	0	0	0	0	0	0	0	0	0	0	0	0	0	0	0	0	0	0	0	0	0	0	0	0	0	0	0	0	0	0	0	0	0	0	0	0	0	0	0	0	0	0	0	0	0	0	0	0	0	0	0	0	0	0	0	0	0	
1	1	1	1	1	1	1	1	1	0.99	0.951	0.87	0.752	0.606	0.529	0.449	0.435	0.393	0.338	0.318	0.337	0.309	0.269	0.25	0.266	0.262	0.288	0.281	0.265	0.235	0.19	0.177	0.136	0.087	0.05	0.036	0.015	0.012	0.009	0.004	0.004	0	0	0.001	0	0	0	0	0	0	0	0	0	0	0	0	0	0	0	0	0	0	0	0	0	0	0	0	0	0	0	0	0	0	0	0	0	0	0	0	0	0	0	0	0	0	0	0	0	0	0	0	0	0	0	0	0	0	0	0	
1	1	1	1	1	1	1	1	1	1	1	1	0.999	0.998	0.997	0.981	0.981	0.937	0.901	0.859	0.798	0.692	0.6	0.482	0.371	0.286	0.208	0.159	0.106	0.084	0.062	0.047	0.054	0.045	0.045	0.026	0.026	0.038	0.042	0.03	0.045	0.025	0.031	0.03	0.023	0.022	0.016	0.015	0.008	0.009	0.004	0.003	0.003	0	0.001	0	0	0	0	0	0	0	0	0	0	0	0	0	0	0	0	0	0	0	0	0	0	0	0	0	0	0	0	0	0	0	0	0	0	0	0	0	0	0	0	0	0	0	0	0	
1	1	1	1	1	1	0.999	0.994	0.987	0.966	0.975	0.97	0.97	0.983	0.982	0.987	0.99	0.994	0.996	0.989	0.998	0.995	0.996	0.996	0.999	0.998	0.994	0.988	0.986	0.982	0.972	0.961	0.963	0.912	0.903	0.891	0.81	0.79	0.747	0.703	0.666	0.612	0.569	0.478	0.424	0.39	0.403	0.343	0.292	0.249	0.222	0.199	0.15	0.164	0.157	0.129	0.101	0.089	0.071	0.073	0.059	0.05	0.043	0.044	0.028	0.035	0.021	0.021	0.026	0.016	0.019	0.008	0.011	0.014	0.015	0.009	0.007	0.005	0.007	0.004	0.005	0.002	0.008	0.001	0.002	0.003	0.003	0.001	0	0.001	0.002	0.003	0.001	0	0	0	0	0	0.001	0	
1	1	1	1	1	1	1	1	1	1	1	1	1	1	1	1	1	1	1	1	1	1	1	0.999	0.998	0.99	0.974	0.951	0.923	0.868	0.836	0.808	0.757	0.723	0.65	0.575	0.5	0.461	0.419	0.353	0.287	0.245	0.249	0.173	0.144	0.139	0.111	0.085	0.061	0.053	0.059	0.031	0.031	0.017	0.013	0.018	0.013	0.003	0.006	0.003	0.006	0.001	0.002	0.003	0	0	0	0	0	0	0	0	0	0	0	0	0	0	0	0	0	0	0	0	0	0	0	0	0	0	0	0	0	0	0	0	0	0	0	0	
1	1	1	1	1	1	1	1	1	1	1	1	1	1	1	1	1	1	1	1	1	1	0.999	1	0.999	0.998	0.997	0.996	0.995	0.989	0.982	0.964	0.961	0.949	0.915	0.905	0.886	0.832	0.759	0.706	0.645	0.588	0.549	0.437	0.361	0.265	0.222	0.15	0.107	0.07	0.049	0.033	0.014	0.012	0.004	0.001	0.001	0.002	0	0.001	0	0	0	0	0	0	0	0	0	0	0	0	0	0	0	0	0	0	0	0	0	0	0	0	0	0	0	0	0	0	0	0	0	0	0	0	0	0	0	0	
1	1	1	1	1	1	1	1	1	1	1	0.996	0.996	0.99	0.973	0.942	0.919	0.85	0.792	0.729	0.631	0.58	0.516	0.459	0.404	0.355	0.349	0.311	0.238	0.22	0.214	0.127	0.106	0.081	0.063	0.038	0.029	0.019	0.009	0.007	0.004	0	0	0	0	0	0	0	0	0	0	0	0	0	0	0	0	0	0	0	0	0	0	0	0	0	0	0	0	0	0	0	0	0	0	0	0	0	0	0	0	0	0	0	0	0	0	0	0	0	0	0	0	0	0	0	0	0	0	0	
1	1	1	1	1	0.998	0.977	0.919	0.82	0.727	0.63	0.544	0.464	0.381	0.265	0.182	0.129	0.067	0.033	0.02	0.009	0.004	0.002	0	0.001	0	0	0	0	0	0	0	0	0	0	0	0	0	0	0	0	0	0	0	0	0	0	0	0	0	0	0	0	0	0	0	0	0	0	0	0	0	0	0	0	0	0	0	0	0	0	0	0	0	0	0	0	0	0	0	0	0	0	0	0	0	0	0	0	0	0	0	0	0	0	0	0	0	0	0	
1	0.996	0.993	0.993	0.995	0.948	0.821	0.603	0.359	0.156	0.05	0.004	0.003	0	0	0	0	0	0	0	0	0	0	0	0	0	0	0	0	0	0	0	0	0	0	0	0	0	0	0	0	0	0	0	0	0	0	0	0	0	0	0	0	0	0	0	0	0	0	0	0	0	0	0	0	0	0	0	0	0	0	0	0	0	0	0	0	0	0	0	0	0	0	0	0	0	0	0	0	0	0	0	0	0	0	0	0	0	0	0	
1	1	1	1	1	1	1	1	1	1	1	1	1	0.998	1	0.996	0.997	0.991	0.989	0.976	0.969	0.965	0.945	0.929	0.933	0.887	0.852	0.839	0.768	0.729	0.642	0.553	0.503	0.441	0.307	0.243	0.179	0.151	0.102	0.07	0.03	0.027	0.014	0.007	0.003	0.003	0	0	0.001	0	0	0	0	0	0	0	0	0	0	0	0	0	0	0	0	0	0	0	0	0	0	0	0	0	0	0	0	0	0	0	0	0	0	0	0	0	0	0	0	0	0	0	0	0	0	0	0	0	0	0	
1	1	1	1	1	1	1	1	1	1	1	1	1	1	1	1	1	1	1	1	1	1	1	0.998	0.995	0.979	0.962	0.947	0.908	0.857	0.786	0.682	0.575	0.417	0.286	0.213	0.14	0.066	0.037	0.02	0.008	0.006	0.007	0	0.002	0.001	0	0	0	0	0	0	0	0	0	0.001	0	0	0	0	0	0	0	0	0	0	0	0	0	0	0	0	0	0	0	0	0	0	0	0	0	0	0	0	0	0	0	0	0	0	0	0	0	0	0	0	0	0	0	0	
1	1	1	1	1	1	1	1	1	1	1	0.999	0.991	0.993	0.965	0.95	0.889	0.855	0.789	0.717	0.665	0.599	0.53	0.477	0.433	0.373	0.348	0.345	0.314	0.274	0.3	0.323	0.324	0.337	0.37	0.382	0.415	0.418	0.372	0.384	0.342	0.25	0.206	0.163	0.099	0.079	0.048	0.031	0.021	0.012	0.005	0.001	0.003	0.001	0	0	0	0.001	0	0	0	0	0	0	0	0	0	0	0	0	0	0	0	0	0	0	0	0	0	0	0	0	0	0	0	0	0	0	0	0	0	0	0	0	0	0	0	0	0	0	
0.579	0.259	0.304	0.282	0.166	0.133	0.054	0.037	0.028	0.023	0.017	0.009	0.006	0.002	0	0.002	0.001	0	0	0	0	0	0	0	0	0	0	0	0	0	0	0	0	0	0	0	0	0	0	0	0	0	0	0	0	0	0	0	0	0	0	0	0	0	0	0	0	0	0	0	0	0	0	0	0	0	0	0	0	0	0	0	0	0	0	0	0	0	0	0	0	0	0	0	0	0	0	0	0	0	0	0	0	0	0	0	0	0	0	0	
0.999	0.02	0.004	0.05	0.386	0.848	0.97	0.966	0.799	0.382	0.134	0.026	0.009	0.002	0.002	0	0	0	0	0	0	0	0	0	0	0	0	0	0	0	0	0	0	0	0	0	0	0	0	0	0	0	0	0	0	0	0	0	0	0	0	0	0	0	0	0	0	0	0	0	0	0	0	0	0	0	0	0	0	0	0	0	0	0	0	0	0	0	0	0	0	0	0	0	0	0	0	0	0	0	0	0	0	0	0	0	0	0	0	0	
1	1	1	1	1	1	1	1	1	1	1	1	1	1	1	1	1	1	1	1	1	1	1	1	1	1	1	1	1	1	1	1	1	1	0.999	1	0.994	0.994	0.977	0.96	0.895	0.813	0.694	0.553	0.394	0.245	0.133	0.067	0.037	0.01	0.006	0	0	0	0	0	0	0	0	0	0	0	0	0	0	0	0	0	0	0	0	0	0	0	0	0	0	0	0	0	0	0	0	0	0	0	0	0	0	0	0	0	0	0	0	0	0	0	0	0	
1	1	1	1	1	1	1	1	1	1	1	1	1	1	1	1	1	1	1	1	1	1	1	1	0.998	0.996	0.983	0.965	0.913	0.863	0.751	0.665	0.532	0.405	0.316	0.197	0.124	0.077	0.041	0.017	0.014	0.008	0.003	0.002	0	0	0	0	0	0	0	0	0	0	0	0	0	0	0	0	0	0	0	0	0	0	0	0	0	0	0	0	0	0	0	0	0	0	0	0	0	0	0	0	0	0	0	0	0	0	0	0	0	0	0	0	0	0	0	0	
1	1	1	1	1	1	0.997	0.945	0.749	0.475	0.198	0.076	0.016	0.008	0	0	0	0	0	0	0	0	0	0	0	0	0	0	0	0	0	0	0	0	0	0	0	0	0	0	0	0.001	0	0	0	0	0	0	0	0	0	0	0	0.001	0	0	0	0.001	0	0	0	0	0	0	0	0	0.001	0	0	0	0	0	0	0	0	0	0	0	0	0	0	0	0	0	0	0	0	0	0	0	0	0	0	0	0	0	0	0	0	0	
1	1	0.987	0.645	0.292	0.144	0.111	0.072	0.083	0.115	0.15	0.195	0.239	0.279	0.363	0.397	0.431	0.463	0.493	0.445	0.397	0.332	0.217	0.141	0.074	0.046	0.025	0.015	0.009	0.006	0.008	0.003	0.003	0.003	0.001	0.001	0	0.001	0.001	0.001	0.002	0.002	0.003	0.003	0.003	0.003	0.006	0.01	0.008	0.009	0.02	0.015	0.025	0.019	0.022	0.025	0.025	0.01	0.007	0.007	0.009	0.005	0.007	0.003	0.001	0.001	0	0.001	0	0	0	0	0	0	0	0	0	0	0	0	0	0	0	0	0	0	0	0	0	0	0	0	0	0	0	0	0	0	0	0	
1	1	1	1	1	1	1	1	1	1	1	1	1	1	0.999	0.997	0.996	0.99	0.971	0.923	0.84	0.746	0.612	0.437	0.272	0.16	0.112	0.049	0.033	0.013	0.005	0	0	0	0.001	0	0	0	0	0	0	0	0	0	0	0	0	0	0	0	0	0	0	0	0	0	0	0	0	0	0	0	0	0	0	0	0	0	0	0	0	0	0	0	0	0	0	0	0	0	0	0	0	0	0	0	0	0	0	0	0	0	0	0	0	0	0	0	0	0	
1	0.705	0.126	0.086	0.162	0.318	0.55	0.765	0.869	0.939	0.957	0.969	0.978	0.99	0.989	0.984	0.984	0.993	0.988	0.99	0.989	0.989	0.992	0.98	0.983	0.981	0.986	0.972	0.966	0.953	0.93	0.93	0.912	0.875	0.854	0.786	0.745	0.641	0.545	0.472	0.334	0.264	0.185	0.102	0.054	0.038	0.027	0.012	0.011	0.002	0.002	0.001	0.001	0	0	0	0	0	0	0	0	0	0	0	0	0	0	0	0	0	0	0	0	0	0	0	0	0	0	0	0	0	0	0	0	0	0	0	0	0	0	0	0	0	0	0	0	0	0	0	
1	1	1	1	1	1	1	1	1	1	1	1	1	1	1	1	1	1	1	1	1	1	1	1	1	0.998	1	0.999	0.99	0.983	0.961	0.923	0.859	0.74	0.642	0.559	0.424	0.318	0.228	0.155	0.095	0.066	0.044	0.022	0.004	0.008	0.005	0.004	0.002	0.002	0	0	0	0	0	0	0	0	0	0	0	0	0	0	0	0	0	0	0	0	0	0	0	0	0	0	0	0	0	0	0	0	0	0	0	0	0	0	0	0	0	0	0	0	0	0	0	0	0	0	
1	1	1	1	0.869	0.374	0.062	0.011	0.001	0	0	0	0	0	0	0	0	0	0	0	0	0	0	0	0	0	0	0	0	0	0	0	0	0	0	0	0	0	0	0	0	0	0	0	0	0	0	0	0	0	0	0	0	0	0	0	0	0	0	0	0	0	0	0	0	0	0	0	0	0	0	0	0	0	0	0	0	0	0	0	0	0	0	0	0	0	0	0	0	0	0	0	0	0	0	0	0	0	0	0	
1	1	1	1	1	1	1	1	1	1	1	0.999	0.999	0.998	0.997	0.986	0.959	0.89	0.812	0.651	0.457	0.33	0.179	0.101	0.043	0.019	0.005	0	0.003	0	0	0.001	0	0	0	0	0	0	0	0	0	0	0	0	0	0	0	0	0	0	0	0	0	0	0	0	0	0	0	0	0	0	0	0	0	0	0	0	0	0	0	0	0	0	0	0	0	0	0	0	0	0	0	0	0	0	0	0	0	0	0	0	0	0	0	0	0	0	0	0	
1	1	1	1	1	1	1	1	1	1	1	1	1	1	1	0.998	0.997	0.995	0.991	0.97	0.946	0.926	0.894	0.827	0.724	0.621	0.491	0.399	0.258	0.171	0.106	0.058	0.023	0.01	0.007	0.004	0.001	0	0	0	0	0	0	0	0	0	0	0	0	0	0	0	0	0	0	0	0	0	0	0	0	0	0	0	0	0	0	0	0	0	0	0	0	0	0	0	0	0	0	0	0	0	0	0	0	0	0	0	0	0	0	0	0	0	0	0	0	0	0	0	
1	1	1	1	1	1	1	1	1	1	1	1	1	1	1	1	1	1	1	1	1	1	1	1	1	1	1	1	1	1	0.99	0.98	0.974	0.92	0.88	0.826	0.727	0.656	0.527	0.458	0.306	0.248	0.153	0.101	0.054	0.038	0.014	0.004	0.003	0.002	0.001	0.001	0.001	0	0	0	0	0	0	0	0	0	0	0	0	0	0	0	0	0	0	0	0	0	0	0	0	0	0	0	0	0	0	0	0	0	0	0	0	0	0	0	0	0	0	0	0	0	0	0	
1	1	1	1	1	1	1	1	1	1	1	1	1	1	1	1	1	0.999	0.998	0.989	0.973	0.937	0.886	0.791	0.669	0.523	0.419	0.274	0.158	0.095	0.054	0.032	0.012	0.006	0.002	0	0	0	0	0	0	0	0	0	0	0	0	0	0	0	0	0	0	0	0	0	0	0	0	0	0	0	0	0	0	0	0	0	0	0	0	0	0	0	0	0	0	0	0	0	0	0	0	0	0	0	0	0	0	0	0	0	0	0	0	0	0	0	0	0	
1	1	1	1	1	1	1	1	1	1	1	1	1	1	1	1	0.999	0.994	0.996	0.985	0.976	0.947	0.932	0.895	0.845	0.804	0.732	0.648	0.546	0.485	0.43	0.336	0.25	0.186	0.135	0.113	0.076	0.045	0.03	0.017	0.003	0.008	0.009	0.003	0.002	0.001	0	0.001	0	0	0	0	0.001	0	0	0	0	0	0	0	0	0	0	0	0	0	0	0	0	0	0	0	0	0	0	0	0	0	0	0	0	0	0	0	0	0	0	0	0	0	0	0	0	0	0	0	0	0	0	0	
1	1	1	1	1	1	1	1	1	1	1	1	1	1	1	1	1	0.998	0.998	0.983	0.945	0.871	0.771	0.608	0.48	0.354	0.259	0.148	0.094	0.037	0.024	0.007	0.003	0.002	0.002	0	0	0	0.001	0	0	0	0	0	0	0	0	0	0	0	0	0	0	0	0	0	0	0	0	0	0	0	0	0	0	0	0	0	0	0	0	0	0	0	0	0	0	0	0	0	0	0	0	0	0	0	0	0	0	0	0	0	0	0	0	0	0	0	0	0	
1	1	1	1	1	1	1	1	1	1	1	1	1	1	0.999	1	0.996	0.996	0.995	0.982	0.958	0.868	0.705	0.497	0.312	0.216	0.07	0.037	0.008	0.004	0.002	0	0	0	0	0	0	0	0	0	0	0	0	0	0	0	0	0	0	0	0	0	0	0	0	0	0	0	0	0	0	0	0	0	0	0	0	0	0	0	0	0	0	0	0	0	0	0	0	0	0	0	0	0	0	0	0	0	0	0	0	0	0	0	0	0	0	0	0	0	
1	1	1	1	1	1	1	0.994	0.982	0.923	0.756	0.485	0.199	0.069	0.031	0.008	0	0	0	0	0	0	0	0	0	0	0	0	0	0	0	0	0	0	0	0	0	0	0	0	0	0	0	0	0	0	0	0	0	0	0	0	0	0	0	0	0	0	0	0	0	0	0	0	0	0	0	0	0	0	0	0	0	0	0	0	0	0	0	0	0	0	0	0	0	0	0	0	0	0	0	0	0	0	0	0	0	0	0	0	
1	1	1	1	0.998	0.998	0.995	0.996	0.996	0.998	0.987	0.985	0.978	0.946	0.901	0.837	0.747	0.608	0.461	0.316	0.209	0.121	0.079	0.04	0.024	0.017	0.007	0.006	0.001	0	0.002	0	0	0	0	0	0	0	0	0	0	0.001	0	0	0	0	0	0	0	0	0	0	0	0	0	0	0	0	0	0	0	0	0	0	0	0	0	0	0	0	0	0	0	0	0	0	0	0	0	0	0	0	0	0	0	0	0	0	0	0	0	0	0	0	0	0	0	0	0	0	
1	1	1	1	1	0.998	1	0.999	0.999	0.997	0.994	0.979	0.966	0.953	0.93	0.898	0.849	0.838	0.785	0.745	0.648	0.546	0.451	0.337	0.246	0.191	0.117	0.083	0.042	0.028	0.014	0.007	0.003	0	0.001	0.002	0	0	0	0	0	0	0	0	0	0	0	0	0	0	0	0	0	0	0	0	0	0	0	0	0	0	0	0	0	0	0	0	0	0	0	0	0	0	0	0	0	0	0	0	0	0	0	0	0	0	0	0	0	0	0	0	0	0	0	0	0	0	0	0	
1	1	1	1	1	0.999	1	0.995	0.982	0.965	0.956	0.942	0.923	0.905	0.861	0.84	0.771	0.741	0.674	0.58	0.487	0.396	0.297	0.222	0.172	0.114	0.08	0.065	0.049	0.031	0.031	0.016	0.019	0.009	0.012	0.009	0.01	0.004	0.002	0.003	0.002	0.001	0.001	0.002	0.003	0	0	0.001	0	0	0	0.001	0	0	0	0	0	0	0	0	0	0	0	0	0	0	0	0	0	0	0	0	0	0	0	0	0	0	0	0	0	0	0	0	0	0	0	0	0	0	0	0	0	0	0	0	0	0	0	0	
1	1	1	1	1	1	1	1	1	1	1	1	1	1	1	1	0.996	0.988	0.969	0.903	0.766	0.649	0.494	0.343	0.225	0.11	0.045	0.035	0.008	0.005	0.001	0	0	0	0	0	0	0	0	0	0	0	0	0	0	0	0	0	0	0	0	0	0	0	0	0	0	0	0	0	0	0	0	0	0	0	0	0	0	0	0	0	0	0	0	0	0	0	0	0	0	0	0	0	0	0	0	0	0	0	0	0	0	0	0	0	0	0	0	0	
1	1	1	1	1	1	1	1	1	1	1	1	1	1	1	1	0.999	1	0.998	0.995	0.996	0.988	0.975	0.941	0.894	0.798	0.74	0.638	0.503	0.425	0.327	0.256	0.195	0.143	0.098	0.076	0.07	0.049	0.027	0.02	0.018	0.012	0.008	0.005	0.006	0.001	0.003	0.002	0.002	0.001	0	0.001	0	0	0	0	0	0	0	0	0	0	0	0	0	0	0	0	0	0	0	0	0	0	0	0	0	0	0	0	0	0	0	0	0	0	0	0	0	0	0	0	0	0	0	0	0	0	0	0	
1	1	1	1	1	1	1	1	1	0.996	0.981	0.964	0.916	0.824	0.696	0.521	0.383	0.268	0.181	0.126	0.08	0.05	0.039	0.038	0.019	0.012	0.009	0.007	0.002	0.001	0.002	0	0	0	0	0	0	0	0	0	0	0	0	0	0	0	0	0	0	0	0	0	0	0	0	0	0	0	0	0	0	0	0	0	0	0	0	0	0	0	0	0	0	0	0	0	0	0	0	0	0	0	0	0	0	0	0	0	0	0	0	0	0	0	0	0	0	0	0	0	
1	1	1	1	1	1	1	1	1	0.997	1	0.999	0.994	0.996	0.998	0.99	0.986	0.997	0.997	0.99	0.998	0.997	0.998	0.996	0.999	0.993	0.997	0.981	0.978	0.969	0.944	0.92	0.876	0.804	0.785	0.702	0.582	0.537	0.463	0.399	0.303	0.254	0.192	0.154	0.11	0.098	0.079	0.04	0.037	0.025	0.017	0.009	0.014	0.002	0.003	0.002	0.002	0.002	0.002	0.001	0	0	0	0	0	0	0	0	0	0	0	0	0	0	0	0	0	0	0	0	0	0	0	0	0	0	0	0	0	0	0	0	0	0	0	0	0	0	0	0	
0.977	0.756	0.709	0.634	0.506	0.341	0.248	0.222	0.238	0.245	0.324	0.369	0.463	0.552	0.607	0.686	0.698	0.763	0.771	0.784	0.808	0.81	0.819	0.837	0.83	0.845	0.865	0.858	0.894	0.891	0.878	0.893	0.879	0.91	0.926	0.922	0.906	0.911	0.926	0.902	0.912	0.914	0.911	0.907	0.903	0.89	0.915	0.894	0.869	0.837	0.828	0.822	0.785	0.792	0.756	0.704	0.657	0.597	0.536	0.492	0.394	0.307	0.259	0.187	0.137	0.091	0.058	0.033	0.019	0.013	0.004	0.001	0.001	0	0	0.001	0	0	0	0	0	0	0	0	0	0	0	0	0	0	0	0	0	0	0	0	0	0	0	0	
1	1	1	1	1	0.991	0.985	0.964	0.967	0.967	0.965	0.964	0.94	0.916	0.89	0.86	0.789	0.721	0.652	0.587	0.484	0.382	0.312	0.241	0.177	0.111	0.085	0.05	0.042	0.016	0.006	0.005	0.002	0	0.001	0	0	0	0	0	0	0	0	0	0	0	0	0	0	0	0	0	0	0	0	0	0	0	0	0	0	0	0	0	0	0	0	0	0	0	0	0	0	0	0	0	0	0	0	0	0	0	0	0	0	0	0	0	0	0	0	0	0	0	0	0	0	0	0	0	
1	1	1	1	1	1	1	0.999	0.969	0.877	0.701	0.509	0.351	0.215	0.14	0.132	0.088	0.074	0.056	0.039	0.027	0.02	0.017	0.011	0.009	0.008	0.003	0.006	0.002	0.002	0.001	0	0	0	0	0	0	0	0	0	0	0	0	0	0	0	0	0	0	0	0	0	0	0	0	0	0	0	0	0	0	0	0	0	0	0	0	0	0	0	0	0	0	0	0	0	0	0	0	0	0	0	0	0	0	0	0	0	0	0	0	0	0	0	0	0	0	0	0	0	
1	1	1	1	1	1	1	0.999	0.994	0.964	0.886	0.712	0.554	0.34	0.191	0.088	0.056	0.016	0.008	0.005	0.003	0	0	0	0	0	0	0	0	0	0	0	0	0	0	0	0	0	0	0	0	0	0	0	0	0	0	0	0	0	0	0	0	0	0	0	0	0	0	0	0	0	0	0	0	0	0	0	0	0	0	0	0	0	0	0	0	0	0	0	0	0	0	0	0	0	0	0	0	0	0	0	0	0	0	0	0	0	0	0	
1	1	1	0.99	0.919	0.702	0.452	0.261	0.144	0.076	0.061	0.02	0.023	0.02	0.008	0.009	0.003	0.003	0.003	0.004	0.003	0.003	0.002	0	0.001	0	0	0	0	0	0	0	0.001	0	0	0	0	0	0	0	0	0	0	0	0	0	0	0	0	0	0	0	0	0	0	0	0	0	0	0	0	0	0	0	0	0	0	0	0	0	0	0	0	0	0	0	0	0	0	0	0	0	0	0	0	0	0	0	0	0	0	0	0	0	0	0	0	0	0	0	
1	1	1	1	1	1	0.994	0.975	0.938	0.858	0.72	0.581	0.446	0.281	0.154	0.07	0.024	0.014	0.005	0	0.001	0	0	0	0	0	0	0	0	0	0	0	0	0	0	0	0	0	0	0	0	0	0	0	0	0	0	0	0	0	0	0	0	0	0	0	0	0	0	0	0	0	0	0	0	0	0	0	0	0	0	0	0	0	0	0	0	0	0	0	0	0	0	0	0	0	0	0	0	0	0	0	0	0	0	0	0	0	0	0	
1	1	1	1	1	1	1	1	1	1	1	1	1	1	1	1	1	1	1	1	1	1	1	1	1	1	1	1	1	1	1	1	0.998	0.994	0.973	0.939	0.846	0.685	0.472	0.299	0.142	0.069	0.025	0.008	0.002	0	0	0	0	0	0	0	0	0	0	0	0	0	0	0	0	0	0	0	0	0	0	0	0	0	0	0	0	0	0	0	0	0	0	0	0	0	0	0	0	0	0	0	0	0	0	0	0	0	0	0	0	0	0	0	
1	1	1	1	1	0.981	0.766	0.519	0.287	0.138	0.048	0.005	0.003	0.002	0	0	0	0	0	0	0	0	0	0	0	0	0	0	0	0	0	0	0	0	0	0	0	0	0	0	0	0	0	0	0	0	0	0	0	0	0	0	0	0	0	0	0	0	0	0	0	0	0	0	0	0	0	0	0	0	0	0	0	0	0	0	0	0	0	0	0	0	0	0	0	0	0	0	0	0	0	0	0	0	0	0	0	0	0	0	
1	1	1	1	1	1	0.999	0.987	0.983	0.979	0.951	0.901	0.833	0.752	0.649	0.532	0.42	0.284	0.231	0.146	0.095	0.058	0.043	0.023	0.013	0.012	0.002	0.002	0	0	0	0	0	0	0	0	0	0	0	0	0	0	0	0	0	0	0	0	0	0	0	0	0	0	0	0	0	0	0	0	0	0	0	0	0	0	0	0	0	0	0	0	0	0	0	0	0	0	0	0	0	0	0	0	0	0	0	0	0	0	0	0	0	0	0	0	0	0	0	0	
1	1	1	1	1	1	1	1	1	1	1	1	1	0.998	0.999	0.994	0.993	0.982	0.961	0.906	0.849	0.726	0.613	0.508	0.382	0.251	0.174	0.118	0.071	0.042	0.038	0.02	0.016	0.008	0.009	0.005	0	0.002	0.001	0.004	0.002	0.002	0.003	0	0.001	0.001	0	0.001	0	0.001	0	0	0.001	0	0	0	0	0	0	0	0	0	0	0	0	0	0	0	0	0	0	0	0	0	0	0	0	0	0	0	0	0	0	0	0	0	0	0	0	0	0	0	0	0	0	0	0	0	0	0	
1	1	1	1	1	1	1	1	1	1	1	1	1	1	1	1	1	0.997	0.995	0.993	0.987	0.991	0.979	0.956	0.944	0.941	0.911	0.886	0.867	0.844	0.842	0.824	0.843	0.861	0.864	0.857	0.89	0.918	0.934	0.936	0.976	0.973	0.985	0.987	0.992	0.995	0.994	0.998	0.997	0.995	0.998	0.994	0.989	0.981	0.975	0.953	0.945	0.898	0.861	0.82	0.742	0.699	0.634	0.55	0.486	0.411	0.35	0.304	0.245	0.19	0.171	0.15	0.132	0.09	0.077	0.056	0.044	0.04	0.033	0.03	0.018	0.012	0.011	0.01	0.011	0.003	0.006	0.004	0.001	0.004	0.002	0.001	0.001	0.002	0	0	0.001	0	0	0	
1	1	1	1	1	1	1	1	1	1	1	1	1	1	1	1	1	1	1	1	1	1	1	1	1	0.998	0.995	0.992	0.994	0.987	0.967	0.955	0.953	0.918	0.913	0.855	0.829	0.784	0.713	0.65	0.565	0.474	0.388	0.31	0.241	0.164	0.126	0.1	0.068	0.043	0.032	0.039	0.033	0.024	0.022	0.02	0.02	0.022	0.016	0.013	0.01	0.006	0.002	0.008	0.003	0.004	0.008	0.002	0.002	0.001	0.001	0.002	0	0	0	0	0	0	0	0	0	0	0	0	0	0	0	0	0	0	0	0	0	0	0	0	0	0	0	0	
1	1	1	1	1	1	1	1	1	1	1	1	1	1	1	1	1	1	1	1	1	1	1	1	1	1	1	1	1	1	0.999	1	0.999	0.996	0.997	0.991	0.987	0.979	0.973	0.939	0.927	0.916	0.853	0.826	0.77	0.718	0.657	0.559	0.53	0.468	0.388	0.332	0.288	0.247	0.207	0.187	0.147	0.093	0.105	0.071	0.07	0.035	0.031	0.025	0.021	0.022	0.01	0.009	0.007	0.004	0.004	0.002	0.002	0	0	0	0	0	0	0	0	0	0	0	0	0	0	0	0	0	0	0	0	0	0	0	0	0	0	0	
1	1	0.998	0.841	0.456	0.22	0.114	0.056	0.037	0.014	0.002	0.003	0.001	0	0	0	0	0	0	0	0	0	0	0	0	0	0	0	0	0	0	0	0	0	0	0	0	0	0	0	0	0	0	0	0	0	0	0	0	0	0	0	0	0	0	0	0	0	0	0	0	0	0	0	0	0	0	0	0	0	0	0	0	0	0	0	0	0	0	0	0	0	0	0	0	0	0	0	0	0	0	0	0	0	0	0	0	0	0	0	
1	1	1	1	1	1	1	1	1	1	1	1	0.999	0.999	0.996	0.984	0.97	0.939	0.908	0.86	0.765	0.729	0.647	0.539	0.429	0.381	0.299	0.229	0.175	0.152	0.12	0.084	0.055	0.046	0.038	0.035	0.026	0.019	0.017	0.013	0.01	0.006	0.005	0.004	0.005	0.003	0	0	0	0.002	0	0	0	0.001	0	0	0	0	0	0	0	0	0	0	0	0	0	0	0	0	0	0	0	0	0	0	0	0	0	0	0	0	0	0	0	0	0	0	0	0	0	0	0	0	0	0	0	0	0	0	
1	1	1	1	1	1	1	1	1	1	0.999	0.999	0.995	0.99	0.988	0.96	0.966	0.936	0.912	0.865	0.848	0.798	0.715	0.645	0.622	0.534	0.437	0.396	0.36	0.298	0.279	0.227	0.184	0.164	0.141	0.119	0.087	0.063	0.058	0.048	0.035	0.038	0.023	0.02	0.02	0.01	0.009	0.009	0.006	0.005	0.004	0.002	0.001	0.002	0.001	0.001	0	0	0	0	0	0	0	0	0	0	0	0	0	0	0	0	0	0	0	0	0	0	0	0	0	0	0	0	0	0	0	0	0	0	0	0	0	0	0	0	0	0	0	0	
1	1	1	1	1	1	1	1	1	1	1	1	1	1	1	1	0.999	0.998	0.994	0.992	0.985	0.982	0.965	0.962	0.964	0.941	0.932	0.918	0.924	0.895	0.884	0.855	0.829	0.803	0.752	0.709	0.64	0.616	0.561	0.508	0.44	0.402	0.358	0.329	0.315	0.214	0.212	0.191	0.164	0.118	0.104	0.106	0.092	0.073	0.081	0.073	0.078	0.08	0.078	0.087	0.106	0.104	0.095	0.091	0.096	0.092	0.082	0.078	0.069	0.059	0.053	0.034	0.038	0.018	0.012	0.013	0.007	0.004	0.005	0.004	0.001	0.005	0.001	0.001	0	0	0	0	0	0	0	0	0	0	0	0	0	0	0	0	
1	1	1	1	1	1	1	1	1	1	1	1	1	1	1	1	1	1	1	1	1	1	0.999	1	0.999	0.998	0.999	0.996	0.999	0.993	0.992	0.984	0.977	0.957	0.909	0.838	0.699	0.558	0.378	0.224	0.141	0.076	0.04	0.024	0.009	0.006	0.002	0.001	0	0	0.001	0	0	0	0	0	0	0	0	0	0	0	0	0	0	0	0	0	0	0	0	0	0	0	0	0	0	0	0	0	0	0	0	0	0	0	0	0	0	0	0	0	0	0	0	0	0	0	0	0	
1	1	1	1	1	1	1	1	1	1	1	1	1	1	1	1	1	1	1	1	1	0.999	1	1	0.999	0.997	0.99	0.982	0.962	0.922	0.864	0.779	0.695	0.617	0.444	0.349	0.268	0.174	0.119	0.062	0.047	0.023	0.012	0.006	0.006	0	0.001	0.001	0	0	0	0	0	0	0	0	0	0	0	0	0	0	0	0	0	0	0	0	0	0	0	0	0	0	0	0	0	0	0	0	0	0	0	0	0	0	0	0	0	0	0	0	0	0	0	0	0	0	0	0	
1	1	1	1	1	1	1	1	1	1	1	1	1	1	1	1	1	1	0.997	0.983	0.977	0.94	0.914	0.842	0.748	0.664	0.539	0.447	0.38	0.272	0.198	0.145	0.078	0.067	0.046	0.034	0.014	0.009	0.005	0.006	0.003	0.002	0.001	0	0	0	0	0	0.001	0	0	0	0	0.001	0	0	0	0	0	0	0	0	0	0	0	0	0	0	0	0	0	0	0	0	0	0	0	0	0	0	0	0	0	0	0	0	0	0	0	0	0	0	0	0	0	0	0	0	0	0	
1	1	1	1	1	1	1	1	1	1	1	1	1	1	1	1	0.999	1	1	1	1	1	1	0.999	0.996	0.994	0.988	0.979	0.966	0.927	0.877	0.841	0.723	0.647	0.536	0.395	0.287	0.183	0.13	0.065	0.032	0.014	0.011	0.001	0	0.001	0	0	0	0	0	0	0	0	0	0	0	0	0	0	0	0	0	0	0	0	0	0	0	0	0	0	0	0	0	0	0	0	0	0	0	0	0	0	0	0	0	0	0	0	0	0	0	0	0	0	0	0	0	0	
1	1	0.994	0.964	0.964	0.987	0.992	0.993	0.997	1	0.996	0.997	0.994	0.994	0.99	0.982	0.977	0.968	0.971	0.964	0.964	0.939	0.946	0.94	0.937	0.942	0.925	0.922	0.915	0.908	0.912	0.924	0.921	0.915	0.901	0.858	0.829	0.788	0.766	0.673	0.635	0.546	0.477	0.436	0.361	0.296	0.253	0.19	0.127	0.107	0.088	0.051	0.038	0.028	0.009	0.006	0.008	0.007	0.004	0.003	0.001	0.001	0	0	0	0	0	0	0	0	0	0	0	0	0	0	0	0	0	0	0	0	0	0	0	0	0	0	0	0	0	0	0	0	0	0	0	0	0	0	
1	1	1	1	1	1	1	1	1	1	1	1	1	1	1	1	1	1	1	1	1	1	1	1	0.998	0.995	0.997	0.991	0.985	0.977	0.966	0.962	0.947	0.944	0.926	0.911	0.895	0.892	0.889	0.9	0.882	0.882	0.901	0.888	0.893	0.881	0.88	0.873	0.865	0.814	0.798	0.698	0.617	0.534	0.429	0.339	0.268	0.187	0.102	0.084	0.052	0.035	0.008	0.007	0	0	0.001	0	0	0	0	0	0	0	0	0	0	0	0	0	0	0	0	0	0	0	0	0	0	0	0	0	0	0	0	0	0	0	0	0	
1	1	1	1	1	1	1	1	1	1	1	1	1	1	1	1	1	1	0.999	0.996	0.981	0.977	0.955	0.928	0.918	0.883	0.844	0.811	0.781	0.783	0.756	0.754	0.718	0.681	0.678	0.668	0.645	0.603	0.567	0.538	0.489	0.421	0.372	0.313	0.247	0.194	0.15	0.097	0.069	0.05	0.032	0.028	0.017	0.01	0.003	0.003	0.001	0	0.003	0	0	0	0	0	0	0	0	0	0	0	0	0	0	0	0	0	0	0	0	0	0	0	0	0	0	0	0	0	0	0	0	0	0	0	0	0	0	0	0	0	
1	1	1	1	1	1	1	1	1	1	1	1	1	1	1	1	1	1	0.998	0.997	0.996	0.987	0.981	0.967	0.949	0.936	0.907	0.863	0.821	0.775	0.694	0.6	0.559	0.45	0.372	0.261	0.197	0.133	0.085	0.035	0.026	0.011	0.006	0.001	0.001	0.002	0	0	0	0	0	0	0	0	0	0	0	0	0	0	0	0	0	0	0	0	0	0	0	0	0	0	0	0	0	0	0	0	0	0	0	0	0	0	0	0	0	0	0	0	0	0	0	0	0	0	0	0	0	0	
1	1	1	1	1	1	1	1	0.997	0.985	0.975	0.931	0.902	0.862	0.79	0.711	0.639	0.569	0.516	0.409	0.307	0.2	0.126	0.073	0.022	0.013	0.006	0	0	0	0	0	0	0	0	0	0	0	0	0	0	0	0	0	0	0	0	0	0	0	0	0	0	0	0	0	0	0	0	0	0	0	0	0	0	0	0	0	0	0	0	0	0	0	0	0	0	0	0	0	0	0	0	0	0	0	0	0	0	0	0	0	0	0	0	0	0	0	0	0	
1	1	1	1	1	1	1	1	1	1	1	1	1	1	1	1	1	1	1	1	0.999	0.996	0.989	0.942	0.852	0.693	0.514	0.368	0.212	0.104	0.055	0.027	0.009	0.004	0.002	0.001	0	0	0	0	0	0	0	0	0	0	0	0	0	0	0	0	0	0	0	0	0	0	0	0	0	0	0	0	0	0	0	0	0	0	0	0	0	0	0	0	0	0	0	0	0	0	0	0	0	0	0	0	0	0	0	0	0	0	0	0	0	0	0	0	
1	1	1	1	0.995	0.957	0.857	0.625	0.329	0.094	0.037	0.008	0.001	0.001	0	0	0	0	0	0	0	0	0	0	0	0	0	0	0	0	0	0	0	0	0	0	0	0	0	0	0	0	0	0	0	0	0	0	0	0	0	0	0	0	0	0	0	0	0	0	0	0	0	0	0	0	0	0	0	0	0	0	0	0	0	0	0	0	0	0	0	0	0	0	0	0	0	0	0	0	0	0	0	0	0	0	0	0	0	0	
1	1	1	1	1	1	1	1	1	1	1	1	1	1	1	0.999	0.999	0.996	0.99	0.983	0.961	0.948	0.887	0.834	0.751	0.666	0.599	0.508	0.428	0.316	0.276	0.204	0.146	0.11	0.073	0.039	0.033	0.029	0.015	0.006	0.004	0.001	0.002	0	0	0	0	0	0	0	0	0	0	0	0	0	0	0	0	0	0	0	0	0	0	0	0	0	0	0	0	0	0	0	0	0	0	0	0	0	0	0	0	0	0	0	0	0	0	0	0	0	0	0	0	0	0	0	0	0	
0.846	0.848	0.851	0.813	0.833	0.885	0.921	0.962	0.98	0.989	0.992	0.995	1	1	1	1	1	1	0.999	0.999	1	0.998	0.997	0.993	0.994	0.992	0.984	0.977	0.963	0.928	0.883	0.829	0.801	0.717	0.63	0.551	0.464	0.386	0.327	0.27	0.202	0.164	0.129	0.124	0.091	0.084	0.066	0.052	0.036	0.046	0.027	0.035	0.029	0.016	0.021	0.012	0.009	0.013	0.003	0.005	0.002	0.002	0.003	0	0	0	0.001	0	0	0	0	0	0	0	0	0	0	0	0	0	0	0	0	0	0	0	0	0	0	0	0	0	0	0	0	0	0	0	0	0	
1	1	1	1	1	1	1	1	1	1	1	1	1	1	1	1	1	0.998	0.999	0.997	0.996	0.993	0.984	0.972	0.963	0.929	0.902	0.829	0.801	0.709	0.62	0.505	0.434	0.291	0.23	0.163	0.119	0.08	0.051	0.028	0.019	0.014	0.005	0.001	0.001	0.001	0.002	0.001	0	0	0	0	0	0	0	0	0	0	0	0	0	0	0	0	0	0	0	0	0	0	0	0	0	0	0	0	0	0	0	0	0	0	0	0	0	0	0	0	0	0	0	0	0	0	0	0	0	0	0	0	
1	1	1	1	1	1	1	1	1	1	0.998	0.996	0.973	0.926	0.833	0.707	0.593	0.417	0.337	0.21	0.142	0.081	0.042	0.025	0.012	0.011	0.004	0.002	0	0	0	0	0	0	0	0	0	0	0	0	0	0	0	0	0	0	0	0	0	0	0	0	0	0	0	0	0	0	0	0	0	0	0	0	0	0	0	0	0	0	0	0	0	0	0	0	0	0	0	0	0	0	0	0	0	0	0	0	0	0	0	0	0	0	0	0	0	0	0	0	
1	1	1	1	1	1	1	1	0.999	1	1	1	1	0.998	0.999	0.995	0.988	0.979	0.957	0.923	0.892	0.828	0.79	0.733	0.629	0.518	0.468	0.338	0.251	0.181	0.111	0.057	0.044	0.023	0.01	0.01	0.006	0.003	0.002	0	0	0	0	0	0	0	0	0	0	0	0	0	0	0	0	0	0	0	0	0	0	0	0	0	0	0	0	0	0	0	0	0	0	0	0	0	0	0	0	0	0	0	0	0	0	0	0	0	0	0	0	0	0	0	0	0	0	0	0	0	
1	1	1	1	1	1	1	1	1	1	1	1	1	1	1	1	1	1	1	1	1	1	1	1	1	1	1	1	1	1	1	1	1	1	1	0.998	1	0.992	0.981	0.98	0.967	0.945	0.895	0.879	0.821	0.783	0.72	0.656	0.611	0.519	0.462	0.401	0.366	0.296	0.228	0.214	0.157	0.117	0.102	0.086	0.068	0.058	0.035	0.031	0.024	0.018	0.014	0.011	0.005	0.003	0.004	0.003	0	0	0.001	0	0	0	0	0	0	0	0	0	0	0	0	0	0	0	0	0	0	0	0	0	0	0	0	0	
1	1	1	1	1	1	1	1	1	0.998	0.989	0.978	0.953	0.942	0.879	0.836	0.811	0.734	0.717	0.629	0.541	0.446	0.345	0.283	0.189	0.139	0.096	0.062	0.04	0.026	0.013	0.009	0.004	0.002	0.001	0	0.002	0	0	0	0	0	0.001	0	0	0	0	0	0	0	0	0	0	0	0	0	0	0	0	0	0	0	0	0	0	0	0	0	0	0	0	0	0	0	0	0	0	0	0	0	0	0	0	0	0	0	0	0	0	0	0	0	0	0	0	0	0	0	0	0	
1	1	1	1	1	1	1	0.999	0.995	0.994	0.989	0.973	0.949	0.92	0.881	0.844	0.732	0.682	0.57	0.443	0.359	0.29	0.208	0.128	0.092	0.06	0.042	0.035	0.018	0.012	0.016	0.008	0.006	0.003	0.002	0.001	0	0	0	0	0.001	0	0	0	0	0	0	0	0	0	0	0	0	0	0	0	0	0	0	0	0	0	0	0	0	0	0	0	0	0	0	0	0	0	0	0	0	0	0	0	0	0	0	0	0	0	0	0	0	0	0	0	0	0	0	0	0	0	0	0	
1	1	1	1	1	1	1	1	1	1	1	1	0.999	1	0.998	1	1	1	0.999	0.998	0.991	0.988	0.983	0.962	0.949	0.939	0.91	0.882	0.833	0.816	0.763	0.746	0.732	0.714	0.686	0.674	0.637	0.618	0.613	0.583	0.532	0.484	0.441	0.399	0.364	0.319	0.247	0.202	0.167	0.132	0.075	0.044	0.027	0.013	0.006	0	0	0.002	0.001	0	0	0	0	0	0	0	0	0	0	0	0	0	0	0	0	0	0	0	0	0	0	0	0	0	0	0	0	0	0	0	0	0	0	0	0	0	0	0	0	0	
1	1	1	1	0.974	0.831	0.612	0.467	0.377	0.322	0.292	0.307	0.289	0.241	0.156	0.108	0.074	0.043	0.022	0.007	0.01	0.005	0.005	0	0.001	0	0	0	0	0	0	0	0	0	0	0	0	0	0	0	0	0	0	0	0	0	0	0	0	0	0	0	0	0	0	0	0	0	0	0	0	0	0	0	0	0	0	0	0	0	0	0	0	0	0	0	0	0	0	0	0	0	0	0	0	0	0	0	0	0	0	0	0	0	0	0	0	0	0	0	
1	1	1	1	1	1	1	1	1	1	1	1	1	1	0.999	0.997	0.991	0.968	0.946	0.887	0.806	0.699	0.624	0.547	0.438	0.32	0.256	0.187	0.12	0.092	0.065	0.047	0.021	0.02	0.014	0.014	0.008	0.01	0.005	0.003	0.004	0.003	0.003	0	0.002	0.004	0.003	0.001	0.002	0.004	0	0.003	0.003	0.003	0.002	0	0	0.002	0	0.003	0.001	0.001	0	0.001	0	0	0.001	0.001	0	0	0	0	0	0	0	0	0	0	0	0	0	0	0	0	0	0	0	0	0	0	0	0	0	0	0	0	0	0	0	0	
1	1	1	1	1	1	1	1	1	1	1	1	1	1	1	1	1	0.999	0.998	0.999	0.999	0.999	0.998	0.997	0.998	0.995	0.984	0.953	0.892	0.777	0.679	0.604	0.463	0.345	0.284	0.221	0.154	0.138	0.099	0.068	0.049	0.036	0.018	0.019	0.014	0.012	0.006	0.009	0.004	0.002	0.001	0	0	0	0	0	0.001	0	0.001	0.002	0.001	0.001	0.001	0	0.002	0.004	0.003	0.004	0.011	0.007	0.008	0.006	0.02	0.016	0.019	0.025	0.024	0.022	0.027	0.025	0.035	0.041	0.036	0.044	0.043	0.041	0.049	0.053	0.043	0.041	0.06	0.05	0.064	0.072	0.038	0.051	0.054	0.059	0.065	0.057	
1	1	1	1	1	1	1	1	1	1	1	1	1	0.996	0.973	0.909	0.811	0.68	0.503	0.328	0.213	0.116	0.058	0.039	0.016	0.005	0.009	0.001	0	0	0	0	0	0	0	0	0	0	0	0	0	0	0	0	0	0.002	0	0	0	0	0.002	0.002	0.002	0.001	0	0.001	0.002	0.004	0.001	0.001	0.002	0.003	0	0.003	0	0.001	0.001	0.004	0	0	0	0	0	0	0	0	0	0	0	0	0	0	0	0	0	0	0	0	0	0	0	0	0	0	0	0	0	0	0	0	
1	1	1	1	1	1	1	0.994	0.989	0.964	0.915	0.876	0.829	0.816	0.796	0.813	0.818	0.856	0.847	0.868	0.891	0.907	0.905	0.906	0.899	0.88	0.876	0.82	0.752	0.699	0.578	0.512	0.38	0.274	0.205	0.139	0.081	0.061	0.044	0.028	0.012	0.005	0.006	0.003	0	0	0	0	0	0	0	0	0	0	0	0	0	0	0	0	0	0	0	0	0	0	0	0	0	0	0	0	0	0	0	0	0	0	0	0	0	0	0	0	0	0	0	0	0	0	0	0	0	0	0	0	0	0	0	0	
1	1	1	1	1	1	1	1	1	1	1	1	1	1	1	1	0.998	0.993	0.982	0.956	0.87	0.769	0.617	0.479	0.296	0.197	0.125	0.066	0.028	0.011	0.003	0.004	0.001	0	0	0	0	0	0	0	0	0	0	0	0	0	0	0	0	0	0	0	0	0	0	0	0	0	0	0	0	0	0	0	0	0	0	0	0	0	0	0	0	0	0	0	0	0	0	0	0	0	0	0	0	0	0	0	0	0	0	0	0	0	0	0	0	0	0	0	
1	1	1	1	1	1	1	0.999	0.979	0.927	0.827	0.716	0.62	0.57	0.533	0.467	0.445	0.36	0.255	0.188	0.13	0.098	0.058	0.021	0.017	0.007	0.004	0.004	0.001	0.001	0	0	0	0	0	0	0	0	0	0	0	0	0	0	0	0	0	0	0	0	0	0	0	0	0	0	0	0	0	0	0	0	0	0	0	0	0	0	0	0	0	0	0	0	0	0	0	0	0	0	0	0	0	0	0	0	0	0	0	0	0	0	0	0	0	0	0	0	0	0	
1	1	1	1	1	1	1	1	1	1	1	1	1	1	1	1	1	1	1	1	1	1	1	1	1	0.999	1	1	1	0.993	0.994	0.98	0.947	0.899	0.843	0.736	0.667	0.521	0.405	0.319	0.21	0.129	0.076	0.039	0.014	0.008	0.004	0.004	0	0	0	0	0	0	0	0	0	0	0	0	0	0	0	0	0	0	0	0	0	0	0	0	0	0	0	0	0	0	0	0	0	0	0	0	0	0	0	0	0	0	0	0	0	0	0	0	0	0	0	0	
1	1	1	1	1	1	1	1	0.999	0.998	0.992	0.976	0.948	0.941	0.92	0.903	0.901	0.858	0.834	0.759	0.67	0.55	0.381	0.231	0.13	0.047	0.018	0.012	0.002	0.001	0	0	0	0	0	0	0	0	0	0	0	0	0	0	0	0	0	0	0	0	0	0	0	0	0	0	0	0	0	0	0	0	0	0	0	0	0	0	0	0	0	0	0	0	0	0	0	0	0	0	0	0	0	0	0	0	0	0	0	0	0	0	0	0	0	0	0	0	0	0	
1	1	1	1	1	1	1	1	1	1	1	1	1	1	1	1	1	1	1	1	1	1	0.998	0.998	0.994	0.976	0.956	0.899	0.824	0.722	0.624	0.471	0.394	0.26	0.183	0.108	0.076	0.045	0.018	0.021	0.005	0.003	0.001	0	0	0	0	0	0	0	0	0	0	0	0	0	0	0	0	0	0	0	0	0	0	0	0	0	0	0	0	0	0	0	0	0	0	0	0	0	0	0	0	0	0	0	0	0	0	0	0	0	0	0	0	0	0	0	0	0	
1	1	1	1	1	1	1	0.998	0.987	0.881	0.561	0.221	0.083	0.014	0.002	0.002	0.002	0	0	0	0	0	0	0	0	0	0	0	0	0	0	0	0	0	0	0	0	0	0	0	0	0	0	0	0	0	0	0	0	0	0	0	0	0	0	0	0	0	0	0	0	0	0	0	0	0	0	0	0	0	0	0	0	0	0	0	0	0	0	0	0	0	0	0	0	0	0	0	0	0	0	0	0	0	0	0	0	0	0	0	
1	1	1	1	1	1	1	1	1	1	1	1	1	1	1	0.997	0.992	0.974	0.949	0.901	0.78	0.693	0.556	0.412	0.295	0.174	0.115	0.059	0.021	0.008	0.004	0	0.001	0	0	0	0	0	0	0	0	0	0	0	0	0	0	0	0	0	0	0	0	0	0	0	0	0	0	0	0	0	0	0	0	0	0	0	0	0	0	0	0	0	0	0	0	0	0	0	0	0	0	0	0	0	0	0	0	0	0	0	0	0	0	0	0	0	0	0	
1	1	1	1	1	1	1	1	1	1	1	1	1	0.999	0.998	0.994	0.995	0.994	0.994	0.993	0.997	0.993	0.991	0.995	0.994	0.987	0.991	0.984	0.968	0.96	0.951	0.922	0.907	0.828	0.795	0.736	0.619	0.592	0.522	0.405	0.337	0.268	0.202	0.117	0.089	0.061	0.037	0.028	0.015	0.007	0.005	0.001	0	0	0.001	0	0	0	0	0	0	0	0	0	0	0	0	0	0	0	0	0	0	0	0	0	0	0	0	0	0	0	0	0	0	0	0	0	0	0	0	0	0	0	0	0	0	0	0	0	
1	1	1	1	1	1	1	1	0.992	0.983	0.948	0.865	0.75	0.612	0.528	0.384	0.295	0.176	0.131	0.072	0.029	0.01	0.009	0.001	0.001	0	0	0	0	0	0	0	0	0	0	0	0	0	0	0	0	0	0	0	0	0	0	0	0	0	0	0	0	0	0	0	0	0	0	0	0	0	0	0	0	0	0	0	0	0	0	0	0	0	0	0	0	0	0	0	0	0	0	0	0	0	0	0	0	0	0	0	0	0	0	0	0	0	0	0	
1	1	1	1	1	1	1	1	1	1	1	1	1	1	1	1	1	1	1	1	1	1	1	1	1	1	1	1	1	1	1	1	1	1	1	1	1	1	1	0.997	0.992	0.987	0.977	0.938	0.902	0.834	0.731	0.658	0.527	0.395	0.303	0.198	0.134	0.067	0.055	0.032	0.008	0.007	0.002	0	0.001	0	0.001	0	0.001	0	0	0	0	0	0	0	0	0	0	0	0	0	0	0	0	0	0	0	0	0	0	0	0	0	0	0	0	0	0	0	0	0	0	0	
1	1	1	1	1	1	1	0.999	1	0.995	0.987	0.977	0.947	0.892	0.852	0.802	0.769	0.732	0.727	0.694	0.669	0.651	0.628	0.649	0.683	0.653	0.719	0.735	0.756	0.777	0.791	0.813	0.79	0.83	0.822	0.831	0.848	0.883	0.89	0.888	0.909	0.919	0.921	0.941	0.941	0.944	0.937	0.957	0.955	0.968	0.963	0.96	0.963	0.938	0.948	0.937	0.92	0.91	0.905	0.894	0.851	0.858	0.817	0.806	0.776	0.748	0.687	0.665	0.634	0.589	0.516	0.483	0.399	0.365	0.3	0.255	0.26	0.218	0.163	0.131	0.113	0.104	0.068	0.047	0.025	0.031	0.015	0.014	0.004	0.005	0.003	0.001	0.002	0	0	0	0	0	0	0	
1	1	0.999	0.998	0.982	0.96	0.904	0.787	0.594	0.417	0.278	0.147	0.091	0.044	0.039	0.013	0.006	0	0	0	0	0	0	0	0	0	0	0	0	0	0	0	0	0	0	0	0	0	0	0	0	0	0	0	0	0	0	0	0	0	0	0	0	0	0	0	0	0	0	0	0	0	0	0	0	0	0	0	0	0	0	0	0	0	0	0	0	0	0	0	0	0	0	0	0	0	0	0	0	0	0	0	0	0	0	0	0	0	0	0	
1	1	1	1	1	1	1	1	1	1	1	0.998	0.979	0.898	0.77	0.631	0.432	0.288	0.178	0.111	0.06	0.042	0.028	0.015	0.013	0.009	0.005	0.007	0.004	0.001	0.003	0.003	0.001	0	0.001	0	0.001	0	0.001	0.001	0	0	0	0	0	0	0	0	0	0	0	0	0	0	0	0	0	0	0	0	0	0	0	0	0	0	0	0	0	0	0	0	0	0	0	0	0	0	0	0	0	0	0	0	0	0	0	0	0	0	0	0	0	0	0	0	0	0	0	0	
1	1	1	1	1	1	1	1	1	1	1	1	1	1	1	1	1	1	1	1	1	1	1	1	1	1	1	1	1	1	1	1	1	1	1	1	1	1	1	1	1	1	1	0.996	0.991	0.985	0.979	0.964	0.929	0.877	0.787	0.714	0.596	0.451	0.371	0.296	0.199	0.131	0.08	0.04	0.024	0.012	0.011	0.001	0.001	0	0	0	0	0	0	0	0	0	0	0	0	0	0	0	0	0	0	0	0	0	0	0	0	0	0	0	0	0	0	0	0	0	0	0	
