1	1	1	1	1	1	1	1	1	1	1	1	1	1	1	1	1	1	1	1	1	1	1	1	1	1	1	1	1	1	1	1	1	1	1	1	1	1	1	1	1	1	1	1	1	1	1	1	1	1	1	1	1	1	1	1	1	0.995	0.975	0.963	0.959	0.925	0.904	0.893	0.883	0.878	0.847	0.82	0.767	0.768	0.774	0.751	0.74	0.709	0.695	0.675	0.658	0.642	0.637	0.628	0.587	0.577	0.529	0.534	0.535	0.516	0.464	0.469	0.442	0.43	0.459	0.372	0.401	0.383	0.36	0.302	0.308	0.269	0.276	0.291	
1	1	1	1	1	1	1	1	1	1	1	1	1	1	1	1	1	1	1	1	1	1	1	1	1	1	1	1	1	1	1	1	1	1	1	1	1	1	1	1	1	1	1	1	1	1	1	1	1	1	1	1	1	1	1	1	1	0.998	0.979	0.959	0.934	0.929	0.9	0.911	0.89	0.859	0.835	0.819	0.813	0.802	0.758	0.744	0.744	0.734	0.685	0.662	0.678	0.657	0.647	0.647	0.614	0.575	0.518	0.578	0.542	0.486	0.484	0.465	0.474	0.458	0.455	0.427	0.404	0.347	0.335	0.351	0.327	0.31	0.276	0.257	
1	1	1	1	1	1	1	1	1	1	1	1	1	1	1	1	1	1	1	1	1	1	1	1	1	1	1	1	1	1	1	1	1	1	1	1	1	1	1	1	1	1	1	1	1	1	1	1	1	1	1	1	1	1	1	1	1	1	1	1	1	1	1	1	1	1	1	1	1	1	1	1	1	1	1	1	1	1	1	1	1	1	1	1	1	1	1	1	1	1	1	1	1	1	1	1	1	1	1	1	
1	1	1	1	1	1	1	1	1	1	1	1	1	1	1	1	1	1	1	1	1	1	1	1	1	1	1	1	1	1	1	1	1	1	1	1	1	1	1	1	1	1	1	0.989	0.968	0.951	0.94	0.923	0.905	0.879	0.871	0.839	0.827	0.832	0.799	0.791	0.745	0.755	0.739	0.706	0.687	0.683	0.658	0.636	0.597	0.591	0.601	0.583	0.56	0.542	0.527	0.493	0.482	0.455	0.436	0.437	0.406	0.409	0.343	0.352	0.365	0.319	0.313	0.271	0.283	0.273	0.243	0.238	0.214	0.182	0.182	0.157	0.149	0.127	0.094	0.084	0.061	0.041	0.019	0.015	
1	1	1	1	1	1	1	1	1	1	1	1	1	1	1	1	1	1	1	1	1	1	1	1	1	1	1	1	1	1	1	1	1	1	1	1	1	1	1	1	1	1	1	1	1	1	1	1	1	0.987	0.963	0.953	0.937	0.912	0.903	0.883	0.894	0.851	0.824	0.82	0.791	0.784	0.774	0.732	0.714	0.704	0.671	0.657	0.655	0.636	0.644	0.584	0.571	0.563	0.538	0.531	0.544	0.511	0.506	0.47	0.454	0.435	0.41	0.404	0.381	0.357	0.329	0.306	0.286	0.303	0.278	0.272	0.23	0.213	0.191	0.164	0.184	0.148	0.124	0.117	
1	1	1	1	1	1	1	1	1	1	1	1	1	1	1	1	1	1	1	1	1	1	1	1	1	1	1	1	1	1	1	1	1	1	1	1	1	1	1	1	1	1	1	1	1	1	1	1	1	1	1	1	1	1	1	1	1	1	1	1	1	1	1	1	1	1	0.994	0.969	0.961	0.939	0.921	0.91	0.884	0.879	0.894	0.88	0.869	0.879	0.86	0.856	0.868	0.89	0.859	0.875	0.879	0.878	0.86	0.866	0.869	0.848	0.852	0.875	0.865	0.87	0.852	0.825	0.812	0.796	0.781	0.75	
1	1	1	1	1	1	1	1	1	1	1	1	1	1	1	1	1	1	1	1	1	1	1	1	1	1	1	1	1	1	1	1	1	1	1	1	1	1	1	1	1	1	1	1	1	1	1	0.99	0.967	0.952	0.942	0.915	0.91	0.874	0.857	0.852	0.849	0.8	0.821	0.785	0.752	0.731	0.708	0.726	0.684	0.688	0.65	0.651	0.609	0.595	0.582	0.538	0.535	0.527	0.542	0.481	0.451	0.471	0.445	0.464	0.431	0.372	0.401	0.356	0.351	0.302	0.307	0.308	0.282	0.229	0.226	0.249	0.185	0.162	0.15	0.153	0.117	0.107	0.109	0.079	
1	1	1	1	1	1	1	1	1	1	1	1	1	1	1	1	1	1	1	1	1	1	1	1	1	1	1	1	1	1	1	1	1	1	1	1	1	1	1	1	1	1	1	1	1	1	1	1	1	1	1	1	1	1	1	1	1	1	1	1	1	1	1	1	1	1	1	1	1	1	1	1	1	1	1	1	1	1	1	1	1	1	1	1	1	1	1	1	1	1	1	1	1	1	1	1	1	1	1	1	
1	1	1	1	1	1	1	1	1	1	1	1	1	1	1	1	1	1	1	1	1	1	1	1	1	1	1	1	1	1	1	1	1	1	1	1	1	1	1	1	1	1	1	1	1	1	1	1	1	1	1	1	1	1	1	1	1	1	1	1	1	1	1	1	1	1	1	1	1	1	1	1	1	1	1	1	1	1	1	1	1	1	1	1	1	1	1	1	1	1	1	1	1	1	1	0.996	0.98	0.964	0.944	0.933	
1	1	1	1	1	1	1	1	1	1	1	1	1	1	1	1	1	1	1	1	1	1	1	1	1	1	1	1	1	1	1	1	1	1	1	1	1	1	1	1	1	1	1	1	1	1	1	1	1	1	1	1	1	1	1	1	1	1	1	1	1	1	1	1	1	1	1	1	1	1	1	1	1	1	1	1	1	1	1	1	1	1	1	1	1	1	0.996	0.975	0.961	0.948	0.934	0.914	0.912	0.877	0.872	0.864	0.825	0.829	0.788	0.776	
1	1	1	1	1	1	1	1	1	1	1	1	1	1	1	1	1	1	1	1	1	1	1	1	1	1	1	1	1	1	1	1	1	1	1	1	1	1	1	1	1	1	1	1	1	1	1	1	1	1	1	1	1	1	1	1	1	1	1	1	1	1	1	1	1	1	1	1	1	1	1	1	1	1	1	1	1	1	1	1	1	1	1	1	1	1	1	1	1	1	1	1	1	1	1	1	1	1	1	1	
1	1	1	1	1	1	1	1	1	1	1	1	1	1	1	1	1	1	1	1	1	1	1	1	1	1	1	1	1	1	1	1	1	1	1	1	1	1	1	1	1	1	1	1	1	1	1	1	1	1	1	1	1	1	1	1	1	1	1	1	1	1	1	1	1	1	1	1	1	1	1	1	1	1	1	1	1	1	1	1	1	1	1	1	1	0.991	0.971	0.952	0.953	0.93	0.902	0.894	0.863	0.867	0.841	0.812	0.783	0.765	0.766	0.761	
1	1	1	1	1	0.998	0.98	0.945	0.915	0.918	0.881	0.855	0.836	0.801	0.785	0.769	0.78	0.737	0.699	0.713	0.704	0.694	0.678	0.655	0.643	0.642	0.64	0.618	0.613	0.582	0.552	0.529	0.527	0.487	0.502	0.51	0.455	0.414	0.409	0.398	0.401	0.376	0.363	0.321	0.304	0.32	0.296	0.261	0.277	0.227	0.235	0.195	0.187	0.154	0.146	0.127	0.088	0.092	0.074	0.064	0.03	0.022	0.002	0	0	0	0	0	0	0	0	0	0	0	0	0	0	0	0	0	0	0	0	0	0	0	0	0	0	0	0	0	0	0	0	0	0	0	0	0	
1	1	1	1	1	1	1	1	1	1	1	1	1	1	1	1	1	1	1	1	1	1	1	1	1	1	1	1	1	1	1	1	1	1	1	1	1	1	1	1	1	1	1	1	1	1	1	1	1	1	1	1	1	1	1	1	1	1	1	1	1	1	1	1	1	1	1	1	1	1	1	1	1	1	1	0.997	0.989	0.974	0.946	0.934	0.907	0.9	0.869	0.852	0.846	0.827	0.792	0.785	0.767	0.731	0.74	0.712	0.685	0.682	0.67	0.629	0.628	0.604	0.567	0.599	
1	1	1	1	1	1	1	1	1	1	1	1	1	1	1	1	1	1	1	1	1	1	1	1	1	1	1	1	1	1	1	1	1	1	1	1	1	1	1	1	1	1	1	1	0.989	0.968	0.943	0.935	0.916	0.889	0.873	0.842	0.83	0.837	0.81	0.805	0.782	0.755	0.773	0.721	0.719	0.694	0.66	0.653	0.627	0.581	0.568	0.587	0.587	0.537	0.517	0.52	0.515	0.49	0.473	0.432	0.414	0.414	0.397	0.359	0.345	0.349	0.319	0.302	0.261	0.256	0.26	0.227	0.216	0.213	0.169	0.178	0.139	0.123	0.119	0.097	0.065	0.061	0.047	0.02	
1	1	1	1	1	1	1	1	1	1	1	1	1	1	1	1	1	1	1	1	1	1	1	1	1	1	1	1	1	1	1	1	1	1	1	1	1	1	1	1	1	1	1	1	1	1	1	1	1	1	1	1	1	1	1	1	1	1	1	1	1	1	1	1	1	1	0.993	0.97	0.941	0.929	0.911	0.917	0.876	0.853	0.847	0.853	0.804	0.799	0.766	0.772	0.738	0.721	0.702	0.691	0.669	0.64	0.613	0.631	0.606	0.584	0.569	0.559	0.552	0.537	0.521	0.467	0.444	0.453	0.43	0.402	
1	1	1	1	1	1	1	1	1	1	1	1	1	1	1	1	1	1	1	1	1	1	1	1	1	1	1	1	1	1	1	1	1	1	1	1	1	1	1	1	1	1	1	1	1	1	1	1	1	1	1	1	0.984	0.961	0.957	0.927	0.914	0.903	0.885	0.869	0.835	0.825	0.813	0.795	0.757	0.761	0.71	0.72	0.705	0.701	0.66	0.663	0.64	0.627	0.606	0.584	0.533	0.548	0.524	0.529	0.493	0.478	0.457	0.436	0.441	0.392	0.376	0.369	0.366	0.353	0.315	0.306	0.29	0.264	0.256	0.227	0.212	0.218	0.188	0.162	
1	1	1	1	1	1	1	1	1	1	1	1	1	1	1	1	1	1	1	1	1	1	1	1	1	1	1	1	1	1	1	1	1	1	1	1	1	1	1	1	1	1	1	1	1	1	1	1	1	1	1	1	1	1	1	1	1	1	1	1	1	1	1	1	1	1	1	1	1	1	1	1	1	1	1	1	0.992	0.98	0.953	0.936	0.924	0.905	0.893	0.88	0.849	0.847	0.807	0.812	0.764	0.76	0.737	0.747	0.708	0.708	0.695	0.651	0.621	0.623	0.608	0.615	
1	1	1	1	1	1	1	1	1	1	1	1	1	1	1	1	1	1	1	1	1	1	1	1	1	1	1	1	1	1	1	1	1	1	1	1	1	1	1	1	1	1	1	1	1	1	1	1	1	1	1	1	1	1	1	1	1	1	0.978	0.951	0.954	0.949	0.916	0.899	0.893	0.875	0.872	0.822	0.815	0.803	0.752	0.751	0.753	0.721	0.675	0.691	0.651	0.664	0.636	0.604	0.606	0.593	0.545	0.54	0.547	0.511	0.497	0.476	0.424	0.426	0.424	0.405	0.367	0.359	0.36	0.312	0.319	0.302	0.264	0.297	
1	1	1	1	1	1	1	1	1	1	1	1	1	1	1	1	1	1	1	1	1	1	1	1	1	1	1	1	1	1	1	1	1	1	1	1	1	1	1	1	1	1	1	1	1	1	1	1	1	1	1	1	1	1	1	1	1	1	1	1	1	1	1	1	1	1	1	1	1	1	1	1	1	1	1	1	1	1	1	1	0.986	0.973	0.954	0.939	0.911	0.912	0.88	0.85	0.851	0.84	0.818	0.773	0.78	0.725	0.75	0.723	0.701	0.696	0.678	0.646	
1	1	1	1	1	1	1	1	1	1	1	1	1	1	1	1	1	1	1	1	1	1	1	1	1	1	1	1	1	1	1	1	1	1	1	1	1	1	1	1	1	1	1	1	1	1	1	1	1	1	1	1	1	1	1	1	1	1	1	1	1	1	1	1	1	1	1	1	1	1	1	1	1	1	1	1	1	1	1	1	1	1	1	1	1	1	1	1	1	1	1	1	1	1	1	1	1	1	1	1	
1	1	1	1	1	1	1	1	1	1	1	1	1	1	1	1	1	1	1	1	1	1	1	1	1	1	1	1	1	1	1	1	1	1	1	1	1	1	1	1	1	1	1	1	1	1	1	1	1	1	1	1	1	1	1	1	1	1	1	1	1	1	1	1	1	1	1	1	1	1	1	1	1	1	1	1	1	0.988	0.969	0.956	0.938	0.914	0.905	0.884	0.88	0.853	0.809	0.829	0.786	0.777	0.761	0.724	0.723	0.694	0.715	0.677	0.662	0.631	0.631	0.587	
1	1	1	1	1	1	1	1	1	1	1	1	1	1	1	1	1	1	1	1	1	1	1	1	1	1	1	1	1	1	1	1	1	1	1	1	1	1	1	1	1	1	1	1	1	1	1	1	1	1	1	1	1	1	1	1	1	1	1	1	1	1	1	1	1	1	0.994	0.976	0.961	0.937	0.928	0.91	0.902	0.876	0.866	0.848	0.825	0.82	0.791	0.78	0.755	0.723	0.695	0.712	0.666	0.669	0.646	0.641	0.602	0.615	0.55	0.568	0.532	0.515	0.497	0.472	0.476	0.454	0.453	0.425	
1	1	1	1	1	1	1	1	1	1	1	1	1	1	1	1	1	1	1	1	1	1	1	1	1	1	1	1	1	1	1	1	1	1	1	1	1	1	1	1	1	1	1	1	1	1	1	1	1	1	1	1	1	1	1	1	1	1	1	1	1	1	1	1	1	1	1	1	1	1	1	1	1	1	1	1	1	1	1	1	1	1	1	1	1	1	1	1	1	1	1	1	1	1	1	0.976	0.967	0.946	0.942	0.91	
1	1	1	1	1	1	1	1	1	1	1	1	1	1	1	1	1	1	1	1	1	1	1	1	1	1	1	1	1	1	1	1	1	1	1	1	1	1	1	1	1	1	1	1	1	1	1	1	1	1	1	1	1	1	1	1	1	1	1	1	1	1	1	1	1	1	1	1	1	1	1	1	1	1	1	1	0.987	0.966	0.952	0.939	0.924	0.896	0.878	0.858	0.852	0.835	0.817	0.797	0.762	0.747	0.73	0.71	0.71	0.708	0.642	0.656	0.635	0.647	0.641	0.591	
1	1	1	1	1	1	1	1	1	1	1	1	1	1	1	1	1	1	1	1	1	1	1	1	1	1	1	1	1	1	1	1	1	1	1	1	1	1	1	1	1	1	1	1	1	1	1	1	1	1	1	1	1	1	1	1	1	1	1	1	1	1	1	1	1	1	1	1	1	1	1	1	1	1	1	1	1	1	1	1	1	1	1	1	1	1	1	1	1	1	1	1	1	1	1	1	1	1	1	1	
0.426	0.446	0.419	0.372	0.381	0.377	0.383	0.349	0.348	0.335	0.309	0.335	0.334	0.284	0.293	0.304	0.277	0.276	0.226	0.235	0.264	0.253	0.254	0.235	0.242	0.248	0.231	0.242	0.22	0.201	0.18	0.167	0.157	0.134	0.119	0.096	0.083	0.057	0.039	0.024	0.006	0	0	0	0	0	0	0	0	0	0	0	0	0	0	0	0	0	0	0	0	0	0	0	0	0	0	0	0	0	0	0	0	0	0	0	0	0	0	0	0	0	0	0	0	0	0	0	0	0	0	0	0	0	0	0	0	0	0	0	
1	1	1	1	1	1	1	1	1	1	1	1	1	1	1	1	1	1	1	1	1	1	1	1	1	1	1	1	1	1	1	1	1	1	1	1	1	1	1	1	1	1	1	1	1	1	1	1	1	1	1	0.984	0.959	0.942	0.923	0.931	0.912	0.887	0.855	0.842	0.836	0.814	0.781	0.782	0.769	0.746	0.727	0.721	0.682	0.669	0.651	0.588	0.618	0.592	0.563	0.555	0.546	0.564	0.513	0.494	0.499	0.45	0.439	0.447	0.413	0.389	0.357	0.348	0.331	0.342	0.283	0.278	0.27	0.253	0.228	0.212	0.199	0.185	0.162	0.125	
1	1	1	1	1	1	1	1	1	1	1	1	1	1	1	1	1	0.999	0.976	0.957	0.945	0.921	0.893	0.888	0.861	0.854	0.824	0.831	0.811	0.788	0.766	0.733	0.735	0.741	0.702	0.677	0.671	0.675	0.632	0.624	0.586	0.573	0.546	0.546	0.535	0.491	0.493	0.474	0.447	0.449	0.424	0.38	0.409	0.377	0.377	0.353	0.301	0.307	0.272	0.247	0.245	0.193	0.219	0.201	0.168	0.156	0.127	0.124	0.107	0.102	0.066	0.047	0.035	0.021	0.001	0	0	0	0	0	0	0	0	0	0	0	0	0	0	0	0	0	0	0	0	0	0	0	0	0	
1	1	1	1	1	1	1	1	1	1	1	1	1	1	1	1	1	1	1	1	1	1	1	1	1	1	1	1	1	1	1	1	1	1	1	1	1	1	1	1	1	1	1	1	1	1	1	1	1	1	1	1	1	1	1	1	1	1	1	1	1	1	1	1	1	1	1	1	1	1	1	1	1	1	1	1	1	1	1	1	1	1	1	1	1	1	1	0.988	0.965	0.951	0.934	0.906	0.905	0.89	0.869	0.853	0.833	0.803	0.79	0.781	
1	1	1	1	1	1	1	1	1	1	1	1	1	1	1	1	1	1	1	1	1	1	1	1	1	1	1	1	1	1	1	1	1	1	1	1	1	1	1	1	1	1	1	1	1	1	1	1	1	1	1	1	1	1	1	1	1	1	1	1	1	1	1	1	1	1	1	1	1	1	1	1	0.984	0.976	0.96	0.976	0.967	0.969	0.967	0.97	0.971	0.968	0.97	0.958	0.939	0.916	0.91	0.891	0.864	0.84	0.856	0.819	0.791	0.793	0.752	0.733	0.714	0.708	0.715	0.692	
1	1	1	1	1	1	1	1	1	1	1	1	1	1	1	1	1	1	1	1	1	1	1	1	1	1	1	1	1	1	1	1	1	1	1	1	1	1	1	1	1	1	1	1	1	0.998	0.974	0.962	0.941	0.919	0.914	0.89	0.869	0.86	0.834	0.814	0.812	0.787	0.759	0.739	0.741	0.705	0.695	0.699	0.65	0.627	0.597	0.588	0.611	0.615	0.595	0.541	0.513	0.491	0.479	0.436	0.47	0.426	0.433	0.381	0.369	0.361	0.343	0.317	0.334	0.332	0.28	0.241	0.218	0.227	0.221	0.19	0.152	0.15	0.148	0.111	0.113	0.089	0.072	0.041	
1	1	1	1	1	1	1	1	1	1	1	1	1	1	1	1	1	1	1	1	1	1	1	1	1	1	1	1	1	1	1	1	1	1	1	1	1	1	1	1	1	1	1	1	1	1	1	1	1	1	1	1	1	1	1	1	1	1	1	1	1	1	1	1	0.992	0.97	0.951	0.926	0.907	0.888	0.88	0.879	0.823	0.816	0.826	0.795	0.78	0.759	0.737	0.708	0.721	0.687	0.672	0.683	0.647	0.614	0.594	0.594	0.572	0.546	0.522	0.511	0.502	0.491	0.457	0.431	0.444	0.412	0.377	0.383	
1	1	1	1	1	1	1	1	1	1	1	1	1	1	1	1	1	1	1	1	1	1	1	1	1	1	1	1	1	1	1	1	1	1	1	1	1	1	1	1	1	1	1	1	1	1	1	1	1	1	1	1	1	1	1	1	1	1	1	1	1	1	1	1	1	1	1	1	1	1	1	1	1	0.99	0.965	0.968	0.948	0.938	0.906	0.878	0.871	0.844	0.832	0.817	0.781	0.749	0.761	0.73	0.75	0.693	0.703	0.652	0.691	0.66	0.631	0.605	0.588	0.589	0.567	0.546	
1	1	1	1	1	1	1	1	1	1	1	1	1	1	1	1	1	1	1	1	1	1	1	1	1	1	1	1	1	1	1	1	1	1	1	1	1	1	1	1	1	1	1	1	1	1	1	1	1	1	1	1	1	1	1	1	1	1	1	1	1	1	1	1	1	1	1	1	1	1	1	1	1	1	1	1	1	1	1	1	1	1	1	1	1	1	1	1	1	1	1	1	1	1	1	1	1	1	1	1	
1	1	1	1	1	1	1	1	1	1	1	1	1	1	1	1	1	1	1	1	1	1	1	1	1	1	1	1	1	1	1	1	1	1	1	1	1	1	1	1	1	1	1	1	1	1	1	1	1	1	1	1	1	1	1	1	1	1	1	1	1	1	1	0.989	0.974	0.955	0.933	0.928	0.9	0.886	0.872	0.866	0.829	0.824	0.792	0.776	0.751	0.711	0.737	0.713	0.681	0.694	0.65	0.654	0.631	0.621	0.602	0.581	0.574	0.527	0.508	0.523	0.478	0.48	0.433	0.457	0.424	0.38	0.397	0.349	
1	1	1	1	1	1	1	1	1	1	1	1	1	1	1	1	1	1	1	1	1	1	1	1	1	1	1	1	1	1	1	1	1	1	1	1	1	1	1	1	1	1	1	1	1	1	1	1	1	1	1	1	1	1	1	1	1	1	1	1	1	1	1	1	1	1	1	1	1	1	1	1	1	1	1	1	1	1	1	1	1	1	1	1	1	1	1	1	1	1	1	1	1	1	1	1	1	1	1	1	
1	1	1	1	1	1	1	1	1	1	1	1	1	1	1	1	1	1	1	1	1	1	1	1	1	1	1	1	1	1	1	1	1	1	1	1	1	1	1	1	1	1	1	1	1	1	1	1	1	1	1	1	1	1	1	1	1	1	1	1	1	1	1	1	1	1	1	0.995	0.974	0.968	0.954	0.931	0.913	0.882	0.878	0.872	0.834	0.822	0.806	0.788	0.745	0.763	0.727	0.717	0.695	0.68	0.683	0.673	0.627	0.604	0.578	0.566	0.54	0.537	0.499	0.453	0.496	0.473	0.512	0.447	
1	1	1	1	1	1	1	1	1	1	1	1	1	1	1	1	1	1	1	1	1	1	1	1	1	1	1	1	1	1	1	1	1	1	1	1	1	1	1	1	1	1	1	1	1	1	1	1	1	1	1	1	1	1	1	1	1	1	1	1	1	1	1	1	0.995	0.971	0.958	0.932	0.936	0.921	0.883	0.869	0.858	0.844	0.827	0.799	0.774	0.77	0.727	0.741	0.708	0.705	0.691	0.635	0.644	0.617	0.627	0.577	0.564	0.551	0.555	0.484	0.529	0.484	0.485	0.438	0.44	0.421	0.367	0.408	
1	1	1	1	1	1	1	1	1	1	1	1	1	1	1	1	1	1	1	1	1	1	1	1	1	1	1	1	1	1	1	1	1	1	1	1	1	1	1	1	1	1	1	1	1	1	1	1	1	1	1	1	1	1	1	1	1	1	1	1	1	1	1	1	1	1	1	1	1	1	1	1	1	1	1	1	1	1	1	1	1	1	1	1	1	1	1	0.987	0.966	0.952	0.918	0.916	0.892	0.901	0.868	0.835	0.826	0.823	0.808	0.791	
1	1	1	1	1	1	1	1	1	1	1	1	1	1	1	1	1	1	1	1	1	1	1	1	1	1	1	1	1	1	1	1	1	1	1	1	1	1	1	1	1	1	1	1	1	1	1	1	1	1	1	1	1	1	1	1	1	1	1	1	1	1	1	1	1	1	0.993	0.981	0.944	0.946	0.918	0.907	0.898	0.859	0.85	0.846	0.806	0.795	0.777	0.755	0.729	0.748	0.73	0.7	0.66	0.65	0.646	0.641	0.6	0.599	0.588	0.575	0.542	0.52	0.525	0.489	0.445	0.459	0.465	0.423	
1	1	1	1	1	1	1	1	1	1	1	1	1	1	1	1	1	1	1	1	1	1	1	1	1	1	1	1	1	1	1	1	1	1	1	1	1	1	1	1	1	1	1	1	1	0.998	0.977	0.965	0.945	0.928	0.915	0.885	0.88	0.868	0.835	0.817	0.787	0.795	0.79	0.732	0.721	0.684	0.719	0.702	0.666	0.649	0.614	0.616	0.598	0.587	0.59	0.536	0.526	0.574	0.542	0.511	0.525	0.556	0.551	0.555	0.531	0.513	0.555	0.532	0.549	0.554	0.544	0.52	0.539	0.557	0.569	0.549	0.542	0.53	0.547	0.537	0.537	0.546	0.529	0.543	
1	1	1	1	1	1	1	1	1	1	1	1	1	1	1	1	1	1	1	1	1	1	1	1	1	1	1	1	1	1	1	1	1	1	1	1	1	1	1	1	1	1	1	1	1	1	1	1	1	1	1	1	1	1	1	1	1	1	1	1	1	1	1	1	1	1	1	1	1	1	1	1	1	1	1	1	1	1	1	1	1	1	1	1	1	1	1	1	1	1	1	1	1	1	1	1	1	1	1	1	
1	1	1	1	1	1	1	1	1	1	1	1	1	1	1	1	1	1	1	1	1	1	1	1	1	1	1	1	1	1	1	1	1	1	1	1	1	1	1	1	1	1	1	1	1	1	1	1	1	1	1	1	0.981	0.968	0.956	0.934	0.928	0.901	0.883	0.851	0.844	0.839	0.796	0.793	0.766	0.744	0.756	0.735	0.73	0.7	0.65	0.647	0.634	0.615	0.598	0.582	0.552	0.555	0.529	0.505	0.491	0.467	0.459	0.446	0.419	0.425	0.404	0.36	0.362	0.347	0.318	0.318	0.283	0.273	0.232	0.242	0.231	0.222	0.194	0.168	
1	1	1	1	1	1	1	1	1	1	1	1	1	1	1	1	1	1	1	1	1	1	1	1	1	1	1	1	1	1	1	1	1	1	1	1	1	1	1	1	1	1	1	1	1	1	1	1	1	1	1	1	1	1	1	1	1	1	1	1	1	1	1	1	1	1	1	1	1	0.994	0.979	0.965	0.948	0.932	0.912	0.882	0.88	0.854	0.869	0.825	0.797	0.791	0.77	0.744	0.743	0.694	0.701	0.666	0.65	0.614	0.625	0.602	0.574	0.572	0.57	0.547	0.535	0.511	0.477	0.489	
1	1	1	1	1	1	1	1	1	1	1	1	1	1	1	1	1	1	1	1	1	1	1	1	1	1	1	1	1	1	1	1	1	1	1	1	1	1	1	1	1	1	1	1	1	1	1	1	1	1	1	1	1	1	1	1	1	1	1	1	1	1	1	1	1	1	1	1	1	1	1	1	1	1	1	1	1	1	1	1	1	1	1	1	1	1	1	1	1	1	1	1	1	1	1	1	1	1	1	1	
1	1	1	1	1	1	1	1	1	1	1	1	1	1	1	1	1	1	1	1	1	1	1	1	1	1	1	1	1	1	1	1	1	1	1	1	1	1	1	1	1	1	1	1	1	1	1	1	1	1	1	1	1	1	1	1	1	1	1	1	1	1	1	1	1	1	1	1	1	1	1	1	1	1	0.993	0.972	0.956	0.949	0.922	0.903	0.889	0.879	0.852	0.828	0.82	0.774	0.796	0.767	0.742	0.725	0.719	0.642	0.671	0.665	0.661	0.658	0.601	0.57	0.576	0.538	
1	1	1	1	1	1	1	1	1	1	1	1	1	1	1	1	1	1	1	1	1	1	1	1	1	1	1	1	1	1	1	1	1	1	1	1	1	1	1	1	1	1	1	1	1	1	1	1	1	1	1	1	1	1	1	1	1	1	1	1	1	1	1	1	1	1	1	1	1	1	1	1	1	1	1	1	1	1	1	1	1	1	0.995	0.965	0.963	0.939	0.921	0.904	0.884	0.854	0.833	0.8	0.826	0.801	0.794	0.749	0.72	0.706	0.709	0.708	
1	1	1	1	1	1	1	1	1	1	1	1	1	1	1	1	1	1	1	1	1	1	1	0.991	0.971	0.943	0.948	0.916	0.907	0.892	0.877	0.843	0.834	0.834	0.792	0.787	0.755	0.752	0.723	0.7	0.694	0.657	0.653	0.63	0.625	0.613	0.614	0.584	0.563	0.558	0.52	0.467	0.513	0.456	0.462	0.423	0.426	0.385	0.395	0.364	0.334	0.323	0.298	0.291	0.275	0.255	0.232	0.222	0.187	0.186	0.164	0.134	0.126	0.103	0.097	0.083	0.062	0.043	0.024	0.006	0	0	0	0	0	0	0	0	0	0	0	0	0	0	0	0	0	0	0	0	
1	1	1	1	1	1	1	1	1	1	1	1	1	1	1	1	1	1	1	1	1	1	1	1	1	1	1	1	1	1	1	1	1	1	1	1	1	1	1	1	1	1	1	1	1	1	1	1	1	1	1	1	1	1	1	1	1	1	1	1	1	1	1	1	1	1	1	1	1	1	1	1	1	1	1	1	1	1	1	1	1	1	1	1	1	1	1	1	1	1	1	1	1	1	1	1	1	1	1	1	
1	1	1	1	1	1	1	1	1	1	1	1	1	1	1	1	1	1	1	1	1	1	1	1	1	1	1	1	1	1	1	1	1	1	1	1	1	1	1	1	1	1	1	1	1	1	1	1	1	1	1	1	1	1	1	1	1	1	1	1	1	1	1	1	1	1	1	1	1	1	1	1	1	1	1	1	1	1	1	1	1	1	1	1	1	1	1	1	1	1	1	1	1	1	1	1	1	1	1	1	
1	1	1	1	1	1	1	1	1	1	1	1	0.989	0.963	0.948	0.908	0.903	0.855	0.86	0.837	0.823	0.787	0.786	0.785	0.77	0.726	0.736	0.726	0.7	0.719	0.668	0.649	0.63	0.606	0.612	0.574	0.554	0.567	0.532	0.515	0.508	0.479	0.468	0.448	0.446	0.402	0.402	0.39	0.345	0.357	0.343	0.306	0.309	0.271	0.263	0.236	0.229	0.196	0.189	0.153	0.147	0.139	0.104	0.089	0.075	0.061	0.058	0.027	0.018	0	0	0	0	0	0	0	0	0	0	0	0	0	0	0	0	0	0	0	0	0	0	0	0	0	0	0	0	0	0	0	
1	1	1	1	1	1	1	1	1	1	1	1	1	1	1	1	1	1	1	1	1	1	1	1	1	1	1	1	1	1	1	1	1	1	1	1	1	1	1	1	1	1	1	1	1	0.985	0.972	0.953	0.94	0.904	0.907	0.875	0.881	0.818	0.8	0.821	0.8	0.786	0.724	0.763	0.732	0.701	0.702	0.676	0.66	0.638	0.614	0.603	0.575	0.562	0.573	0.545	0.504	0.494	0.469	0.448	0.45	0.447	0.423	0.399	0.393	0.329	0.355	0.326	0.303	0.285	0.26	0.262	0.22	0.209	0.196	0.168	0.16	0.144	0.14	0.11	0.1	0.074	0.062	0.056	
1	1	1	1	1	1	1	1	1	1	1	1	1	1	1	1	1	1	1	1	1	1	1	1	1	1	1	1	1	1	1	1	1	1	1	1	1	1	1	1	1	1	1	1	1	1	1	1	1	1	1	1	1	1	1	1	1	1	1	1	1	1	1	1	1	1	1	1	1	1	1	1	1	1	1	1	1	1	1	1	1	1	1	1	1	1	1	1	1	1	1	1	1	1	1	1	1	1	1	1	
1	1	1	1	1	1	1	1	1	1	1	1	1	1	1	1	1	1	1	1	1	1	1	1	1	1	1	1	1	1	1	1	1	1	1	1	1	1	1	1	1	1	1	1	1	1	1	1	1	1	1	1	1	1	1	1	1	1	1	1	1	1	1	1	1	1	1	1	1	1	1	1	0.991	0.965	0.943	0.931	0.936	0.9	0.905	0.873	0.85	0.848	0.82	0.791	0.786	0.777	0.738	0.722	0.727	0.701	0.711	0.661	0.65	0.614	0.575	0.574	0.561	0.565	0.564	0.587	
1	1	1	1	1	1	1	1	1	1	1	1	1	1	1	1	1	1	1	1	1	1	1	1	1	1	1	1	1	1	1	1	1	1	1	1	1	1	1	1	1	1	1	1	1	1	1	1	1	1	1	1	1	1	1	1	1	1	1	1	1	1	1	1	1	1	1	1	1	1	1	1	1	1	1	1	1	1	1	1	1	1	1	1	1	1	1	1	1	1	1	1	1	1	1	1	0.991	0.979	0.955	0.943	
1	1	1	1	1	1	1	1	1	1	1	1	1	1	1	1	1	1	1	1	1	1	1	1	1	1	1	1	1	1	1	1	1	1	1	1	1	1	1	1	1	1	1	1	1	1	1	1	1	1	1	1	1	1	1	1	1	1	1	1	1	1	1	1	1	1	1	1	1	1	1	1	1	1	1	1	1	1	1	1	1	1	1	1	1	1	1	1	1	1	1	1	1	1	1	1	1	1	1	1	
1	1	1	1	1	1	1	1	1	1	1	1	1	1	1	1	1	1	1	1	1	1	1	1	1	1	1	1	1	1	1	1	1	1	1	1	1	1	1	1	1	1	1	1	1	1	1	1	1	1	1	1	1	1	1	1	1	1	1	1	1	1	1	1	0.983	0.963	0.944	0.94	0.908	0.886	0.872	0.87	0.83	0.822	0.808	0.793	0.786	0.755	0.74	0.728	0.696	0.687	0.645	0.627	0.65	0.609	0.583	0.552	0.586	0.542	0.527	0.549	0.497	0.494	0.476	0.434	0.451	0.399	0.412	0.364	
1	1	1	1	1	1	1	1	1	1	1	1	1	1	1	1	1	1	1	1	1	1	1	1	1	1	1	1	1	1	1	1	1	1	1	1	1	1	1	1	1	1	1	1	1	1	1	1	1	1	1	1	1	1	1	1	1	1	1	1	1	1	1	1	1	1	1	1	1	1	1	1	1	1	1	1	1	1	1	1	1	1	1	1	1	1	1	1	1	1	1	1	0.999	0.988	0.967	0.938	0.931	0.92	0.894	0.88	
1	1	1	1	1	1	1	1	1	1	1	1	1	1	1	1	1	1	1	1	1	1	1	1	1	1	1	1	1	1	1	1	1	1	1	1	1	1	1	1	1	1	1	1	1	1	1	1	1	1	1	1	1	1	1	0.981	0.957	0.946	0.915	0.932	0.903	0.882	0.859	0.834	0.831	0.799	0.793	0.76	0.777	0.755	0.727	0.701	0.696	0.661	0.618	0.634	0.598	0.586	0.561	0.574	0.543	0.505	0.525	0.531	0.474	0.444	0.426	0.397	0.399	0.39	0.397	0.355	0.316	0.305	0.295	0.275	0.274	0.242	0.25	0.217	
1	1	1	1	1	1	1	1	1	1	1	1	1	1	1	1	1	1	1	1	1	1	1	1	1	1	1	1	1	1	1	1	1	1	1	1	1	1	1	1	1	1	1	1	1	1	1	1	1	1	1	1	1	1	1	1	1	1	1	1	1	1	1	1	1	1	1	1	1	1	1	1	1	1	1	1	1	1	1	1	1	1	1	1	1	1	1	1	1	1	1	1	1	1	1	1	1	1	1	1	
1	1	1	1	1	1	1	1	1	1	1	1	1	1	1	1	1	1	1	1	1	1	1	1	1	1	1	1	1	1	1	1	1	1	1	1	1	1	1	1	1	1	1	1	1	1	1	1	1	1	1	1	1	1	1	1	1	1	1	1	1	1	1	1	1	1	1	1	1	1	1	1	1	1	1	1	1	1	1	1	0.996	0.972	0.962	0.945	0.927	0.898	0.871	0.877	0.86	0.825	0.819	0.829	0.767	0.758	0.76	0.731	0.706	0.686	0.666	0.651	
1	1	1	1	1	1	1	1	1	1	1	1	1	1	1	1	1	1	1	1	1	1	1	1	1	1	1	1	1	1	1	1	1	1	1	1	1	1	1	1	1	1	1	1	1	1	1	1	1	1	1	1	1	1	1	1	1	1	1	1	1	1	1	1	1	1	1	1	1	1	1	1	1	1	1	1	1	1	0.997	0.978	0.965	0.942	0.925	0.904	0.898	0.881	0.852	0.84	0.824	0.798	0.789	0.768	0.763	0.742	0.722	0.708	0.676	0.665	0.661	0.634	
1	1	1	1	1	1	1	1	1	1	1	1	1	1	1	1	1	1	1	1	1	1	1	1	1	1	1	1	1	1	1	1	1	1	1	1	1	1	1	1	1	1	1	1	1	1	1	1	1	1	1	1	1	1	1	1	1	1	1	1	1	1	1	1	1	1	1	1	1	1	1	1	1	1	1	1	1	1	0.988	0.965	0.949	0.94	0.909	0.921	0.929	0.931	0.918	0.91	0.892	0.915	0.895	0.922	0.918	0.915	0.927	0.913	0.914	0.909	0.909	0.903	
1	1	1	1	1	1	1	1	1	1	1	1	1	1	1	1	1	1	1	1	1	1	1	1	1	0.985	0.964	0.952	0.943	0.925	0.908	0.863	0.878	0.855	0.842	0.817	0.788	0.785	0.76	0.763	0.741	0.698	0.69	0.662	0.67	0.656	0.609	0.613	0.591	0.537	0.567	0.51	0.502	0.471	0.489	0.451	0.442	0.406	0.433	0.368	0.392	0.367	0.344	0.341	0.302	0.27	0.244	0.225	0.248	0.21	0.211	0.191	0.15	0.168	0.132	0.1	0.091	0.066	0.062	0.029	0.023	0.007	0	0	0	0	0	0	0	0	0	0	0	0	0	0	0	0	0	0	
1	1	1	1	1	1	1	1	1	1	1	1	1	1	1	1	1	1	1	1	1	1	1	1	1	1	1	1	1	1	1	1	1	1	1	1	1	1	1	1	1	1	1	1	1	1	1	1	1	1	1	1	1	1	1	1	1	0.994	0.986	0.959	0.941	0.936	0.907	0.91	0.878	0.86	0.825	0.804	0.79	0.796	0.777	0.741	0.709	0.748	0.715	0.685	0.693	0.655	0.633	0.593	0.602	0.593	0.54	0.537	0.523	0.501	0.479	0.47	0.473	0.459	0.413	0.404	0.392	0.353	0.332	0.317	0.319	0.285	0.281	0.27	
1	1	1	1	1	1	1	1	1	1	1	1	1	1	1	1	1	1	1	1	1	1	1	1	1	1	1	1	1	1	1	1	1	1	1	1	1	1	1	1	1	1	1	1	1	1	1	1	1	1	1	1	1	1	1	1	1	1	1	1	1	1	1	1	1	1	1	1	1	1	1	1	1	1	1	1	1	1	1	1	1	1	1	1	1	1	1	1	1	1	1	1	1	1	1	1	1	1	1	1	
1	1	1	1	1	1	1	1	1	1	1	1	1	1	1	1	1	1	1	1	1	1	1	1	1	1	1	1	1	1	1	1	1	1	1	1	1	1	1	1	1	1	1	1	1	1	1	1	1	1	1	1	1	1	1	1	1	1	1	1	1	1	1	1	1	1	1	1	1	1	1	1	1	1	1	1	1	1	1	1	1	1	1	1	1	1	1	1	1	1	1	1	1	1	1	1	1	1	1	1	
1	1	1	1	1	1	1	1	1	1	1	1	1	1	1	1	1	1	1	1	1	1	1	1	1	1	1	1	1	1	1	1	1	0.984	0.971	0.96	0.933	0.919	0.902	0.873	0.86	0.828	0.837	0.813	0.787	0.738	0.744	0.737	0.729	0.725	0.679	0.676	0.666	0.62	0.608	0.589	0.583	0.554	0.533	0.514	0.51	0.542	0.473	0.482	0.452	0.414	0.405	0.375	0.353	0.338	0.323	0.289	0.312	0.284	0.272	0.27	0.222	0.214	0.182	0.169	0.162	0.14	0.133	0.084	0.101	0.071	0.068	0.045	0.021	0.002	0	0	0	0	0	0	0	0	0.013	0.031	
1	1	1	1	1	1	1	1	1	1	1	1	1	1	1	1	1	1	1	1	1	1	1	1	1	1	1	1	1	1	1	1	1	1	1	1	1	1	1	1	1	1	1	1	1	1	1	1	1	1	1	1	1	1	1	1	1	1	1	1	1	1	1	1	1	1	1	1	1	1	1	1	1	1	1	0.995	0.972	0.956	0.944	0.928	0.902	0.901	0.871	0.858	0.841	0.805	0.778	0.769	0.764	0.766	0.721	0.69	0.695	0.644	0.65	0.625	0.638	0.617	0.634	0.606	
1	1	1	1	1	1	1	1	1	1	1	1	1	1	1	1	1	1	1	1	1	1	1	1	1	1	1	1	1	1	1	1	1	1	1	1	1	1	1	1	1	1	1	1	1	1	1	1	1	1	1	1	1	1	1	1	1	1	1	1	1	1	1	1	1	1	1	1	1	1	1	1	1	1	1	1	1	1	1	1	1	1	1	1	1	1	1	0.989	0.969	0.955	0.927	0.911	0.898	0.871	0.867	0.864	0.838	0.821	0.804	0.778	
1	1	1	1	1	1	1	1	1	1	1	1	1	1	1	1	1	1	1	1	1	1	1	1	1	1	1	1	1	1	1	1	1	1	1	1	1	1	1	1	1	1	1	1	1	1	1	1	1	1	1	1	1	1	1	1	1	1	1	1	1	1	1	1	1	1	1	1	1	1	1	1	1	1	1	1	1	1	1	1	1	1	1	1	1	1	1	1	1	1	1	1	1	1	1	1	1	1	1	1	
1	1	1	1	1	1	1	1	1	1	1	1	1	1	1	1	1	1	1	1	1	1	1	1	1	1	1	1	1	1	1	1	1	1	1	1	1	1	1	1	1	1	1	1	1	1	1	1	1	1	1	1	1	1	1	1	1	1	1	1	1	1	1	1	1	1	1	1	1	1	1	1	1	1	0.979	0.964	0.956	0.942	0.905	0.902	0.896	0.866	0.858	0.816	0.822	0.8	0.785	0.73	0.738	0.731	0.712	0.698	0.656	0.641	0.636	0.609	0.599	0.584	0.569	0.575	
1	1	1	1	1	1	1	1	1	1	1	1	1	1	1	1	1	1	1	1	1	1	1	1	1	1	1	1	1	1	1	1	1	1	1	1	1	1	1	1	1	1	1	1	1	1	1	1	1	1	1	1	1	1	1	1	1	1	1	1	1	1	1	1	1	1	1	0.993	0.974	0.969	0.944	0.933	0.905	0.89	0.869	0.858	0.817	0.801	0.795	0.793	0.752	0.745	0.736	0.716	0.706	0.693	0.656	0.631	0.615	0.583	0.6	0.574	0.562	0.551	0.522	0.513	0.485	0.495	0.461	0.438	
1	1	1	1	1	1	1	1	1	1	1	1	1	1	1	1	1	1	1	1	1	1	1	1	1	1	1	1	1	1	1	1	1	1	1	1	1	1	1	1	1	1	1	1	1	1	1	1	1	1	1	1	1	1	1	1	1	1	1	1	1	1	1	1	1	1	1	1	1	1	1	1	1	1	1	1	1	1	1	1	1	1	1	1	1	1	1	1	1	1	1	1	1	1	1	1	1	1	1	1	
1	1	1	1	1	1	1	1	1	1	1	1	1	1	1	1	1	1	1	1	1	1	1	1	1	1	1	1	1	1	1	1	1	1	1	1	1	1	1	1	1	1	1	1	1	1	1	1	1	1	1	1	1	1	1	1	1	1	1	1	1	1	1	1	1	1	1	1	1	1	1	1	1	1	1	1	1	1	1	1	1	1	0.998	0.971	0.968	0.944	0.917	0.918	0.902	0.879	0.85	0.831	0.821	0.794	0.787	0.76	0.763	0.733	0.749	0.707	
1	1	1	1	1	1	1	1	1	1	1	1	1	1	1	1	1	1	1	1	1	1	1	1	1	1	1	1	1	1	1	1	1	1	1	1	1	1	1	1	1	1	1	1	1	1	1	1	1	1	1	1	1	1	1	1	1	1	1	1	1	1	1	1	1	1	1	1	1	1	1	1	1	1	0.991	0.968	0.955	0.94	0.921	0.906	0.879	0.874	0.852	0.835	0.808	0.806	0.787	0.771	0.737	0.713	0.711	0.669	0.681	0.655	0.649	0.583	0.616	0.579	0.587	0.553	
1	1	1	1	1	1	1	1	1	1	1	1	1	1	1	1	1	1	1	1	1	1	1	1	1	1	1	1	1	1	1	1	1	1	1	1	1	1	1	1	1	1	1	1	1	1	1	1	1	1	1	1	1	1	1	1	1	1	1	1	1	1	1	1	1	1	0.99	0.972	0.954	0.936	0.93	0.903	0.885	0.853	0.856	0.843	0.841	0.796	0.792	0.769	0.766	0.731	0.704	0.704	0.664	0.646	0.637	0.647	0.612	0.625	0.527	0.576	0.544	0.513	0.506	0.484	0.447	0.418	0.437	0.388	
1	1	1	1	1	1	1	1	1	1	1	1	1	1	1	1	1	1	1	1	1	1	1	1	1	1	1	1	1	1	1	1	1	1	1	1	1	1	1	1	1	1	1	1	1	1	1	1	1	1	1	1	1	1	1	1	1	1	1	1	1	1	1	1	1	1	1	1	1	1	1	1	1	1	1	1	1	1	1	1	1	1	1	1	1	1	0.975	0.968	0.951	0.928	0.919	0.901	0.863	0.865	0.841	0.844	0.821	0.809	0.765	0.753	
1	1	1	1	1	1	1	1	1	1	1	1	1	1	1	1	1	1	1	1	1	1	1	1	1	1	1	1	1	1	1	1	1	1	1	1	1	1	1	1	1	1	1	1	1	1	1	1	1	1	1	1	1	1	1	1	1	1	1	1	1	1	1	1	1	1	1	1	1	1	1	1	1	1	1	1	1	1	1	1	1	1	1	0.994	0.964	0.966	0.947	0.914	0.895	0.892	0.865	0.853	0.796	0.834	0.793	0.795	0.775	0.725	0.745	0.697	
1	1	1	1	1	1	1	1	1	1	1	1	1	1	1	1	1	1	1	1	1	1	1	1	1	1	1	1	1	1	1	1	1	1	1	1	1	1	1	1	1	1	1	1	1	1	1	1	1	1	1	1	1	1	1	1	1	1	1	1	1	1	1	1	1	1	1	1	1	1	1	1	1	1	1	1	1	1	1	1	1	1	1	1	1	1	1	1	1	1	1	1	1	1	1	1	1	1	1	0.989	
1	1	1	1	1	1	1	1	1	1	1	1	1	1	1	1	1	1	1	1	1	1	1	1	1	1	1	1	1	1	1	1	1	1	1	1	1	1	1	1	1	1	1	1	1	1	1	1	1	1	1	1	1	1	1	1	1	1	1	1	1	1	1	1	1	1	1	1	1	1	0.995	0.965	0.966	0.937	0.924	0.898	0.877	0.863	0.861	0.839	0.818	0.794	0.789	0.739	0.751	0.753	0.719	0.684	0.656	0.654	0.643	0.626	0.621	0.576	0.577	0.58	0.528	0.528	0.458	0.481	
1	1	1	1	1	1	1	1	1	1	1	1	1	1	1	1	1	1	1	1	1	1	1	1	1	1	1	1	1	1	1	1	1	1	1	1	1	1	1	1	1	1	1	1	1	1	1	1	1	1	1	1	1	1	1	1	1	1	1	1	1	1	1	1	1	1	1	1	1	1	1	1	1	1	1	1	1	1	1	1	1	1	1	1	1	1	1	1	1	1	1	1	1	1	1	1	1	1	1	1	
1	1	1	1	1	1	1	1	1	1	1	1	1	1	1	1	1	1	1	1	1	1	1	1	1	1	1	1	1	1	1	1	1	1	1	1	1	1	1	1	1	1	1	1	1	1	1	1	1	0.984	0.968	0.954	0.941	0.911	0.909	0.88	0.851	0.85	0.85	0.819	0.811	0.79	0.765	0.75	0.736	0.707	0.671	0.708	0.677	0.633	0.638	0.598	0.559	0.557	0.557	0.53	0.533	0.515	0.455	0.459	0.436	0.47	0.409	0.381	0.411	0.346	0.344	0.342	0.316	0.294	0.266	0.256	0.235	0.222	0.198	0.18	0.178	0.164	0.116	0.113	
1	1	1	1	0.991	0.965	0.943	0.902	0.897	0.874	0.827	0.825	0.829	0.761	0.773	0.764	0.732	0.736	0.69	0.669	0.645	0.633	0.649	0.663	0.61	0.623	0.589	0.6	0.587	0.557	0.536	0.516	0.504	0.487	0.48	0.454	0.435	0.441	0.388	0.36	0.383	0.346	0.335	0.291	0.283	0.273	0.25	0.251	0.241	0.227	0.191	0.164	0.178	0.138	0.115	0.103	0.088	0.073	0.04	0.034	0.014	0	0	0	0	0	0	0	0	0	0	0	0	0	0	0	0	0	0	0	0	0	0	0	0	0	0	0	0	0	0	0	0	0	0	0	0.003	0.024	0.042	0.048	
1	1	1	1	1	1	1	1	1	1	1	1	1	1	1	1	1	1	1	1	1	1	1	1	1	1	1	1	1	1	1	1	1	1	1	1	1	1	1	1	1	1	1	1	1	1	1	1	1	1	1	1	1	1	1	1	1	1	1	1	1	1	1	1	1	1	1	1	1	1	0.995	0.965	0.95	0.938	0.929	0.897	0.894	0.882	0.859	0.83	0.816	0.779	0.775	0.759	0.738	0.708	0.738	0.686	0.655	0.653	0.647	0.605	0.625	0.582	0.562	0.547	0.525	0.53	0.491	0.492	
1	1	1	1	1	1	1	1	1	1	1	1	1	1	1	1	1	1	1	1	1	1	1	1	1	1	1	1	1	1	1	1	1	1	1	1	1	1	1	1	1	1	1	0.993	0.965	0.95	0.929	0.917	0.897	0.877	0.863	0.824	0.821	0.827	0.8	0.789	0.783	0.732	0.742	0.676	0.676	0.669	0.635	0.619	0.622	0.588	0.574	0.569	0.548	0.529	0.527	0.529	0.46	0.442	0.458	0.422	0.414	0.397	0.388	0.389	0.33	0.322	0.304	0.282	0.252	0.247	0.229	0.214	0.191	0.185	0.166	0.149	0.131	0.114	0.106	0.076	0.054	0.039	0.023	0.011	
1	1	1	1	1	1	1	1	1	1	1	1	1	1	1	1	1	1	1	1	1	1	1	1	1	1	1	1	1	1	1	1	1	1	1	1	1	1	1	1	1	1	1	1	1	1	1	1	1	1	1	1	1	1	1	1	1	1	1	1	1	1	1	1	1	1	1	1	1	1	1	1	1	1	1	1	1	1	1	1	1	1	1	1	1	1	1	1	0.988	0.969	0.954	0.932	0.917	0.882	0.88	0.894	0.846	0.824	0.809	0.803	
1	1	1	1	1	1	1	1	1	1	1	1	1	1	1	1	1	1	1	1	1	1	1	1	1	1	1	1	1	1	1	1	1	1	1	1	1	1	1	1	1	1	1	1	1	1	1	1	1	1	1	1	1	1	1	1	1	1	1	1	1	1	1	1	1	1	1	1	1	1	1	1	1	1	1	1	1	1	1	1	1	1	1	1	1	1	1	1	1	1	1	1	1	1	1	0.983	0.964	0.945	0.945	0.913	
1	1	1	1	1	1	1	1	1	1	1	1	1	1	1	1	1	1	1	1	1	1	1	1	1	1	1	1	1	1	1	1	1	1	1	1	1	1	1	1	1	1	1	1	1	1	1	1	1	1	1	1	1	1	1	1	1	1	1	1	1	1	1	1	1	1	1	1	1	1	1	1	1	1	1	1	1	1	1	1	1	1	1	1	1	1	1	0.988	0.967	0.952	0.923	0.917	0.908	0.881	0.871	0.836	0.823	0.816	0.793	0.797	
1	1	1	1	1	1	1	1	1	1	1	1	1	1	1	1	1	1	1	1	1	1	1	1	1	1	1	1	1	1	1	1	1	1	1	1	1	1	1	1	1	1	1	1	1	1	1	1	1	1	1	1	1	1	1	1	1	1	1	1	1	1	1	1	1	1	1	1	1	1	1	1	1	1	1	1	1	1	1	1	1	1	0.992	0.969	0.959	0.941	0.917	0.907	0.87	0.875	0.847	0.81	0.828	0.791	0.76	0.74	0.784	0.719	0.693	0.694	
1	1	1	1	1	1	1	1	1	1	1	1	1	1	1	1	1	1	1	1	1	1	1	1	1	1	1	1	1	1	1	1	1	1	1	1	1	1	1	1	1	1	1	1	1	1	1	1	1	1	1	1	1	1	1	1	1	1	1	1	1	0.991	0.976	0.971	0.937	0.912	0.893	0.896	0.871	0.848	0.84	0.8	0.809	0.766	0.78	0.743	0.74	0.714	0.709	0.677	0.669	0.635	0.608	0.613	0.585	0.574	0.554	0.537	0.499	0.539	0.509	0.465	0.487	0.456	0.418	0.386	0.374	0.387	0.341	0.32	
1	1	1	1	1	1	1	1	1	1	1	1	1	1	1	1	1	1	1	1	1	1	1	1	1	1	1	1	1	1	1	1	1	1	1	1	1	1	1	1	1	1	1	1	1	1	0.998	0.979	0.95	0.944	0.927	0.902	0.872	0.883	0.875	0.832	0.833	0.785	0.794	0.788	0.728	0.743	0.696	0.694	0.677	0.668	0.656	0.67	0.676	0.645	0.677	0.669	0.695	0.658	0.672	0.688	0.672	0.659	0.671	0.681	0.694	0.687	0.658	0.67	0.658	0.653	0.654	0.672	0.661	0.657	0.671	0.653	0.677	0.659	0.667	0.652	0.684	0.683	0.665	0.683	
1	1	1	1	1	1	1	1	1	1	1	1	1	1	1	1	1	1	1	1	1	1	1	1	1	1	1	1	1	1	1	1	1	1	1	1	1	1	1	1	1	1	1	1	1	1	1	1	1	1	1	1	1	1	1	1	1	1	1	1	1	1	1	1	1	1	1	1	1	1	1	0.995	0.983	0.958	0.949	0.92	0.912	0.897	0.848	0.856	0.828	0.837	0.824	0.771	0.762	0.751	0.738	0.695	0.704	0.683	0.651	0.631	0.608	0.618	0.586	0.612	0.567	0.558	0.516	0.523	
1	1	1	1	1	1	1	1	1	1	1	1	1	1	1	1	1	1	1	1	1	1	1	1	1	1	1	1	1	1	1	1	1	1	1	1	1	1	1	1	1	0.995	0.987	0.961	0.95	0.922	0.904	0.903	0.865	0.876	0.825	0.815	0.808	0.761	0.769	0.746	0.718	0.714	0.692	0.656	0.647	0.648	0.633	0.593	0.615	0.575	0.577	0.539	0.534	0.527	0.49	0.481	0.516	0.478	0.498	0.494	0.463	0.482	0.439	0.452	0.453	0.41	0.423	0.392	0.375	0.369	0.31	0.327	0.3	0.27	0.266	0.241	0.218	0.233	0.199	0.169	0.167	0.173	0.14	0.12	
1	1	1	1	1	1	1	1	1	1	1	1	1	1	1	1	1	1	1	1	1	1	1	1	1	1	1	1	1	1	1	1	1	1	1	1	1	1	1	1	1	1	1	1	1	1	1	1	1	1	1	1	1	1	1	1	1	1	1	1	1	1	1	1	1	1	1	1	1	1	1	1	1	1	0.994	0.988	0.959	0.945	0.915	0.898	0.885	0.869	0.854	0.837	0.843	0.807	0.774	0.771	0.761	0.732	0.714	0.702	0.665	0.675	0.648	0.633	0.585	0.589	0.56	0.54	
1	1	1	1	1	1	1	1	1	1	1	1	1	1	1	1	1	1	1	1	1	1	1	1	1	1	1	1	1	1	1	1	1	1	1	1	1	1	1	1	1	1	1	1	1	1	1	1	0.981	0.963	0.947	0.931	0.908	0.899	0.886	0.839	0.83	0.818	0.8	0.783	0.779	0.722	0.741	0.721	0.717	0.656	0.655	0.645	0.628	0.61	0.637	0.573	0.598	0.534	0.532	0.529	0.478	0.459	0.483	0.442	0.417	0.433	0.368	0.367	0.351	0.347	0.313	0.314	0.297	0.259	0.26	0.215	0.22	0.204	0.177	0.164	0.162	0.139	0.113	0.077	
1	1	1	1	1	1	1	1	1	1	1	1	1	1	1	1	1	1	1	1	1	1	1	1	1	1	1	1	1	1	1	1	1	1	1	1	1	1	1	1	1	1	1	1	1	1	1	1	1	1	1	1	1	1	1	1	1	1	1	1	1	1	1	1	1	1	1	1	1	1	1	1	1	1	1	1	1	1	1	1	1	1	1	1	1	1	1	1	1	1	1	1	0.976	0.969	0.957	0.934	0.898	0.907	0.898	0.877	
1	1	1	1	1	1	1	1	1	1	1	1	1	1	1	1	1	1	1	1	1	1	1	1	1	1	1	1	1	1	1	1	1	1	1	1	1	1	1	1	1	1	1	1	1	1	1	1	1	1	1	1	1	1	0.977	0.982	0.95	0.929	0.912	0.89	0.887	0.861	0.85	0.825	0.806	0.789	0.764	0.745	0.727	0.71	0.703	0.674	0.664	0.637	0.618	0.614	0.579	0.598	0.542	0.561	0.543	0.525	0.491	0.488	0.465	0.435	0.407	0.394	0.389	0.366	0.333	0.312	0.308	0.314	0.273	0.248	0.252	0.221	0.2	0.19	
1	1	1	1	1	1	1	1	1	1	1	1	1	1	1	1	1	1	1	1	1	1	1	1	1	1	1	1	1	1	1	1	1	1	1	1	1	1	1	1	1	1	1	1	1	1	1	1	1	1	1	1	1	1	1	1	1	1	1	1	1	1	1	1	1	1	1	1	1	1	1	1	1	1	1	1	1	1	1	1	1	1	1	1	1	1	1	1	1	1	1	1	1	1	1	1	1	1	1	1	
