1	1	1	1	1	1	1	1	1	1	1	1	1	1	1	1	1	1	1	1	1	1	1	1	1	1	1	1	1	1	1	1	1	1	1	1	1	1	1	0.999	0.999	0.999	0.999	0.999	0.994	0.997	0.99	0.985	0.986	0.985	0.965	0.957	0.946	0.934	0.927	0.896	0.883	0.855	0.822	0.799	0.753	0.751	0.684	0.65	0.601	0.618	0.539	0.482	0.475	0.435	0.38	0.341	0.303	0.257	0.231	0.218	0.211	0.179	0.121	0.093	0.101	0.072	0.071	0.052	0.061	0.04	0.028	0.026	0.022	0.021	0.011	0.011	0.01	0.006	0.003	0.005	0.003	0.002	0	0.001	
1	1	1	1	1	1	1	1	1	1	1	1	1	1	1	1	1	1	1	1	1	1	1	0.999	1	1	1	1	0.998	0.999	0.999	0.998	0.997	0.996	0.99	0.99	0.989	0.982	0.974	0.97	0.958	0.949	0.934	0.917	0.907	0.894	0.866	0.862	0.844	0.83	0.778	0.754	0.742	0.705	0.69	0.662	0.61	0.612	0.516	0.53	0.49	0.472	0.437	0.409	0.391	0.38	0.359	0.314	0.312	0.262	0.257	0.252	0.218	0.225	0.21	0.189	0.176	0.154	0.159	0.151	0.137	0.133	0.119	0.103	0.089	0.101	0.109	0.119	0.091	0.104	0.098	0.105	0.092	0.074	0.097	0.093	0.084	0.086	0.103	0.117	
1	0.999	0.998	0.997	0.997	1	0.996	0.996	0.997	0.994	0.992	0.993	0.998	0.996	0.993	0.988	0.992	0.992	0.986	0.988	0.982	0.979	0.984	0.966	0.98	0.962	0.965	0.965	0.964	0.956	0.951	0.949	0.941	0.92	0.933	0.907	0.918	0.893	0.876	0.872	0.867	0.877	0.86	0.839	0.822	0.836	0.823	0.812	0.8	0.782	0.801	0.749	0.745	0.714	0.713	0.74	0.742	0.728	0.705	0.699	0.705	0.682	0.65	0.657	0.645	0.632	0.616	0.641	0.616	0.61	0.588	0.586	0.58	0.598	0.562	0.586	0.574	0.553	0.531	0.521	0.501	0.499	0.494	0.475	0.464	0.442	0.454	0.442	0.452	0.403	0.399	0.414	0.407	0.341	0.362	0.372	0.334	0.331	0.301	0.294	
1	1	1	1	1	1	1	1	1	1	1	1	1	1	1	1	1	1	0.999	1	1	0.999	1	0.999	0.997	0.999	0.995	0.993	0.985	0.984	0.98	0.97	0.977	0.96	0.946	0.941	0.936	0.903	0.9	0.892	0.862	0.836	0.834	0.787	0.738	0.714	0.698	0.664	0.62	0.571	0.541	0.508	0.474	0.397	0.382	0.335	0.35	0.323	0.286	0.268	0.197	0.209	0.194	0.158	0.173	0.12	0.102	0.106	0.078	0.083	0.074	0.063	0.046	0.046	0.037	0.023	0.019	0.018	0.018	0.018	0.018	0.011	0.012	0.009	0.007	0.003	0.005	0.005	0	0.002	0	0.001	0.001	0.001	0.002	0	0	0	0	0	
1	1	1	1	1	1	1	1	1	1	1	1	1	1	1	1	1	1	1	1	1	1	1	1	1	0.999	1	1	1	1	1	1	1	1	1	0.999	1	0.999	1	1	0.999	0.998	1	0.999	0.998	0.997	0.998	0.995	0.998	0.998	0.997	0.996	0.998	0.996	0.996	0.997	0.99	0.994	0.992	0.996	0.993	0.992	0.994	0.996	0.995	0.987	0.991	0.989	0.984	0.985	0.982	0.982	0.979	0.978	0.976	0.965	0.97	0.968	0.964	0.971	0.963	0.957	0.944	0.967	0.941	0.944	0.943	0.933	0.932	0.92	0.905	0.912	0.911	0.898	0.886	0.881	0.87	0.854	0.838	0.827	
0.714	0.716	0.732	0.77	0.733	0.731	0.759	0.728	0.752	0.747	0.721	0.705	0.716	0.697	0.691	0.676	0.66	0.661	0.632	0.626	0.588	0.585	0.588	0.547	0.529	0.528	0.507	0.508	0.453	0.411	0.438	0.415	0.413	0.382	0.364	0.322	0.316	0.314	0.316	0.306	0.302	0.264	0.236	0.253	0.259	0.21	0.189	0.194	0.193	0.178	0.176	0.165	0.142	0.152	0.135	0.139	0.131	0.149	0.129	0.123	0.106	0.136	0.108	0.122	0.114	0.091	0.099	0.102	0.095	0.092	0.111	0.076	0.086	0.098	0.088	0.085	0.088	0.085	0.071	0.092	0.079	0.078	0.093	0.082	0.076	0.101	0.092	0.088	0.112	0.093	0.091	0.081	0.092	0.097	0.111	0.089	0.116	0.114	0.106	0.102	
0.993	0.975	0.952	0.949	0.916	0.9	0.828	0.794	0.724	0.684	0.593	0.54	0.491	0.399	0.352	0.335	0.263	0.204	0.185	0.155	0.13	0.092	0.076	0.061	0.046	0.041	0.027	0.022	0.014	0.016	0.012	0.007	0.003	0.002	0	0.002	0.006	0.001	0.002	0.002	0.001	0.001	0.001	0.001	0.001	0.001	0.001	0.002	0	0	0	0	0.001	0	0	0.001	0	0.001	0	0	0	0.001	0.001	0	0	0	0	0	0	0.001	0	0	0.001	0	0	0	0	0	0.002	0	0	0	0.001	0	0	0.001	0	0	0	0.001	0	0	0	0.001	0	0.001	0	0	0	0.001	
1	1	1	1	1	1	1	1	1	1	1	1	1	1	1	1	1	1	1	1	1	1	1	1	1	1	0.999	1	1	1	1	0.999	1	0.999	1	1	1	0.999	0.998	0.996	0.999	0.997	0.997	0.998	0.992	1	0.992	0.997	0.995	0.993	0.994	0.993	0.989	0.981	0.989	0.983	0.99	0.982	0.978	0.987	0.974	0.977	0.965	0.961	0.964	0.966	0.959	0.958	0.944	0.956	0.944	0.934	0.936	0.948	0.909	0.905	0.915	0.907	0.908	0.889	0.89	0.892	0.883	0.894	0.877	0.871	0.878	0.862	0.87	0.867	0.836	0.81	0.84	0.827	0.842	0.834	0.827	0.812	0.81	0.795	
0.002	0.002	0.002	0	0.003	0.001	0.004	0.001	0.005	0.004	0.004	0.004	0.007	0.014	0.015	0.017	0.025	0.018	0.03	0.029	0.04	0.043	0.063	0.056	0.066	0.072	0.089	0.1	0.131	0.139	0.141	0.173	0.169	0.185	0.198	0.233	0.214	0.269	0.26	0.286	0.285	0.306	0.315	0.34	0.356	0.361	0.366	0.396	0.399	0.402	0.431	0.432	0.434	0.467	0.48	0.455	0.479	0.536	0.494	0.511	0.491	0.495	0.511	0.494	0.495	0.491	0.489	0.52	0.506	0.476	0.5	0.482	0.463	0.483	0.481	0.472	0.485	0.459	0.441	0.42	0.438	0.435	0.409	0.441	0.404	0.373	0.358	0.383	0.357	0.321	0.342	0.338	0.325	0.292	0.282	0.285	0.254	0.29	0.216	0.239	
1	1	1	1	1	1	1	1	1	1	1	1	1	1	1	1	1	1	1	1	1	1	1	1	1	1	1	1	1	1	1	1	1	1	1	0.998	0.999	1	0.999	1	0.993	0.998	0.996	0.994	0.992	0.985	0.99	0.984	0.981	0.974	0.961	0.964	0.947	0.95	0.933	0.929	0.932	0.9	0.895	0.878	0.866	0.866	0.842	0.826	0.789	0.802	0.776	0.76	0.735	0.711	0.699	0.668	0.658	0.606	0.612	0.567	0.552	0.545	0.514	0.507	0.472	0.456	0.429	0.401	0.409	0.369	0.344	0.345	0.327	0.315	0.26	0.249	0.243	0.227	0.211	0.225	0.173	0.145	0.151	0.159	
1	1	1	1	1	1	1	1	1	0.999	0.997	1	0.996	0.995	0.995	0.993	0.993	0.98	0.974	0.978	0.961	0.944	0.928	0.927	0.91	0.911	0.903	0.886	0.856	0.833	0.829	0.814	0.782	0.763	0.746	0.724	0.691	0.67	0.648	0.646	0.61	0.582	0.576	0.515	0.534	0.521	0.467	0.467	0.436	0.382	0.358	0.331	0.326	0.321	0.258	0.264	0.248	0.238	0.192	0.197	0.196	0.179	0.143	0.138	0.117	0.095	0.091	0.095	0.09	0.078	0.074	0.073	0.062	0.054	0.05	0.044	0.031	0.034	0.02	0.029	0.028	0.027	0.022	0.011	0.012	0.013	0.013	0.008	0.01	0.012	0.008	0.003	0.005	0.003	0.008	0.006	0	0.005	0.002	0.001	
1	1	0.999	0.999	1	1	1	0.999	0.999	0.998	0.995	0.999	0.997	0.997	0.996	0.991	0.993	0.992	0.982	0.992	0.985	0.982	0.981	0.979	0.972	0.984	0.965	0.963	0.95	0.962	0.947	0.943	0.935	0.942	0.937	0.914	0.933	0.899	0.919	0.901	0.909	0.893	0.88	0.859	0.87	0.852	0.848	0.863	0.839	0.85	0.855	0.832	0.834	0.838	0.837	0.81	0.791	0.813	0.814	0.787	0.777	0.795	0.761	0.774	0.795	0.761	0.746	0.759	0.765	0.736	0.759	0.757	0.765	0.743	0.751	0.725	0.718	0.735	0.716	0.743	0.744	0.716	0.704	0.69	0.681	0.73	0.703	0.702	0.702	0.704	0.713	0.684	0.666	0.7	0.716	0.686	0.668	0.684	0.659	0.647	
0.108	0.087	0.078	0.092	0.079	0.078	0.066	0.07	0.056	0.064	0.061	0.055	0.063	0.063	0.06	0.07	0.052	0.071	0.067	0.072	0.061	0.08	0.074	0.076	0.077	0.071	0.075	0.084	0.086	0.101	0.107	0.108	0.111	0.116	0.106	0.124	0.127	0.122	0.145	0.135	0.146	0.149	0.139	0.149	0.165	0.171	0.172	0.173	0.169	0.176	0.176	0.187	0.173	0.191	0.191	0.217	0.213	0.209	0.176	0.207	0.222	0.223	0.19	0.216	0.207	0.184	0.179	0.215	0.214	0.214	0.208	0.222	0.215	0.205	0.197	0.213	0.202	0.21	0.202	0.199	0.209	0.173	0.211	0.174	0.174	0.192	0.167	0.15	0.147	0.154	0.138	0.151	0.144	0.135	0.134	0.125	0.135	0.129	0.105	0.112	
1	1	1	1	1	0.999	1	1	1	0.998	0.998	1	0.998	0.999	0.999	0.999	0.998	0.996	0.996	0.995	0.998	0.993	0.989	0.991	0.99	0.99	0.987	0.99	0.986	0.981	0.978	0.981	0.984	0.98	0.98	0.97	0.965	0.969	0.969	0.953	0.952	0.952	0.938	0.932	0.95	0.951	0.933	0.925	0.912	0.923	0.903	0.915	0.902	0.9	0.883	0.881	0.859	0.853	0.835	0.835	0.808	0.803	0.811	0.799	0.764	0.772	0.761	0.741	0.699	0.71	0.704	0.675	0.664	0.665	0.64	0.613	0.581	0.605	0.568	0.575	0.515	0.504	0.517	0.447	0.45	0.415	0.403	0.395	0.355	0.361	0.306	0.286	0.275	0.257	0.231	0.235	0.228	0.189	0.166	0.166	
1	1	1	1	1	1	1	1	1	1	1	1	1	1	1	1	1	1	1	1	1	1	1	1	1	1	1	1	0.998	0.999	0.999	0.995	0.993	0.99	0.994	0.986	0.981	0.976	0.973	0.955	0.95	0.943	0.931	0.924	0.898	0.89	0.859	0.852	0.827	0.818	0.782	0.762	0.728	0.701	0.706	0.687	0.667	0.6	0.599	0.57	0.546	0.527	0.488	0.488	0.45	0.425	0.436	0.412	0.395	0.358	0.371	0.364	0.338	0.318	0.309	0.28	0.313	0.279	0.253	0.263	0.27	0.255	0.251	0.259	0.244	0.227	0.206	0.181	0.198	0.205	0.178	0.194	0.187	0.197	0.202	0.182	0.171	0.193	0.175	0.188	
1	1	1	1	1	1	1	1	1	1	1	1	1	1	1	1	1	1	1	1	1	1	1	1	1	1	1	1	1	1	1	1	1	1	1	1	0.999	1	0.997	0.998	0.999	0.999	0.998	0.995	0.997	0.995	0.997	0.995	0.993	0.985	0.989	0.986	0.993	0.987	0.984	0.984	0.984	0.974	0.976	0.972	0.968	0.961	0.958	0.951	0.963	0.945	0.951	0.951	0.946	0.95	0.94	0.918	0.917	0.933	0.909	0.915	0.905	0.905	0.888	0.869	0.868	0.869	0.859	0.844	0.853	0.82	0.828	0.818	0.815	0.811	0.802	0.778	0.784	0.775	0.737	0.741	0.751	0.725	0.719	0.68	
0.641	0.621	0.581	0.519	0.507	0.482	0.433	0.388	0.383	0.382	0.345	0.315	0.3	0.263	0.243	0.237	0.178	0.19	0.165	0.126	0.127	0.091	0.099	0.09	0.06	0.046	0.05	0.038	0.029	0.032	0.029	0.022	0.019	0.017	0.017	0.008	0.016	0.01	0.006	0.007	0.003	0.005	0.003	0.005	0.004	0.002	0.004	0.002	0.003	0.005	0.004	0.002	0.003	0	0.002	0.003	0	0	0.001	0	0	0.001	0.005	0.001	0.002	0.002	0.003	0.004	0.003	0.001	0.001	0.007	0.003	0.002	0.003	0.004	0.001	0.001	0.004	0.001	0.005	0.004	0.004	0.002	0.001	0.006	0.007	0.004	0.001	0.004	0.013	0.011	0.012	0.003	0.012	0.009	0.008	0.012	0.016	0.016	
1	0.993	0.994	0.99	0.982	0.985	0.971	0.956	0.953	0.949	0.929	0.921	0.897	0.891	0.87	0.869	0.851	0.813	0.82	0.805	0.791	0.785	0.776	0.757	0.768	0.741	0.744	0.726	0.724	0.728	0.69	0.7	0.693	0.681	0.675	0.649	0.597	0.603	0.601	0.58	0.559	0.545	0.54	0.509	0.533	0.48	0.452	0.436	0.403	0.389	0.414	0.407	0.392	0.351	0.339	0.357	0.331	0.332	0.302	0.282	0.278	0.28	0.248	0.242	0.236	0.219	0.19	0.192	0.18	0.162	0.156	0.158	0.146	0.124	0.133	0.112	0.122	0.093	0.1	0.088	0.079	0.059	0.065	0.068	0.062	0.063	0.055	0.046	0.032	0.046	0.036	0.021	0.032	0.024	0.024	0.013	0.01	0.023	0.012	0.008	
1	1	1	1	1	1	1	1	1	1	1	1	1	1	1	1	0.999	0.999	0.994	0.996	0.995	0.995	0.987	0.985	0.985	0.975	0.965	0.968	0.963	0.957	0.939	0.917	0.934	0.915	0.903	0.904	0.877	0.872	0.86	0.852	0.839	0.825	0.819	0.825	0.822	0.806	0.783	0.783	0.769	0.774	0.733	0.742	0.741	0.713	0.721	0.708	0.702	0.705	0.67	0.695	0.661	0.66	0.642	0.626	0.626	0.614	0.588	0.605	0.606	0.593	0.585	0.556	0.559	0.549	0.56	0.534	0.562	0.509	0.514	0.489	0.491	0.454	0.431	0.427	0.414	0.432	0.422	0.375	0.428	0.371	0.361	0.317	0.346	0.304	0.281	0.296	0.264	0.295	0.226	0.225	
0.008	0.008	0.004	0.006	0.003	0.007	0.004	0.003	0.006	0.01	0.003	0.007	0.003	0.007	0.005	0.011	0.012	0.003	0.008	0.01	0.006	0.005	0.006	0.007	0.007	0.006	0.008	0.013	0.015	0.007	0.01	0.016	0.013	0.009	0.007	0.01	0.009	0.014	0.01	0.013	0.019	0.015	0.008	0.016	0.025	0.022	0.011	0.017	0.023	0.018	0.02	0.023	0.026	0.026	0.02	0.024	0.021	0.023	0.026	0.034	0.039	0.031	0.032	0.04	0.045	0.036	0.036	0.033	0.055	0.055	0.049	0.059	0.051	0.048	0.054	0.075	0.05	0.067	0.062	0.065	0.074	0.045	0.068	0.057	0.067	0.057	0.057	0.05	0.052	0.062	0.065	0.064	0.066	0.063	0.059	0.058	0.066	0.052	0.069	0.063	
0.999	1	1	1	1	0.998	1	0.999	0.999	0.997	0.998	0.999	1	0.999	0.994	0.998	0.996	0.996	0.992	0.99	0.994	0.998	0.991	0.994	0.989	0.992	0.986	0.994	0.989	0.992	0.986	0.988	0.98	0.979	0.986	0.982	0.977	0.976	0.972	0.984	0.955	0.965	0.966	0.962	0.952	0.948	0.945	0.939	0.938	0.918	0.92	0.892	0.875	0.878	0.853	0.842	0.829	0.816	0.829	0.783	0.775	0.741	0.738	0.694	0.688	0.676	0.643	0.633	0.605	0.599	0.576	0.531	0.531	0.495	0.467	0.42	0.409	0.377	0.349	0.355	0.333	0.32	0.275	0.301	0.246	0.259	0.233	0.206	0.206	0.183	0.176	0.179	0.166	0.143	0.138	0.132	0.103	0.113	0.098	0.079	
1	1	1	1	1	1	1	1	1	1	1	1	1	1	1	1	1	1	1	1	1	1	1	1	1	1	1	1	1	0.999	0.999	0.999	0.998	0.997	0.993	0.997	0.994	0.992	0.992	0.983	0.986	0.98	0.985	0.971	0.967	0.962	0.954	0.952	0.943	0.941	0.915	0.929	0.913	0.903	0.909	0.888	0.878	0.892	0.87	0.858	0.823	0.826	0.813	0.813	0.807	0.78	0.764	0.76	0.755	0.729	0.723	0.695	0.699	0.645	0.646	0.677	0.631	0.625	0.609	0.579	0.582	0.581	0.572	0.576	0.521	0.528	0.508	0.519	0.526	0.485	0.512	0.47	0.475	0.469	0.436	0.417	0.38	0.445	0.412	0.409	
1	1	1	1	1	1	1	1	1	1	1	1	1	0.999	1	0.999	1	0.99	0.996	0.994	0.991	0.985	0.975	0.964	0.965	0.959	0.952	0.937	0.91	0.9	0.883	0.854	0.868	0.812	0.823	0.764	0.776	0.719	0.715	0.674	0.631	0.651	0.583	0.54	0.544	0.532	0.485	0.456	0.44	0.417	0.36	0.358	0.351	0.331	0.304	0.295	0.295	0.226	0.263	0.251	0.228	0.217	0.198	0.187	0.213	0.2	0.16	0.16	0.164	0.16	0.145	0.13	0.129	0.145	0.128	0.132	0.101	0.134	0.101	0.122	0.124	0.119	0.124	0.117	0.113	0.119	0.127	0.109	0.118	0.125	0.115	0.107	0.108	0.126	0.117	0.113	0.125	0.131	0.118	0.128	
0.971	0.942	0.921	0.86	0.828	0.808	0.759	0.727	0.661	0.625	0.575	0.554	0.51	0.47	0.418	0.382	0.347	0.303	0.282	0.248	0.222	0.208	0.174	0.155	0.15	0.134	0.125	0.099	0.11	0.094	0.1	0.071	0.073	0.081	0.073	0.06	0.045	0.054	0.046	0.053	0.05	0.056	0.049	0.05	0.035	0.047	0.05	0.041	0.043	0.038	0.033	0.024	0.039	0.03	0.034	0.027	0.032	0.027	0.027	0.026	0.027	0.026	0.021	0.026	0.019	0.019	0.018	0.023	0.015	0.024	0.017	0.019	0.022	0.02	0.022	0.014	0.02	0.02	0.015	0.015	0.017	0.02	0.02	0.02	0.012	0.014	0.011	0.013	0.015	0.01	0.007	0.006	0.009	0.009	0.009	0.004	0.006	0.004	0.003	0.006	
0.163	0.175	0.167	0.125	0.143	0.139	0.136	0.127	0.132	0.106	0.103	0.11	0.097	0.078	0.094	0.086	0.083	0.081	0.088	0.057	0.055	0.073	0.063	0.05	0.059	0.045	0.056	0.043	0.039	0.031	0.045	0.042	0.031	0.034	0.026	0.023	0.027	0.032	0.026	0.033	0.016	0.022	0.014	0.023	0.015	0.019	0.01	0.011	0.013	0.013	0.011	0.006	0.018	0.01	0.005	0.013	0.016	0.008	0.012	0.007	0.008	0.006	0.009	0.009	0.005	0.008	0.006	0.002	0.001	0.005	0.002	0.003	0.005	0.006	0.002	0.003	0.003	0.002	0.005	0	0.002	0.002	0.002	0	0.004	0.002	0	0	0.002	0.002	0.001	0	0	0	0	0	0	0	0.001	0	
1	1	1	1	1	1	1	1	1	1	1	1	1	1	1	1	1	1	1	1	1	1	1	1	1	1	1	1	1	1	1	1	1	1	0.999	1	0.999	1	1	1	0.998	0.999	0.999	0.999	0.998	1	0.999	0.999	0.999	0.995	0.999	0.998	0.998	0.996	0.996	1	1	0.994	0.995	0.997	0.994	0.992	0.99	0.991	0.992	0.991	0.986	0.991	0.991	0.973	0.985	0.989	0.978	0.972	0.976	0.977	0.973	0.966	0.965	0.963	0.961	0.958	0.949	0.948	0.95	0.943	0.947	0.928	0.918	0.915	0.921	0.914	0.909	0.897	0.895	0.878	0.874	0.858	0.858	0.835	
1	1	1	1	1	1	1	1	1	1	1	1	1	1	1	1	1	1	1	1	1	1	1	1	1	1	1	1	1	1	1	1	1	1	1	1	1	0.999	1	1	1	1	0.999	0.999	1	1	1	0.999	0.999	0.999	0.998	0.993	0.999	0.997	0.998	0.992	0.989	0.988	0.991	0.99	0.99	0.981	0.979	0.974	0.969	0.972	0.972	0.956	0.964	0.95	0.954	0.94	0.942	0.935	0.933	0.886	0.917	0.907	0.902	0.88	0.894	0.901	0.895	0.851	0.847	0.88	0.839	0.823	0.823	0.838	0.815	0.815	0.803	0.797	0.818	0.813	0.787	0.773	0.765	0.793	
1	1	1	1	1	1	1	1	1	1	1	1	1	1	1	1	1	1	1	1	1	1	1	1	0.999	1	1	1	1	1	1	1	1	0.999	0.998	0.996	1	0.997	0.999	0.996	0.999	0.995	0.996	0.994	0.994	0.993	0.994	0.991	0.989	0.981	0.989	0.986	0.98	0.982	0.978	0.979	0.959	0.96	0.96	0.963	0.932	0.936	0.936	0.912	0.917	0.911	0.888	0.87	0.869	0.874	0.857	0.861	0.846	0.825	0.815	0.789	0.778	0.766	0.758	0.735	0.742	0.706	0.688	0.679	0.669	0.628	0.627	0.631	0.619	0.615	0.564	0.584	0.562	0.553	0.543	0.505	0.5	0.484	0.459	0.459	
1	1	1	1	1	1	1	1	1	1	1	1	1	1	1	1	1	1	1	1	1	1	1	1	1	1	1	1	1	1	1	1	1	1	1	1	1	1	1	1	1	0.998	0.993	0.997	0.998	0.994	0.994	0.993	0.992	0.994	0.988	0.984	0.972	0.971	0.973	0.965	0.967	0.951	0.949	0.931	0.929	0.908	0.911	0.913	0.893	0.879	0.883	0.869	0.857	0.847	0.843	0.833	0.823	0.772	0.767	0.792	0.757	0.75	0.729	0.739	0.729	0.695	0.675	0.672	0.653	0.662	0.67	0.664	0.633	0.635	0.642	0.615	0.599	0.608	0.604	0.586	0.563	0.569	0.582	0.603	
0.501	0.453	0.476	0.457	0.435	0.424	0.423	0.394	0.396	0.367	0.367	0.36	0.355	0.367	0.312	0.338	0.333	0.309	0.305	0.309	0.307	0.306	0.297	0.295	0.281	0.282	0.265	0.24	0.259	0.279	0.227	0.238	0.235	0.199	0.225	0.243	0.255	0.232	0.24	0.206	0.205	0.214	0.186	0.194	0.188	0.201	0.18	0.198	0.173	0.176	0.197	0.156	0.182	0.163	0.166	0.157	0.157	0.172	0.142	0.146	0.147	0.135	0.147	0.14	0.13	0.133	0.119	0.118	0.122	0.114	0.133	0.113	0.105	0.126	0.129	0.118	0.134	0.13	0.107	0.113	0.116	0.106	0.139	0.116	0.117	0.12	0.119	0.126	0.116	0.115	0.122	0.114	0.132	0.137	0.119	0.148	0.123	0.15	0.15	0.149	
0.931	0.913	0.91	0.866	0.882	0.877	0.859	0.827	0.817	0.808	0.763	0.761	0.726	0.722	0.664	0.632	0.601	0.622	0.548	0.483	0.482	0.437	0.454	0.43	0.381	0.341	0.35	0.311	0.311	0.27	0.279	0.262	0.252	0.246	0.215	0.222	0.199	0.194	0.199	0.189	0.19	0.157	0.175	0.16	0.168	0.154	0.155	0.175	0.143	0.109	0.144	0.127	0.127	0.116	0.138	0.126	0.125	0.107	0.128	0.108	0.124	0.129	0.131	0.126	0.113	0.15	0.112	0.117	0.108	0.124	0.125	0.127	0.14	0.138	0.117	0.151	0.124	0.122	0.141	0.157	0.141	0.12	0.141	0.126	0.143	0.143	0.126	0.146	0.134	0.143	0.107	0.126	0.115	0.124	0.119	0.103	0.137	0.111	0.117	0.123	
1	1	1	1	1	1	1	1	1	1	1	1	1	1	0.999	1	1	0.999	0.997	1	0.998	0.999	0.997	0.994	0.995	0.988	0.988	0.975	0.975	0.976	0.957	0.949	0.928	0.925	0.911	0.9	0.89	0.861	0.84	0.825	0.781	0.768	0.72	0.672	0.668	0.654	0.612	0.585	0.54	0.507	0.476	0.458	0.428	0.404	0.363	0.362	0.317	0.272	0.26	0.272	0.229	0.207	0.197	0.205	0.164	0.16	0.126	0.139	0.122	0.111	0.093	0.086	0.091	0.084	0.063	0.054	0.059	0.04	0.045	0.043	0.039	0.036	0.025	0.024	0.023	0.018	0.019	0.014	0.012	0.017	0.011	0.009	0.004	0.006	0.004	0.006	0.002	0.005	0.003	0.001	
1	1	1	1	1	1	1	0.999	1	1	0.999	0.998	0.998	0.996	0.989	0.989	0.985	0.986	0.972	0.974	0.959	0.955	0.933	0.938	0.92	0.927	0.878	0.887	0.85	0.859	0.815	0.805	0.781	0.766	0.743	0.747	0.727	0.678	0.658	0.652	0.627	0.559	0.598	0.556	0.531	0.508	0.484	0.5	0.455	0.459	0.434	0.368	0.378	0.366	0.349	0.284	0.29	0.278	0.278	0.259	0.244	0.248	0.218	0.186	0.218	0.169	0.153	0.152	0.14	0.148	0.121	0.107	0.123	0.113	0.114	0.082	0.089	0.089	0.073	0.059	0.079	0.071	0.058	0.063	0.047	0.057	0.039	0.038	0.041	0.044	0.039	0.03	0.029	0.039	0.02	0.024	0.015	0.02	0.022	0.019	
1	0.997	0.998	0.993	0.993	0.998	0.992	0.992	0.991	0.984	0.985	0.974	0.962	0.939	0.952	0.949	0.918	0.917	0.883	0.892	0.865	0.865	0.849	0.811	0.802	0.798	0.765	0.748	0.728	0.726	0.728	0.669	0.686	0.64	0.628	0.587	0.608	0.568	0.535	0.509	0.52	0.512	0.491	0.49	0.46	0.458	0.419	0.431	0.408	0.393	0.363	0.36	0.339	0.341	0.356	0.349	0.308	0.303	0.292	0.298	0.288	0.262	0.274	0.285	0.307	0.269	0.264	0.265	0.261	0.265	0.256	0.26	0.268	0.245	0.245	0.24	0.267	0.241	0.259	0.255	0.277	0.243	0.247	0.251	0.248	0.267	0.274	0.266	0.267	0.228	0.274	0.299	0.298	0.319	0.286	0.283	0.311	0.321	0.313	0.312	
1	1	1	1	1	1	1	1	1	1	1	1	1	1	1	1	1	1	1	1	1	1	1	1	1	1	1	1	1	1	1	1	1	1	1	1	1	1	1	1	0.999	1	0.999	0.998	0.999	1	0.999	1	0.998	0.995	0.997	0.999	0.994	0.992	0.993	0.993	0.99	0.987	0.984	0.986	0.983	0.985	0.981	0.979	0.975	0.963	0.962	0.955	0.977	0.953	0.955	0.927	0.937	0.922	0.9	0.919	0.891	0.899	0.87	0.857	0.861	0.862	0.844	0.831	0.812	0.782	0.774	0.788	0.741	0.761	0.738	0.745	0.718	0.691	0.709	0.668	0.666	0.651	0.62	0.622	
1	1	1	1	1	1	1	1	1	1	1	0.998	0.999	1	1	1	0.996	0.997	0.992	0.994	0.988	0.989	0.968	0.979	0.939	0.946	0.941	0.909	0.891	0.866	0.847	0.84	0.826	0.778	0.792	0.773	0.708	0.735	0.692	0.68	0.631	0.599	0.581	0.573	0.515	0.487	0.5	0.442	0.437	0.395	0.382	0.349	0.332	0.316	0.299	0.255	0.243	0.232	0.218	0.197	0.193	0.159	0.154	0.141	0.119	0.09	0.106	0.107	0.083	0.072	0.064	0.061	0.052	0.054	0.051	0.043	0.044	0.039	0.042	0.031	0.038	0.021	0.029	0.033	0.031	0.024	0.028	0.018	0.025	0.022	0.029	0.017	0.019	0.018	0.024	0.016	0.019	0.027	0.026	0.017	
1	1	1	1	1	1	1	0.999	1	0.997	0.998	0.996	0.991	0.99	0.98	0.98	0.967	0.956	0.95	0.919	0.912	0.885	0.84	0.847	0.797	0.762	0.741	0.705	0.701	0.664	0.632	0.608	0.565	0.559	0.504	0.478	0.444	0.4	0.39	0.378	0.332	0.318	0.282	0.289	0.275	0.255	0.225	0.235	0.193	0.213	0.181	0.184	0.187	0.158	0.16	0.15	0.141	0.131	0.135	0.13	0.136	0.118	0.109	0.107	0.119	0.115	0.129	0.12	0.138	0.113	0.128	0.126	0.127	0.122	0.114	0.137	0.125	0.122	0.131	0.121	0.138	0.139	0.135	0.154	0.128	0.134	0.156	0.143	0.15	0.152	0.169	0.178	0.177	0.167	0.192	0.189	0.198	0.19	0.194	0.211	
0.999	1	1	1	1	1	1	1	1	1	0.999	0.999	1	1	1	1	0.998	0.998	0.998	0.998	0.999	0.998	0.997	1	0.998	0.999	0.998	0.996	0.999	0.998	0.996	0.996	0.996	0.996	0.996	0.995	0.992	0.993	0.992	0.996	0.993	0.992	0.984	0.994	0.984	0.982	0.983	0.984	0.973	0.974	0.965	0.969	0.962	0.962	0.953	0.939	0.937	0.93	0.929	0.916	0.897	0.897	0.893	0.878	0.866	0.863	0.892	0.856	0.835	0.826	0.801	0.804	0.805	0.797	0.772	0.763	0.751	0.744	0.754	0.725	0.682	0.712	0.684	0.682	0.639	0.648	0.632	0.613	0.584	0.602	0.586	0.574	0.544	0.528	0.546	0.525	0.537	0.537	0.489	0.471	
0.99	0.992	0.986	0.974	0.966	0.953	0.95	0.929	0.904	0.876	0.871	0.85	0.825	0.795	0.769	0.764	0.733	0.683	0.65	0.636	0.603	0.556	0.553	0.531	0.5	0.486	0.424	0.4	0.379	0.341	0.33	0.284	0.257	0.228	0.222	0.191	0.173	0.169	0.15	0.139	0.13	0.109	0.086	0.078	0.078	0.064	0.057	0.052	0.029	0.045	0.028	0.036	0.02	0.014	0.021	0.02	0.018	0.01	0.009	0.007	0.011	0.01	0.003	0.005	0.008	0.01	0.002	0.002	0.002	0.001	0	0	0.001	0.001	0.001	0	0	0.001	0	0	0.001	0	0	0.001	0	0	0	0	0	0	0	0	0	0	0	0	0	0	0	0	
1	1	1	1	1	1	1	1	1	1	1	1	1	1	1	1	1	1	1	1	1	1	1	1	1	1	1	0.999	1	1	0.998	1	0.999	0.997	0.993	0.996	0.995	0.99	0.993	0.985	0.982	0.972	0.977	0.976	0.979	0.961	0.957	0.956	0.948	0.931	0.945	0.934	0.916	0.911	0.909	0.897	0.895	0.898	0.882	0.878	0.887	0.866	0.856	0.856	0.831	0.842	0.811	0.826	0.816	0.835	0.816	0.812	0.816	0.83	0.803	0.811	0.801	0.797	0.783	0.806	0.796	0.784	0.784	0.813	0.793	0.785	0.814	0.798	0.791	0.802	0.791	0.802	0.821	0.788	0.776	0.797	0.84	0.813	0.788	0.797	
0.354	0.277	0.248	0.193	0.156	0.126	0.093	0.056	0.052	0.042	0.028	0.019	0.019	0.023	0.008	0.008	0.011	0.004	0.005	0.003	0.004	0.007	0.004	0.003	0.004	0	0.001	0.003	0	0.001	0.001	0.001	0.003	0.003	0	0.003	0.001	0.001	0.001	0.003	0	0.003	0.006	0.001	0.001	0	0	0.004	0.005	0	0.004	0.003	0.003	0.004	0.005	0.004	0.003	0.006	0.002	0.008	0.004	0.007	0.007	0.014	0.01	0.01	0.008	0.013	0.009	0.01	0.012	0.017	0.016	0.018	0.025	0.024	0.015	0.035	0.029	0.04	0.041	0.036	0.051	0.047	0.052	0.061	0.048	0.077	0.075	0.082	0.11	0.1	0.113	0.116	0.124	0.162	0.147	0.191	0.188	0.222	
0.826	0.793	0.755	0.734	0.704	0.655	0.628	0.58	0.527	0.5	0.47	0.414	0.361	0.343	0.273	0.252	0.234	0.214	0.149	0.139	0.107	0.131	0.085	0.059	0.079	0.046	0.05	0.042	0.037	0.038	0.02	0.034	0.023	0.035	0.014	0.03	0.02	0.017	0.008	0.02	0.023	0.014	0.01	0.015	0.018	0.019	0.013	0.013	0.02	0.017	0.014	0.019	0.027	0.013	0.02	0.013	0.022	0.018	0.018	0.012	0.028	0.016	0.017	0.015	0.017	0.019	0.014	0.018	0.014	0.013	0.02	0.018	0.009	0.014	0.025	0.027	0.023	0.012	0.022	0.018	0.02	0.018	0.023	0.016	0.02	0.024	0.026	0.015	0.024	0.017	0.028	0.011	0.014	0.017	0.021	0.014	0.013	0.022	0.015	0.023	
0.704	0.66	0.695	0.649	0.631	0.676	0.627	0.65	0.647	0.624	0.65	0.673	0.627	0.635	0.645	0.615	0.636	0.629	0.639	0.623	0.654	0.626	0.622	0.594	0.602	0.594	0.582	0.584	0.566	0.561	0.56	0.521	0.531	0.528	0.52	0.481	0.49	0.44	0.403	0.428	0.415	0.372	0.36	0.356	0.334	0.286	0.275	0.281	0.242	0.233	0.204	0.193	0.179	0.176	0.144	0.144	0.152	0.097	0.115	0.106	0.094	0.088	0.072	0.073	0.069	0.071	0.054	0.047	0.043	0.039	0.033	0.032	0.031	0.029	0.024	0.027	0.026	0.028	0.015	0.02	0.022	0.025	0.008	0.014	0.014	0.005	0.012	0.017	0.006	0.003	0.004	0.006	0.002	0.002	0.003	0.003	0.002	0.001	0.004	0.001	
0.998	0.999	0.999	0.996	0.988	0.987	0.988	0.974	0.979	0.972	0.963	0.962	0.956	0.931	0.916	0.909	0.899	0.882	0.876	0.862	0.84	0.802	0.805	0.791	0.758	0.777	0.74	0.729	0.696	0.709	0.679	0.634	0.642	0.644	0.644	0.636	0.59	0.573	0.553	0.557	0.512	0.517	0.481	0.468	0.476	0.453	0.425	0.408	0.419	0.429	0.405	0.38	0.364	0.347	0.358	0.334	0.319	0.345	0.315	0.298	0.303	0.301	0.28	0.278	0.277	0.258	0.226	0.242	0.194	0.203	0.209	0.217	0.197	0.19	0.172	0.188	0.189	0.196	0.176	0.194	0.159	0.162	0.174	0.157	0.181	0.166	0.158	0.169	0.16	0.183	0.17	0.156	0.16	0.18	0.18	0.17	0.169	0.167	0.169	0.171	
0.003	0.002	0	0.001	0.002	0.002	0.003	0.007	0.001	0.003	0.004	0.008	0.006	0.008	0.017	0.015	0.01	0.018	0.019	0.032	0.034	0.037	0.04	0.04	0.041	0.062	0.064	0.058	0.084	0.08	0.083	0.078	0.095	0.122	0.127	0.108	0.13	0.135	0.135	0.146	0.146	0.165	0.174	0.155	0.175	0.179	0.175	0.196	0.196	0.207	0.201	0.205	0.224	0.234	0.213	0.222	0.203	0.24	0.226	0.242	0.224	0.253	0.254	0.24	0.248	0.27	0.26	0.269	0.276	0.257	0.274	0.251	0.264	0.267	0.256	0.256	0.264	0.252	0.261	0.264	0.262	0.247	0.213	0.265	0.2	0.224	0.21	0.217	0.231	0.195	0.206	0.206	0.186	0.193	0.179	0.181	0.178	0.149	0.172	0.125	
1	1	1	1	0.998	0.996	0.991	0.988	0.978	0.964	0.942	0.923	0.908	0.876	0.853	0.786	0.766	0.712	0.689	0.615	0.59	0.557	0.51	0.489	0.456	0.423	0.374	0.368	0.321	0.285	0.257	0.26	0.227	0.211	0.194	0.187	0.199	0.159	0.121	0.126	0.115	0.094	0.097	0.074	0.068	0.064	0.067	0.057	0.045	0.053	0.034	0.035	0.031	0.025	0.029	0.026	0.031	0.024	0.013	0.015	0.016	0.009	0.017	0.007	0.009	0.009	0.007	0.007	0.006	0.005	0.009	0.005	0.004	0.001	0.003	0.007	0	0.004	0.002	0.002	0	0.001	0	0.001	0.001	0.004	0.001	0.001	0	0.002	0	0.001	0.001	0	0	0	0	0	0	0	
1	1	1	1	1	1	1	1	1	1	1	1	1	1	1	1	1	1	1	1	1	1	1	1	1	0.998	0.998	0.998	0.996	0.998	0.997	0.994	0.992	0.995	0.989	0.988	0.984	0.98	0.983	0.978	0.974	0.974	0.957	0.956	0.96	0.943	0.942	0.91	0.895	0.896	0.874	0.849	0.864	0.834	0.829	0.808	0.791	0.759	0.759	0.749	0.717	0.688	0.712	0.664	0.653	0.632	0.601	0.596	0.549	0.541	0.527	0.528	0.492	0.501	0.511	0.491	0.432	0.409	0.431	0.446	0.407	0.397	0.402	0.386	0.389	0.369	0.396	0.39	0.343	0.341	0.341	0.376	0.355	0.36	0.329	0.353	0.371	0.324	0.385	0.376	
1	1	1	1	1	1	1	1	1	1	1	1	1	1	1	1	1	1	1	1	1	1	1	1	1	1	0.999	0.998	1	0.999	0.995	0.998	0.997	0.999	0.995	0.992	0.994	0.99	0.982	0.993	0.993	0.977	0.974	0.975	0.974	0.959	0.936	0.939	0.93	0.918	0.917	0.906	0.888	0.869	0.872	0.863	0.837	0.82	0.795	0.783	0.777	0.75	0.744	0.705	0.693	0.673	0.642	0.616	0.615	0.588	0.576	0.58	0.532	0.495	0.476	0.423	0.44	0.421	0.398	0.391	0.351	0.352	0.322	0.285	0.302	0.239	0.246	0.198	0.179	0.184	0.178	0.162	0.127	0.138	0.124	0.122	0.086	0.102	0.099	0.09	
1	1	1	1	1	1	1	1	1	1	1	1	1	1	1	1	1	1	1	1	1	1	0.999	1	0.998	0.998	0.997	0.993	0.993	0.996	0.993	0.988	0.979	0.971	0.979	0.968	0.958	0.96	0.95	0.951	0.937	0.917	0.897	0.894	0.897	0.894	0.833	0.838	0.83	0.805	0.821	0.804	0.753	0.736	0.759	0.724	0.665	0.677	0.665	0.629	0.636	0.601	0.592	0.594	0.527	0.53	0.494	0.515	0.512	0.462	0.466	0.447	0.408	0.408	0.365	0.362	0.356	0.362	0.322	0.294	0.289	0.28	0.306	0.281	0.235	0.234	0.222	0.2	0.194	0.175	0.172	0.165	0.153	0.124	0.125	0.118	0.112	0.103	0.102	0.071	
1	1	1	1	1	1	0.999	0.996	0.992	0.994	0.992	0.99	0.976	0.964	0.961	0.947	0.947	0.929	0.898	0.889	0.837	0.811	0.8	0.753	0.737	0.705	0.693	0.625	0.626	0.581	0.549	0.538	0.53	0.482	0.458	0.425	0.436	0.417	0.376	0.374	0.345	0.361	0.295	0.305	0.275	0.307	0.256	0.278	0.25	0.223	0.192	0.2	0.185	0.186	0.156	0.167	0.154	0.155	0.141	0.13	0.136	0.12	0.119	0.1	0.106	0.099	0.108	0.083	0.091	0.084	0.089	0.061	0.084	0.087	0.079	0.065	0.061	0.057	0.06	0.065	0.062	0.061	0.06	0.068	0.055	0.064	0.059	0.065	0.068	0.063	0.059	0.064	0.061	0.065	0.059	0.061	0.07	0.073	0.062	0.092	
1	1	1	1	1	1	1	1	0.998	0.999	0.999	0.993	0.987	0.99	0.979	0.969	0.958	0.946	0.948	0.927	0.925	0.898	0.847	0.83	0.808	0.796	0.774	0.761	0.734	0.713	0.682	0.651	0.644	0.611	0.567	0.503	0.496	0.494	0.451	0.4	0.376	0.332	0.313	0.279	0.23	0.218	0.2	0.168	0.169	0.135	0.118	0.101	0.092	0.086	0.08	0.073	0.067	0.06	0.044	0.051	0.045	0.048	0.029	0.024	0.025	0.03	0.024	0.016	0.015	0.013	0.016	0.015	0.015	0.01	0.013	0.005	0.006	0.002	0.003	0.004	0.009	0.004	0.005	0.002	0.006	0.003	0.006	0.001	0.002	0.001	0.003	0	0.003	0.001	0	0	0	0.001	0	0	
1	0.997	0.995	0.994	0.982	0.966	0.967	0.954	0.934	0.897	0.868	0.844	0.822	0.752	0.747	0.71	0.648	0.623	0.587	0.54	0.494	0.476	0.427	0.443	0.394	0.349	0.317	0.295	0.273	0.257	0.235	0.198	0.212	0.166	0.17	0.16	0.15	0.127	0.157	0.117	0.124	0.115	0.085	0.096	0.072	0.08	0.062	0.073	0.056	0.054	0.031	0.039	0.03	0.041	0.027	0.03	0.033	0.024	0.03	0.019	0.021	0.018	0.02	0.013	0.016	0.01	0.003	0.009	0.016	0.009	0.007	0.005	0.01	0.008	0.005	0.006	0.003	0.008	0.004	0.003	0.008	0.004	0.001	0.005	0.004	0.005	0.005	0.001	0.003	0.005	0.004	0.001	0.001	0	0.002	0.002	0.003	0.001	0	0.001	
1	1	1	1	1	0.999	0.997	0.996	0.996	0.999	0.991	0.984	0.973	0.968	0.957	0.946	0.929	0.919	0.887	0.861	0.843	0.8	0.791	0.74	0.718	0.69	0.638	0.63	0.571	0.524	0.524	0.49	0.437	0.408	0.362	0.353	0.338	0.305	0.284	0.26	0.236	0.199	0.177	0.184	0.184	0.167	0.175	0.161	0.114	0.111	0.109	0.088	0.102	0.086	0.087	0.065	0.09	0.063	0.051	0.045	0.071	0.041	0.049	0.047	0.043	0.036	0.029	0.037	0.022	0.024	0.03	0.021	0.029	0.025	0.022	0.025	0.025	0.028	0.023	0.023	0.019	0.027	0.024	0.022	0.028	0.03	0.019	0.019	0.043	0.033	0.026	0.027	0.024	0.03	0.034	0.034	0.026	0.025	0.029	0.029	
1	1	1	1	1	1	1	1	1	1	1	1	1	1	1	1	1	1	1	1	0.998	0.998	0.995	0.994	0.997	0.992	0.989	0.989	0.987	0.978	0.979	0.967	0.947	0.968	0.931	0.943	0.918	0.931	0.912	0.881	0.89	0.883	0.868	0.859	0.85	0.827	0.835	0.842	0.801	0.799	0.776	0.782	0.754	0.737	0.723	0.719	0.687	0.687	0.664	0.648	0.634	0.623	0.596	0.595	0.596	0.549	0.558	0.551	0.535	0.504	0.494	0.497	0.466	0.457	0.42	0.44	0.418	0.396	0.358	0.357	0.329	0.314	0.318	0.298	0.287	0.256	0.25	0.245	0.252	0.239	0.233	0.179	0.191	0.184	0.172	0.165	0.144	0.146	0.142	0.134	
0.863	0.85	0.843	0.765	0.773	0.746	0.723	0.66	0.631	0.604	0.587	0.517	0.471	0.472	0.438	0.384	0.384	0.338	0.31	0.296	0.263	0.246	0.233	0.177	0.159	0.154	0.129	0.097	0.098	0.081	0.082	0.061	0.057	0.05	0.041	0.051	0.057	0.039	0.03	0.041	0.026	0.024	0.024	0.023	0.02	0.024	0.019	0.025	0.018	0.009	0.011	0.018	0.011	0.014	0.009	0.01	0.009	0.018	0.014	0.01	0.012	0.013	0.013	0.02	0.016	0.014	0.015	0.015	0.014	0.014	0.009	0.008	0.01	0.005	0.008	0.017	0.011	0.013	0.016	0.014	0.022	0.013	0.007	0.02	0.014	0.017	0.021	0.018	0.019	0.024	0.02	0.019	0.024	0.026	0.023	0.032	0.029	0.025	0.034	0.026	
1	1	1	1	1	1	1	1	1	1	1	1	1	1	1	1	1	1	1	1	1	1	1	1	1	1	1	1	1	0.998	1	0.998	1	1	0.999	0.995	0.995	0.994	0.998	0.994	0.992	0.981	0.982	0.975	0.968	0.97	0.958	0.94	0.939	0.929	0.903	0.92	0.909	0.898	0.863	0.85	0.844	0.828	0.843	0.812	0.795	0.755	0.778	0.745	0.739	0.742	0.704	0.711	0.679	0.666	0.653	0.636	0.619	0.593	0.597	0.563	0.566	0.555	0.532	0.521	0.517	0.478	0.467	0.418	0.438	0.425	0.4	0.383	0.386	0.343	0.367	0.364	0.333	0.345	0.301	0.313	0.271	0.262	0.283	0.302	
1	1	1	1	1	1	1	1	1	1	1	1	1	0.997	1	1	0.999	0.999	0.996	0.997	1	0.997	0.992	0.998	0.99	0.984	0.986	0.977	0.976	0.958	0.966	0.961	0.961	0.929	0.936	0.93	0.927	0.905	0.911	0.886	0.881	0.853	0.847	0.835	0.814	0.805	0.778	0.755	0.771	0.756	0.731	0.722	0.696	0.681	0.676	0.665	0.641	0.607	0.591	0.571	0.61	0.557	0.553	0.549	0.537	0.521	0.506	0.472	0.496	0.446	0.446	0.411	0.463	0.42	0.402	0.43	0.398	0.38	0.433	0.414	0.383	0.368	0.379	0.383	0.373	0.353	0.378	0.341	0.356	0.376	0.365	0.338	0.354	0.389	0.317	0.365	0.337	0.397	0.367	0.335	
1	1	1	1	1	1	1	1	1	1	1	1	1	1	1	1	1	1	1	1	1	1	0.999	1	0.999	1	0.998	0.998	0.998	0.998	0.997	0.999	0.996	0.996	0.99	0.995	0.993	0.989	0.989	0.987	0.989	0.977	0.973	0.983	0.973	0.967	0.964	0.964	0.952	0.96	0.95	0.935	0.946	0.931	0.935	0.913	0.911	0.909	0.906	0.917	0.905	0.893	0.892	0.879	0.883	0.865	0.864	0.849	0.848	0.839	0.841	0.823	0.822	0.797	0.811	0.766	0.776	0.748	0.745	0.71	0.723	0.689	0.703	0.708	0.667	0.676	0.644	0.63	0.616	0.612	0.572	0.555	0.563	0.544	0.525	0.517	0.474	0.471	0.46	0.452	
1	0.999	0.999	0.993	0.992	0.992	0.986	0.979	0.979	0.969	0.964	0.941	0.932	0.932	0.918	0.88	0.853	0.837	0.823	0.815	0.804	0.781	0.778	0.747	0.715	0.705	0.674	0.687	0.639	0.606	0.604	0.589	0.553	0.546	0.541	0.532	0.517	0.503	0.477	0.444	0.427	0.42	0.392	0.388	0.365	0.356	0.352	0.319	0.296	0.301	0.282	0.274	0.266	0.267	0.238	0.255	0.21	0.206	0.216	0.207	0.199	0.19	0.178	0.163	0.161	0.144	0.131	0.135	0.117	0.11	0.115	0.102	0.099	0.074	0.087	0.089	0.053	0.073	0.074	0.063	0.064	0.059	0.048	0.05	0.045	0.045	0.047	0.034	0.038	0.022	0.03	0.03	0.024	0.017	0.026	0.031	0.017	0.023	0.024	0.021	
1	1	0.999	0.999	0.999	1	0.998	0.999	0.998	0.997	0.998	0.996	0.999	0.996	0.996	0.999	0.998	0.995	0.998	0.996	0.993	0.991	0.993	0.993	0.991	0.996	0.996	0.99	0.986	0.988	0.986	0.983	0.985	0.983	0.978	0.987	0.987	0.975	0.987	0.973	0.971	0.981	0.974	0.966	0.974	0.962	0.965	0.97	0.964	0.966	0.973	0.952	0.963	0.942	0.95	0.96	0.945	0.949	0.956	0.95	0.955	0.936	0.941	0.936	0.932	0.939	0.934	0.939	0.934	0.92	0.919	0.942	0.925	0.923	0.915	0.924	0.909	0.909	0.916	0.92	0.927	0.913	0.901	0.897	0.909	0.912	0.893	0.887	0.903	0.893	0.886	0.886	0.888	0.888	0.876	0.878	0.874	0.876	0.839	0.85	
0.994	0.996	0.986	0.981	0.97	0.95	0.948	0.931	0.936	0.908	0.877	0.856	0.828	0.835	0.828	0.768	0.755	0.713	0.732	0.701	0.686	0.653	0.65	0.603	0.612	0.552	0.534	0.543	0.504	0.485	0.461	0.463	0.438	0.417	0.433	0.405	0.356	0.343	0.318	0.318	0.313	0.296	0.285	0.253	0.24	0.224	0.188	0.199	0.206	0.187	0.169	0.143	0.169	0.132	0.13	0.105	0.11	0.09	0.096	0.127	0.105	0.098	0.081	0.07	0.074	0.069	0.053	0.049	0.052	0.045	0.053	0.041	0.031	0.031	0.027	0.029	0.032	0.024	0.024	0.013	0.018	0.015	0.019	0.019	0.009	0.015	0.008	0.004	0.007	0.006	0.006	0.004	0.008	0.009	0.002	0	0	0.002	0	0.003	
1	1	1	1	1	1	0.999	0.998	0.998	0.995	0.993	0.986	0.965	0.955	0.953	0.925	0.917	0.89	0.844	0.805	0.761	0.756	0.697	0.613	0.589	0.517	0.503	0.4	0.393	0.341	0.29	0.241	0.215	0.18	0.175	0.136	0.113	0.118	0.078	0.073	0.069	0.06	0.039	0.044	0.031	0.025	0.026	0.021	0.008	0.014	0.009	0.009	0.01	0.004	0.007	0.006	0.003	0.001	0	0	0.001	0.003	0	0.002	0	0.001	0.001	0	0	0	0	0	0	0	0	0	0	0	0	0	0	0	0	0	0	0	0	0	0	0	0	0	0	0	0	0	0	0	0	0	
0.999	0.999	0.999	0.995	0.996	0.993	0.992	0.99	0.986	0.978	0.965	0.953	0.948	0.942	0.921	0.926	0.896	0.892	0.867	0.847	0.836	0.793	0.814	0.811	0.783	0.75	0.719	0.698	0.702	0.67	0.631	0.66	0.655	0.607	0.562	0.583	0.561	0.535	0.486	0.492	0.488	0.458	0.445	0.418	0.412	0.373	0.371	0.347	0.355	0.334	0.303	0.285	0.292	0.273	0.25	0.251	0.263	0.236	0.255	0.22	0.194	0.208	0.178	0.172	0.201	0.155	0.162	0.16	0.142	0.144	0.129	0.128	0.122	0.118	0.1	0.113	0.116	0.097	0.088	0.073	0.084	0.1	0.073	0.065	0.068	0.069	0.063	0.052	0.06	0.05	0.034	0.044	0.038	0.038	0.034	0.035	0.026	0.03	0.022	0.024	
1	1	1	1	1	1	1	1	1	1	1	1	1	1	1	1	1	1	1	1	1	1	1	1	0.999	0.999	0.996	0.998	0.994	0.997	0.996	0.986	0.99	0.987	0.993	0.99	0.983	0.982	0.98	0.978	0.968	0.954	0.962	0.959	0.944	0.941	0.938	0.935	0.914	0.906	0.897	0.895	0.879	0.867	0.856	0.847	0.833	0.826	0.794	0.804	0.784	0.754	0.742	0.735	0.708	0.697	0.677	0.66	0.648	0.629	0.612	0.571	0.531	0.53	0.525	0.481	0.463	0.446	0.442	0.395	0.391	0.359	0.331	0.305	0.287	0.267	0.227	0.233	0.223	0.2	0.174	0.182	0.137	0.143	0.125	0.106	0.11	0.084	0.067	0.054	
1	1	1	1	1	1	1	1	1	1	1	1	1	1	1	1	1	1	1	0.999	0.998	0.999	0.994	0.992	0.993	0.99	0.991	0.989	0.976	0.973	0.971	0.95	0.929	0.915	0.879	0.882	0.867	0.824	0.804	0.752	0.745	0.726	0.721	0.703	0.667	0.647	0.614	0.561	0.6	0.532	0.546	0.506	0.495	0.437	0.425	0.413	0.425	0.406	0.396	0.348	0.372	0.34	0.317	0.289	0.286	0.272	0.26	0.263	0.232	0.222	0.197	0.197	0.202	0.201	0.182	0.158	0.136	0.132	0.128	0.137	0.104	0.126	0.085	0.103	0.102	0.078	0.074	0.078	0.074	0.063	0.065	0.052	0.054	0.048	0.035	0.039	0.047	0.029	0.028	0.02	
1	1	1	1	1	1	1	1	1	1	1	1	1	1	1	1	1	1	1	1	1	1	1	1	1	1	1	1	1	1	1	0.999	0.998	1	1	0.999	1	0.995	0.998	0.996	0.99	0.996	0.991	0.986	0.978	0.987	0.982	0.98	0.982	0.977	0.96	0.97	0.966	0.964	0.956	0.97	0.938	0.941	0.924	0.93	0.916	0.915	0.908	0.904	0.881	0.894	0.872	0.873	0.851	0.848	0.851	0.821	0.82	0.796	0.792	0.804	0.757	0.774	0.764	0.727	0.74	0.7	0.698	0.691	0.703	0.68	0.67	0.641	0.62	0.624	0.613	0.615	0.586	0.544	0.55	0.55	0.528	0.553	0.508	0.506	
1	1	0.999	0.999	0.996	0.995	0.99	0.964	0.948	0.92	0.901	0.897	0.849	0.802	0.781	0.76	0.707	0.712	0.663	0.658	0.593	0.607	0.564	0.57	0.525	0.532	0.477	0.464	0.441	0.43	0.397	0.389	0.335	0.361	0.309	0.313	0.288	0.288	0.247	0.227	0.205	0.21	0.222	0.217	0.175	0.164	0.177	0.141	0.132	0.127	0.115	0.116	0.099	0.089	0.081	0.095	0.073	0.066	0.055	0.061	0.051	0.059	0.05	0.047	0.047	0.039	0.039	0.044	0.03	0.02	0.019	0.024	0.013	0.012	0.011	0.011	0.007	0.006	0.004	0.009	0.008	0.005	0.004	0.001	0.001	0.001	0.001	0	0.001	0	0.001	0.001	0	0.001	0	0	0	0	0	0	
1	1	1	1	1	1	1	1	0.998	0.998	0.997	0.997	0.999	0.992	0.991	0.993	0.987	0.992	0.98	0.975	0.966	0.967	0.954	0.944	0.941	0.928	0.905	0.906	0.912	0.88	0.862	0.865	0.817	0.835	0.822	0.8	0.797	0.765	0.746	0.729	0.734	0.701	0.702	0.656	0.675	0.646	0.675	0.68	0.648	0.612	0.609	0.602	0.59	0.573	0.577	0.551	0.546	0.552	0.509	0.488	0.485	0.49	0.48	0.47	0.455	0.432	0.459	0.44	0.415	0.423	0.411	0.403	0.418	0.386	0.376	0.351	0.362	0.377	0.378	0.35	0.355	0.355	0.314	0.307	0.316	0.329	0.316	0.34	0.312	0.316	0.297	0.295	0.275	0.307	0.303	0.29	0.301	0.288	0.316	0.304	
1	1	1	1	1	1	1	1	1	1	1	1	0.999	1	1	0.999	0.998	0.998	0.997	0.994	0.992	0.988	0.988	0.973	0.968	0.958	0.957	0.947	0.941	0.931	0.913	0.913	0.881	0.893	0.877	0.872	0.845	0.827	0.818	0.796	0.793	0.789	0.763	0.749	0.721	0.716	0.674	0.679	0.656	0.624	0.616	0.585	0.574	0.548	0.505	0.511	0.491	0.513	0.45	0.454	0.453	0.407	0.422	0.369	0.351	0.349	0.377	0.333	0.306	0.296	0.287	0.267	0.235	0.232	0.239	0.238	0.218	0.234	0.203	0.164	0.162	0.172	0.146	0.147	0.135	0.155	0.129	0.127	0.137	0.107	0.122	0.098	0.08	0.081	0.084	0.078	0.09	0.07	0.08	0.064	
1	1	1	0.998	1	0.998	0.994	0.994	0.993	0.987	0.98	0.98	0.965	0.974	0.962	0.943	0.946	0.932	0.924	0.914	0.882	0.877	0.865	0.868	0.813	0.816	0.793	0.769	0.75	0.723	0.733	0.698	0.671	0.616	0.634	0.578	0.598	0.534	0.527	0.522	0.474	0.506	0.415	0.392	0.378	0.326	0.351	0.335	0.301	0.281	0.242	0.251	0.21	0.215	0.197	0.164	0.168	0.143	0.152	0.108	0.11	0.107	0.102	0.076	0.075	0.076	0.068	0.057	0.045	0.049	0.036	0.028	0.026	0.032	0.02	0.022	0.015	0.012	0.017	0.016	0.008	0.011	0.008	0.014	0.006	0.008	0.003	0.003	0.005	0.009	0.003	0.002	0.005	0.002	0.005	0	0	0.003	0.002	0.002	
1	1	1	1	1	1	1	1	1	0.996	0.998	0.998	0.995	0.99	0.974	0.971	0.965	0.942	0.939	0.923	0.89	0.875	0.869	0.837	0.813	0.798	0.77	0.773	0.757	0.719	0.688	0.702	0.675	0.638	0.656	0.657	0.638	0.592	0.616	0.599	0.554	0.55	0.527	0.548	0.509	0.5	0.513	0.473	0.456	0.453	0.426	0.456	0.433	0.403	0.397	0.384	0.399	0.364	0.33	0.36	0.301	0.317	0.334	0.3	0.296	0.285	0.277	0.275	0.237	0.249	0.209	0.215	0.197	0.195	0.178	0.189	0.17	0.158	0.153	0.172	0.152	0.13	0.115	0.094	0.08	0.103	0.08	0.079	0.071	0.071	0.053	0.063	0.049	0.051	0.04	0.051	0.04	0.033	0.031	0.027	
1	1	1	1	1	1	1	1	1	1	1	1	1	1	1	1	1	1	1	1	1	1	1	1	1	1	1	1	1	1	1	1	1	1	1	0.998	1	1	0.999	0.998	0.998	0.998	0.998	1	0.997	0.997	0.994	0.995	0.992	0.99	0.995	0.992	0.99	0.987	0.992	0.988	0.983	0.97	0.98	0.977	0.984	0.975	0.971	0.967	0.959	0.955	0.958	0.952	0.944	0.941	0.944	0.929	0.915	0.932	0.898	0.909	0.902	0.889	0.864	0.863	0.825	0.853	0.87	0.829	0.818	0.819	0.799	0.773	0.759	0.762	0.712	0.687	0.676	0.667	0.675	0.655	0.607	0.595	0.598	0.53	
0.95	0.953	0.949	0.926	0.918	0.904	0.903	0.885	0.885	0.87	0.846	0.838	0.824	0.807	0.793	0.786	0.755	0.767	0.753	0.735	0.716	0.719	0.686	0.687	0.71	0.673	0.652	0.664	0.636	0.627	0.625	0.638	0.608	0.587	0.587	0.578	0.587	0.563	0.546	0.563	0.521	0.503	0.532	0.507	0.496	0.502	0.467	0.45	0.471	0.461	0.447	0.425	0.45	0.398	0.399	0.407	0.383	0.362	0.354	0.346	0.341	0.303	0.301	0.304	0.298	0.255	0.261	0.245	0.239	0.223	0.206	0.195	0.185	0.21	0.16	0.178	0.166	0.158	0.133	0.113	0.126	0.119	0.091	0.1	0.073	0.1	0.077	0.07	0.053	0.065	0.067	0.043	0.046	0.049	0.041	0.038	0.032	0.033	0.029	0.021	
0.9	0.876	0.876	0.866	0.85	0.844	0.816	0.828	0.813	0.802	0.776	0.776	0.759	0.74	0.737	0.705	0.704	0.689	0.654	0.662	0.627	0.648	0.616	0.587	0.621	0.567	0.586	0.535	0.54	0.518	0.497	0.488	0.477	0.479	0.449	0.43	0.447	0.404	0.422	0.384	0.391	0.392	0.378	0.346	0.358	0.321	0.336	0.357	0.298	0.312	0.295	0.255	0.247	0.246	0.229	0.237	0.234	0.229	0.21	0.215	0.2	0.191	0.191	0.187	0.164	0.169	0.167	0.144	0.139	0.128	0.138	0.111	0.148	0.102	0.108	0.102	0.092	0.086	0.089	0.08	0.069	0.072	0.057	0.055	0.049	0.059	0.038	0.053	0.05	0.034	0.028	0.027	0.035	0.018	0.017	0.022	0.014	0.02	0.007	0.012	
1	1	1	1	1	1	1	1	1	1	1	1	1	1	1	1	0.999	1	1	1	1	0.999	1	1	0.999	0.997	0.996	0.997	0.992	0.993	0.987	0.984	0.988	0.987	0.981	0.976	0.977	0.973	0.953	0.956	0.948	0.944	0.934	0.938	0.922	0.921	0.925	0.904	0.898	0.865	0.855	0.828	0.836	0.82	0.824	0.822	0.805	0.799	0.767	0.785	0.762	0.751	0.705	0.724	0.678	0.672	0.676	0.67	0.687	0.657	0.606	0.596	0.598	0.573	0.55	0.539	0.556	0.544	0.521	0.491	0.536	0.503	0.492	0.486	0.464	0.462	0.439	0.462	0.433	0.402	0.397	0.402	0.347	0.395	0.343	0.365	0.373	0.33	0.332	0.321	
0.999	0.997	1	1	0.998	0.999	0.998	0.999	0.999	0.997	0.998	0.997	0.998	0.998	0.991	0.998	0.997	0.994	0.997	0.992	0.994	0.993	0.986	0.985	0.986	0.987	0.991	0.985	0.981	0.985	0.979	0.979	0.978	0.975	0.961	0.973	0.97	0.968	0.96	0.963	0.965	0.952	0.951	0.937	0.953	0.922	0.929	0.903	0.904	0.913	0.894	0.892	0.89	0.875	0.881	0.857	0.869	0.838	0.851	0.84	0.85	0.818	0.836	0.823	0.808	0.813	0.817	0.798	0.793	0.807	0.789	0.802	0.75	0.749	0.783	0.777	0.767	0.753	0.745	0.723	0.76	0.754	0.754	0.744	0.725	0.737	0.707	0.697	0.696	0.72	0.725	0.709	0.696	0.711	0.713	0.688	0.699	0.68	0.688	0.681	
0.983	0.976	0.976	0.964	0.959	0.942	0.942	0.927	0.899	0.895	0.907	0.868	0.865	0.843	0.835	0.829	0.808	0.801	0.791	0.804	0.759	0.769	0.761	0.746	0.692	0.704	0.67	0.699	0.656	0.638	0.633	0.647	0.637	0.592	0.598	0.575	0.532	0.56	0.542	0.514	0.519	0.483	0.476	0.469	0.454	0.459	0.421	0.433	0.421	0.423	0.403	0.379	0.332	0.329	0.353	0.329	0.323	0.301	0.28	0.228	0.261	0.235	0.243	0.231	0.219	0.224	0.184	0.185	0.213	0.17	0.136	0.15	0.143	0.151	0.107	0.12	0.13	0.115	0.099	0.097	0.093	0.069	0.079	0.078	0.056	0.059	0.069	0.056	0.049	0.04	0.041	0.034	0.025	0.021	0.019	0.022	0.016	0.015	0.02	0.008	
0.289	0.275	0.239	0.186	0.167	0.154	0.12	0.111	0.103	0.11	0.088	0.074	0.077	0.066	0.066	0.041	0.051	0.055	0.045	0.044	0.04	0.03	0.037	0.034	0.028	0.031	0.027	0.026	0.027	0.023	0.025	0.018	0.021	0.017	0.01	0.006	0.017	0.012	0.009	0.01	0.015	0.011	0.013	0.009	0.008	0.01	0.008	0.007	0.005	0.005	0.003	0.006	0.005	0.01	0.002	0.003	0.003	0.001	0.002	0.003	0.002	0.003	0.002	0.001	0.001	0	0.001	0.003	0.004	0.001	0.001	0.002	0.001	0.002	0	0	0	0	0	0	0	0.001	0.001	0	0	0.001	0.002	0.001	0	0	0	0	0.001	0	0	0	0	0	0	0.001	
1	1	1	0.997	0.999	0.997	0.996	0.996	0.991	0.99	0.992	0.987	0.981	0.976	0.968	0.964	0.969	0.95	0.939	0.937	0.914	0.919	0.92	0.918	0.907	0.902	0.892	0.874	0.881	0.86	0.855	0.845	0.841	0.821	0.844	0.837	0.821	0.805	0.827	0.791	0.788	0.788	0.803	0.757	0.762	0.779	0.735	0.747	0.749	0.74	0.734	0.738	0.727	0.693	0.685	0.672	0.665	0.675	0.659	0.668	0.644	0.627	0.643	0.633	0.621	0.623	0.612	0.602	0.577	0.577	0.549	0.566	0.569	0.544	0.498	0.491	0.497	0.503	0.496	0.503	0.487	0.456	0.441	0.434	0.422	0.414	0.404	0.397	0.389	0.355	0.354	0.34	0.331	0.331	0.259	0.276	0.263	0.221	0.238	0.235	
1	1	1	1	1	1	1	1	1	1	1	1	1	1	1	1	1	1	1	1	1	1	1	1	1	1	1	1	1	1	1	1	1	1	1	1	1	1	0.998	1	0.999	0.999	0.999	0.999	0.999	0.999	0.998	0.998	0.998	0.997	0.996	0.999	0.994	0.998	0.996	0.991	0.987	0.989	0.985	0.986	0.982	0.977	0.98	0.976	0.968	0.966	0.978	0.964	0.964	0.961	0.959	0.95	0.953	0.939	0.948	0.961	0.945	0.935	0.938	0.923	0.937	0.91	0.921	0.928	0.921	0.923	0.911	0.901	0.913	0.884	0.885	0.884	0.883	0.89	0.882	0.882	0.875	0.874	0.858	0.841	
0.886	0.869	0.83	0.817	0.79	0.77	0.745	0.728	0.692	0.665	0.658	0.642	0.575	0.595	0.553	0.521	0.497	0.477	0.473	0.429	0.447	0.371	0.401	0.4	0.359	0.365	0.305	0.286	0.307	0.277	0.272	0.263	0.242	0.233	0.24	0.186	0.183	0.201	0.192	0.188	0.158	0.148	0.143	0.123	0.116	0.121	0.099	0.09	0.097	0.093	0.09	0.108	0.079	0.067	0.078	0.074	0.071	0.054	0.054	0.06	0.056	0.049	0.052	0.045	0.042	0.034	0.046	0.027	0.032	0.031	0.028	0.027	0.027	0.027	0.013	0.022	0.021	0.016	0.021	0.016	0.006	0.015	0.016	0.011	0.006	0.008	0.011	0.007	0.007	0.007	0.002	0.006	0.005	0.001	0.001	0.003	0.005	0.002	0.002	0.001	
0.584	0.573	0.543	0.483	0.478	0.437	0.409	0.399	0.337	0.343	0.319	0.319	0.319	0.279	0.241	0.279	0.265	0.23	0.22	0.206	0.181	0.179	0.178	0.176	0.18	0.156	0.148	0.143	0.13	0.127	0.101	0.113	0.117	0.116	0.092	0.09	0.112	0.097	0.087	0.088	0.078	0.074	0.069	0.06	0.073	0.09	0.081	0.065	0.063	0.061	0.068	0.068	0.065	0.056	0.075	0.058	0.074	0.059	0.043	0.058	0.059	0.051	0.044	0.05	0.042	0.047	0.036	0.032	0.028	0.042	0.033	0.035	0.038	0.034	0.034	0.038	0.032	0.026	0.021	0.025	0.021	0.019	0.024	0.017	0.017	0.014	0.01	0.014	0.017	0.011	0.012	0.007	0.005	0.006	0.005	0.002	0.006	0.006	0.005	0.003	
1	1	1	1	1	1	1	1	1	1	1	1	1	1	1	1	1	1	1	1	1	0.999	1	1	1	0.998	0.998	1	0.999	0.997	0.998	0.999	0.999	0.998	0.997	0.996	0.997	0.991	0.992	0.986	0.989	0.983	0.981	0.98	0.973	0.97	0.97	0.961	0.931	0.935	0.933	0.922	0.907	0.918	0.919	0.887	0.881	0.855	0.872	0.834	0.848	0.829	0.812	0.773	0.769	0.764	0.744	0.739	0.7	0.718	0.697	0.659	0.653	0.642	0.621	0.631	0.569	0.565	0.546	0.512	0.505	0.473	0.469	0.439	0.449	0.422	0.379	0.361	0.348	0.337	0.338	0.319	0.314	0.289	0.257	0.256	0.222	0.255	0.231	0.235	
1	1	1	1	1	1	1	1	0.999	1	1	1	1	1	1	1	0.998	0.998	0.997	0.994	0.996	0.993	0.988	0.992	0.99	0.987	0.98	0.988	0.969	0.97	0.967	0.958	0.952	0.954	0.942	0.935	0.92	0.914	0.896	0.881	0.885	0.873	0.85	0.826	0.803	0.817	0.797	0.78	0.757	0.757	0.715	0.687	0.68	0.665	0.666	0.65	0.645	0.589	0.559	0.586	0.563	0.555	0.547	0.531	0.463	0.475	0.463	0.462	0.433	0.405	0.386	0.433	0.387	0.391	0.4	0.384	0.324	0.353	0.315	0.32	0.323	0.3	0.289	0.296	0.287	0.325	0.278	0.277	0.269	0.265	0.251	0.256	0.246	0.233	0.236	0.253	0.242	0.26	0.226	0.26	
0.7	0.659	0.617	0.586	0.554	0.524	0.537	0.508	0.486	0.452	0.458	0.442	0.447	0.423	0.464	0.417	0.407	0.455	0.423	0.413	0.437	0.416	0.427	0.446	0.432	0.447	0.415	0.464	0.448	0.447	0.48	0.487	0.456	0.511	0.509	0.477	0.514	0.526	0.497	0.534	0.566	0.531	0.541	0.545	0.536	0.576	0.563	0.578	0.579	0.59	0.585	0.557	0.556	0.558	0.566	0.578	0.579	0.596	0.562	0.563	0.563	0.551	0.534	0.538	0.521	0.555	0.542	0.543	0.515	0.505	0.506	0.511	0.49	0.503	0.45	0.497	0.5	0.463	0.472	0.453	0.444	0.437	0.462	0.414	0.427	0.404	0.391	0.383	0.385	0.361	0.347	0.359	0.317	0.303	0.307	0.291	0.254	0.261	0.266	0.25	
1	1	1	1	1	1	1	1	1	1	1	1	1	1	1	1	1	1	0.998	0.999	0.999	0.996	0.998	0.992	0.988	0.985	0.983	0.975	0.966	0.933	0.916	0.904	0.886	0.85	0.829	0.785	0.75	0.707	0.666	0.645	0.591	0.554	0.515	0.467	0.423	0.378	0.346	0.313	0.272	0.25	0.225	0.15	0.168	0.134	0.121	0.112	0.074	0.068	0.069	0.044	0.036	0.033	0.021	0.016	0.02	0.023	0.009	0.01	0.009	0.01	0.008	0.001	0.004	0.004	0.005	0.003	0.003	0.001	0.001	0	0.004	0.001	0.001	0	0	0	0	0.001	0	0	0	0	0	0	0.001	0	0	0	0	0	
1	1	1	1	1	1	1	1	1	1	1	1	1	1	0.999	1	1	1	0.999	1	1	0.998	0.998	0.997	0.991	0.991	0.99	0.985	0.984	0.979	0.97	0.962	0.96	0.951	0.942	0.935	0.938	0.915	0.922	0.912	0.9	0.891	0.884	0.881	0.87	0.846	0.845	0.836	0.823	0.814	0.815	0.815	0.783	0.771	0.786	0.809	0.772	0.756	0.77	0.76	0.733	0.737	0.722	0.732	0.689	0.701	0.688	0.68	0.668	0.649	0.652	0.662	0.627	0.612	0.656	0.598	0.622	0.61	0.617	0.581	0.563	0.56	0.57	0.575	0.529	0.522	0.529	0.529	0.508	0.474	0.472	0.459	0.438	0.429	0.397	0.366	0.392	0.379	0.361	0.313	
1	1	1	1	1	1	1	1	1	1	1	1	0.999	1	0.998	0.998	0.997	0.995	0.993	0.989	0.984	0.986	0.984	0.981	0.96	0.953	0.956	0.948	0.931	0.921	0.907	0.892	0.859	0.828	0.824	0.79	0.767	0.709	0.721	0.675	0.655	0.626	0.609	0.614	0.59	0.54	0.51	0.47	0.476	0.468	0.454	0.406	0.388	0.378	0.364	0.346	0.324	0.344	0.292	0.295	0.24	0.266	0.249	0.266	0.247	0.198	0.22	0.169	0.169	0.18	0.15	0.153	0.147	0.158	0.146	0.135	0.119	0.107	0.116	0.085	0.099	0.102	0.076	0.075	0.083	0.069	0.069	0.058	0.069	0.058	0.041	0.061	0.046	0.046	0.043	0.03	0.031	0.033	0.033	0.023	
1	1	1	1	1	1	1	0.999	1	0.999	0.996	0.996	0.992	0.989	0.982	0.959	0.962	0.953	0.924	0.911	0.92	0.903	0.874	0.849	0.829	0.831	0.804	0.825	0.763	0.752	0.734	0.703	0.679	0.679	0.663	0.628	0.64	0.585	0.598	0.57	0.585	0.551	0.545	0.487	0.491	0.469	0.469	0.458	0.415	0.38	0.427	0.373	0.364	0.364	0.342	0.33	0.315	0.269	0.307	0.29	0.288	0.257	0.263	0.228	0.235	0.24	0.205	0.209	0.184	0.205	0.19	0.192	0.193	0.188	0.159	0.166	0.124	0.148	0.15	0.149	0.136	0.138	0.162	0.142	0.158	0.143	0.169	0.163	0.149	0.151	0.157	0.164	0.145	0.169	0.173	0.156	0.147	0.175	0.151	0.171	
0.826	0.789	0.738	0.729	0.674	0.653	0.626	0.576	0.574	0.536	0.493	0.488	0.418	0.418	0.409	0.377	0.349	0.314	0.296	0.293	0.285	0.219	0.237	0.21	0.198	0.192	0.18	0.18	0.156	0.157	0.16	0.12	0.136	0.116	0.104	0.104	0.083	0.088	0.059	0.064	0.081	0.057	0.067	0.052	0.051	0.046	0.03	0.039	0.047	0.024	0.045	0.033	0.033	0.035	0.031	0.031	0.021	0.02	0.028	0.021	0.018	0.027	0.021	0.024	0.03	0.022	0.033	0.018	0.017	0.016	0.019	0.018	0.019	0.024	0.024	0.018	0.029	0.022	0.019	0.02	0.017	0.037	0.031	0.031	0.023	0.03	0.018	0.041	0.025	0.028	0.026	0.038	0.044	0.044	0.039	0.037	0.044	0.051	0.05	0.051	
0.951	0.941	0.941	0.916	0.913	0.91	0.892	0.896	0.86	0.863	0.822	0.828	0.826	0.799	0.806	0.783	0.753	0.765	0.717	0.723	0.675	0.695	0.663	0.649	0.616	0.6	0.565	0.58	0.561	0.527	0.513	0.505	0.49	0.485	0.437	0.43	0.399	0.418	0.425	0.362	0.324	0.356	0.35	0.327	0.295	0.283	0.274	0.243	0.258	0.257	0.212	0.21	0.21	0.2	0.176	0.178	0.163	0.158	0.127	0.133	0.135	0.117	0.106	0.108	0.093	0.078	0.089	0.081	0.082	0.085	0.068	0.064	0.074	0.069	0.061	0.055	0.046	0.058	0.048	0.031	0.045	0.038	0.041	0.043	0.036	0.033	0.04	0.023	0.032	0.031	0.031	0.032	0.031	0.024	0.024	0.027	0.025	0.033	0.019	0.026	
1	1	1	1	1	1	1	1	1	1	1	1	1	1	1	1	1	1	1	1	1	1	1	1	1	1	1	0.999	0.997	0.999	0.999	0.998	0.995	0.993	0.997	0.986	0.99	0.99	0.981	0.979	0.979	0.974	0.975	0.974	0.97	0.965	0.968	0.958	0.949	0.948	0.951	0.931	0.93	0.938	0.929	0.937	0.915	0.9	0.893	0.902	0.895	0.867	0.88	0.859	0.852	0.847	0.849	0.848	0.822	0.85	0.823	0.842	0.816	0.797	0.791	0.779	0.763	0.766	0.788	0.761	0.759	0.747	0.765	0.74	0.747	0.714	0.716	0.704	0.712	0.712	0.701	0.708	0.69	0.672	0.682	0.697	0.694	0.691	0.684	0.692	
1	1	1	1	1	0.999	0.999	0.999	1	1	0.997	0.997	0.996	0.991	0.994	0.993	0.99	0.991	0.993	0.989	0.987	0.985	0.982	0.975	0.984	0.978	0.978	0.963	0.969	0.964	0.956	0.963	0.948	0.946	0.948	0.94	0.936	0.93	0.933	0.942	0.921	0.932	0.917	0.926	0.915	0.905	0.904	0.899	0.879	0.894	0.907	0.892	0.869	0.855	0.875	0.85	0.852	0.833	0.809	0.795	0.814	0.782	0.818	0.802	0.774	0.776	0.77	0.758	0.759	0.746	0.733	0.727	0.721	0.703	0.689	0.663	0.661	0.659	0.627	0.653	0.62	0.616	0.618	0.56	0.597	0.563	0.513	0.541	0.525	0.462	0.497	0.46	0.448	0.401	0.375	0.381	0.357	0.367	0.346	0.312	
1	1	1	1	1	1	1	1	1	1	1	1	1	1	1	1	1	1	1	1	1	1	1	1	1	0.999	1	1	0.999	0.999	0.997	0.999	0.999	0.997	0.993	0.993	0.993	0.992	0.987	0.983	0.982	0.975	0.969	0.956	0.956	0.946	0.928	0.933	0.931	0.905	0.904	0.888	0.882	0.87	0.865	0.823	0.842	0.815	0.798	0.758	0.747	0.759	0.762	0.72	0.71	0.709	0.691	0.683	0.677	0.653	0.647	0.638	0.592	0.601	0.601	0.571	0.561	0.572	0.6	0.567	0.52	0.574	0.541	0.559	0.521	0.522	0.527	0.531	0.524	0.51	0.544	0.52	0.476	0.522	0.517	0.51	0.504	0.511	0.503	0.503	
1	1	1	1	1	1	1	1	1	1	1	1	1	1	0.998	0.999	0.996	0.999	0.997	0.992	0.992	0.992	0.992	0.986	0.981	0.974	0.976	0.957	0.959	0.943	0.934	0.908	0.895	0.887	0.861	0.825	0.806	0.769	0.733	0.734	0.68	0.664	0.652	0.615	0.547	0.532	0.489	0.489	0.451	0.422	0.42	0.389	0.363	0.326	0.331	0.285	0.294	0.278	0.277	0.233	0.208	0.223	0.207	0.186	0.183	0.148	0.148	0.138	0.13	0.12	0.102	0.115	0.113	0.108	0.076	0.086	0.087	0.077	0.066	0.065	0.044	0.059	0.048	0.033	0.045	0.034	0.032	0.027	0.03	0.029	0.015	0.02	0.016	0.016	0.018	0.013	0.018	0.008	0.013	0.008	
1	1	1	1	1	1	1	1	1	1	1	1	1	1	1	1	1	1	1	1	1	1	1	1	1	1	1	1	1	0.999	1	0.997	0.999	0.995	0.996	0.995	0.994	0.987	0.981	0.987	0.986	0.984	0.98	0.983	0.974	0.972	0.952	0.947	0.946	0.937	0.916	0.922	0.893	0.862	0.846	0.858	0.828	0.795	0.802	0.77	0.762	0.733	0.707	0.665	0.679	0.649	0.611	0.574	0.564	0.536	0.528	0.484	0.457	0.422	0.372	0.368	0.383	0.327	0.336	0.319	0.277	0.272	0.237	0.238	0.221	0.204	0.173	0.168	0.157	0.117	0.126	0.118	0.106	0.087	0.069	0.072	0.059	0.051	0.058	0.041	
1	1	1	1	1	1	1	1	1	1	1	1	1	1	1	1	1	1	1	1	1	1	0.998	0.999	0.998	0.998	0.996	0.995	0.994	0.986	0.987	0.982	0.973	0.97	0.963	0.96	0.948	0.928	0.906	0.882	0.87	0.854	0.847	0.792	0.806	0.75	0.716	0.706	0.682	0.635	0.632	0.591	0.557	0.52	0.466	0.466	0.415	0.405	0.392	0.34	0.309	0.316	0.268	0.244	0.181	0.181	0.185	0.149	0.134	0.127	0.096	0.086	0.074	0.074	0.052	0.052	0.042	0.042	0.027	0.031	0.037	0.019	0.028	0.019	0.011	0.01	0.017	0.008	0.012	0.012	0.007	0.01	0.01	0.007	0.012	0.006	0.005	0.009	0.01	0.005	
1	1	1	1	1	1	1	1	1	1	1	1	1	1	1	1	1	1	0.997	0.998	0.999	0.994	0.995	0.991	0.991	0.986	0.979	0.975	0.978	0.961	0.95	0.951	0.939	0.925	0.917	0.92	0.893	0.894	0.893	0.864	0.865	0.83	0.82	0.794	0.796	0.77	0.747	0.725	0.694	0.64	0.644	0.623	0.619	0.592	0.599	0.563	0.554	0.544	0.532	0.475	0.464	0.454	0.453	0.385	0.39	0.391	0.373	0.353	0.354	0.315	0.328	0.292	0.294	0.294	0.255	0.256	0.247	0.23	0.251	0.22	0.199	0.193	0.177	0.18	0.158	0.15	0.147	0.122	0.138	0.112	0.102	0.096	0.112	0.083	0.081	0.077	0.068	0.075	0.066	0.058	
0.971	0.953	0.95	0.946	0.936	0.929	0.914	0.895	0.915	0.918	0.879	0.898	0.885	0.864	0.857	0.902	0.86	0.857	0.87	0.861	0.863	0.851	0.844	0.835	0.835	0.841	0.837	0.856	0.815	0.828	0.828	0.835	0.805	0.822	0.817	0.786	0.799	0.797	0.772	0.774	0.753	0.735	0.724	0.726	0.708	0.725	0.684	0.674	0.666	0.662	0.661	0.637	0.627	0.597	0.574	0.562	0.561	0.541	0.523	0.531	0.495	0.495	0.467	0.455	0.419	0.413	0.39	0.37	0.38	0.325	0.328	0.303	0.299	0.271	0.255	0.249	0.232	0.221	0.193	0.186	0.178	0.2	0.148	0.132	0.139	0.096	0.097	0.075	0.083	0.075	0.064	0.056	0.041	0.049	0.039	0.021	0.019	0.026	0.025	0.014	
1	1	1	1	1	1	1	1	1	1	1	1	1	1	1	1	1	1	1	1	1	1	1	1	1	1	1	1	1	1	1	1	1	1	1	1	1	1	1	1	1	0.999	1	0.999	1	1	0.999	1	1	1	1	0.999	1	1	0.998	0.999	1	1	1	0.999	0.998	0.999	0.996	0.999	0.998	0.999	0.997	0.997	0.994	0.996	0.995	0.997	0.991	0.988	0.992	0.987	0.991	0.986	0.985	0.985	0.985	0.979	0.98	0.967	0.964	0.963	0.966	0.964	0.956	0.943	0.931	0.927	0.926	0.927	0.925	0.92	0.92	0.9	0.895	0.862	
