1	1	1	1	1	1	1	1	1	1	1	1	1	1	1	1	1	1	1	1	1	1	1	1	1	1	1	1	0.999	1	1	1	1	0.999	0.996	0.995	0.997	0.997	0.995	0.994	0.989	0.99	0.987	0.975	0.977	0.965	0.962	0.967	0.956	0.956	0.936	0.933	0.92	0.905	0.892	0.87	0.873	0.863	0.839	0.811	0.812	0.794	0.765	0.731	0.722	0.694	0.662	0.621	0.629	0.594	0.572	0.535	0.541	0.506	0.442	0.449	0.395	0.388	0.365	0.329	0.325	0.292	0.25	0.254	0.212	0.206	0.174	0.157	0.15	0.129	0.112	0.083	0.092	0.081	0.09	0.038	0.059	0.047	0.059	0.036	
1	1	1	1	1	1	1	1	1	1	1	1	1	1	1	1	1	1	1	1	1	1	1	1	1	1	1	1	1	1	1	1	1	1	1	1	0.999	1	0.998	0.998	0.998	0.999	0.997	0.999	0.999	0.995	0.993	0.993	0.992	0.988	0.981	0.975	0.978	0.971	0.973	0.958	0.96	0.96	0.942	0.954	0.921	0.897	0.893	0.891	0.855	0.854	0.833	0.83	0.799	0.774	0.761	0.728	0.7	0.67	0.672	0.64	0.633	0.593	0.571	0.519	0.528	0.475	0.468	0.423	0.417	0.39	0.349	0.343	0.339	0.311	0.28	0.251	0.23	0.224	0.206	0.184	0.165	0.149	0.143	0.126	
1	1	1	1	1	1	1	1	1	1	1	1	1	1	1	1	1	1	1	1	1	1	1	1	1	1	1	1	1	1	1	1	1	1	1	1	1	1	1	1	1	1	1	1	0.999	0.999	0.998	0.999	1	1	1	0.998	0.996	0.994	0.994	0.994	0.993	0.99	0.992	0.994	0.988	0.988	0.982	0.982	0.979	0.985	0.974	0.974	0.972	0.973	0.972	0.969	0.964	0.967	0.951	0.955	0.941	0.937	0.935	0.934	0.942	0.916	0.898	0.91	0.916	0.899	0.898	0.893	0.898	0.881	0.869	0.86	0.867	0.896	0.863	0.841	0.828	0.848	0.823	0.841	
1	0.999	1	0.998	0.999	0.999	0.997	0.995	0.996	0.996	0.992	0.99	0.986	0.975	0.973	0.976	0.956	0.955	0.943	0.93	0.923	0.92	0.892	0.873	0.873	0.841	0.843	0.824	0.79	0.803	0.745	0.747	0.741	0.711	0.685	0.662	0.622	0.612	0.588	0.581	0.516	0.536	0.52	0.469	0.435	0.427	0.434	0.42	0.4	0.376	0.346	0.332	0.3	0.314	0.266	0.28	0.25	0.226	0.225	0.209	0.173	0.161	0.168	0.183	0.162	0.148	0.152	0.099	0.106	0.107	0.103	0.089	0.089	0.06	0.079	0.055	0.071	0.057	0.06	0.045	0.045	0.046	0.035	0.036	0.033	0.021	0.033	0.018	0.017	0.017	0.014	0.012	0.005	0.011	0.009	0.008	0.007	0.006	0.005	0.003	
0.732	0.714	0.718	0.716	0.717	0.723	0.697	0.72	0.716	0.73	0.706	0.695	0.698	0.682	0.697	0.674	0.652	0.666	0.673	0.641	0.661	0.638	0.606	0.619	0.616	0.617	0.583	0.62	0.59	0.586	0.616	0.596	0.593	0.581	0.55	0.544	0.546	0.556	0.529	0.529	0.523	0.512	0.532	0.498	0.485	0.508	0.471	0.448	0.428	0.445	0.459	0.446	0.427	0.408	0.425	0.412	0.418	0.373	0.376	0.373	0.345	0.344	0.358	0.344	0.319	0.332	0.305	0.298	0.324	0.277	0.281	0.244	0.278	0.266	0.234	0.243	0.246	0.243	0.243	0.226	0.234	0.202	0.225	0.19	0.196	0.188	0.182	0.169	0.182	0.173	0.183	0.167	0.142	0.158	0.16	0.15	0.136	0.127	0.132	0.146	
0.807	0.807	0.788	0.79	0.766	0.766	0.763	0.747	0.728	0.708	0.704	0.69	0.7	0.673	0.649	0.64	0.616	0.605	0.574	0.606	0.568	0.564	0.54	0.507	0.51	0.47	0.465	0.451	0.432	0.434	0.392	0.371	0.345	0.343	0.316	0.292	0.285	0.294	0.281	0.213	0.235	0.219	0.207	0.19	0.19	0.164	0.142	0.158	0.131	0.124	0.113	0.133	0.113	0.117	0.088	0.091	0.087	0.095	0.077	0.073	0.062	0.081	0.065	0.074	0.076	0.052	0.055	0.051	0.046	0.049	0.056	0.053	0.056	0.056	0.05	0.039	0.048	0.044	0.043	0.049	0.046	0.035	0.041	0.033	0.036	0.037	0.038	0.051	0.044	0.035	0.042	0.035	0.044	0.049	0.054	0.056	0.037	0.054	0.056	0.051	
0.921	0.902	0.904	0.874	0.851	0.848	0.829	0.778	0.774	0.764	0.721	0.716	0.701	0.655	0.618	0.624	0.591	0.549	0.542	0.498	0.475	0.448	0.442	0.41	0.384	0.367	0.353	0.343	0.308	0.266	0.287	0.258	0.254	0.222	0.226	0.202	0.189	0.168	0.171	0.17	0.133	0.135	0.141	0.122	0.108	0.11	0.107	0.092	0.095	0.096	0.078	0.079	0.065	0.077	0.06	0.055	0.052	0.048	0.045	0.039	0.044	0.043	0.034	0.037	0.039	0.028	0.032	0.027	0.03	0.028	0.016	0.027	0.015	0.028	0.017	0.02	0.008	0.014	0.023	0.007	0.016	0.006	0.012	0.008	0.01	0.008	0.007	0.006	0.004	0.001	0.01	0.005	0.002	0.005	0.005	0.002	0.002	0.001	0.001	0.002	
1	1	1	1	1	1	1	1	1	1	1	1	1	1	1	1	1	1	1	1	1	1	1	0.999	1	1	1	0.999	1	1	0.999	1	0.999	1	1	1	0.999	0.996	1	0.995	0.998	0.998	0.998	0.998	0.997	0.997	0.998	0.994	0.999	0.996	0.997	0.998	0.997	0.996	0.997	0.997	0.993	0.995	0.992	0.994	0.991	0.992	0.991	0.986	0.989	0.996	0.988	0.988	0.981	0.981	0.983	0.979	0.981	0.977	0.967	0.967	0.97	0.983	0.962	0.966	0.949	0.948	0.954	0.951	0.939	0.931	0.925	0.924	0.923	0.905	0.906	0.89	0.9	0.893	0.894	0.87	0.87	0.84	0.836	0.815	
0.991	0.979	0.964	0.959	0.936	0.914	0.878	0.879	0.838	0.801	0.772	0.728	0.707	0.654	0.638	0.637	0.566	0.514	0.543	0.468	0.444	0.442	0.408	0.387	0.35	0.352	0.287	0.31	0.269	0.254	0.223	0.209	0.2	0.18	0.172	0.154	0.135	0.159	0.115	0.111	0.106	0.096	0.101	0.084	0.065	0.07	0.055	0.057	0.047	0.047	0.029	0.034	0.034	0.027	0.018	0.021	0.018	0.02	0.023	0.015	0.014	0.017	0.01	0.014	0.007	0.008	0.009	0.008	0.007	0.008	0.007	0.008	0.005	0.001	0.007	0.007	0.002	0.008	0.001	0.006	0.002	0.002	0.002	0.001	0.006	0.002	0	0.001	0.001	0	0.001	0.001	0	0.001	0	0.001	0	0	0	0	
1	1	1	1	1	1	1	1	1	1	1	1	0.999	0.999	0.999	0.998	0.998	0.999	0.996	0.992	0.991	0.99	0.986	0.986	0.972	0.98	0.966	0.961	0.963	0.951	0.92	0.93	0.925	0.913	0.905	0.876	0.874	0.855	0.832	0.826	0.831	0.782	0.769	0.767	0.724	0.726	0.701	0.669	0.661	0.644	0.623	0.597	0.588	0.564	0.535	0.504	0.516	0.485	0.47	0.466	0.443	0.426	0.39	0.363	0.368	0.358	0.363	0.334	0.319	0.316	0.298	0.259	0.285	0.255	0.281	0.241	0.247	0.24	0.225	0.227	0.215	0.241	0.205	0.211	0.232	0.21	0.228	0.204	0.236	0.204	0.213	0.214	0.187	0.207	0.202	0.204	0.197	0.202	0.214	0.238	
1	0.995	0.996	0.994	0.996	0.994	0.996	0.997	0.993	0.989	0.99	0.984	0.97	0.971	0.957	0.939	0.921	0.918	0.916	0.876	0.871	0.836	0.843	0.81	0.77	0.774	0.744	0.711	0.67	0.633	0.626	0.591	0.562	0.55	0.543	0.507	0.486	0.472	0.422	0.428	0.373	0.342	0.35	0.323	0.288	0.303	0.27	0.245	0.226	0.197	0.207	0.181	0.171	0.155	0.15	0.138	0.149	0.109	0.115	0.083	0.106	0.089	0.067	0.069	0.082	0.074	0.07	0.063	0.055	0.046	0.049	0.037	0.035	0.034	0.025	0.041	0.028	0.02	0.021	0.026	0.016	0.011	0.019	0.023	0.007	0.018	0.008	0.012	0.011	0.006	0.007	0.006	0.003	0.006	0.002	0.002	0	0.003	0.001	0.001	
1	1	1	1	1	1	1	1	1	1	1	1	1	1	1	1	1	1	1	1	1	0.998	0.998	0.998	0.999	0.999	0.997	0.993	0.996	0.992	0.986	0.981	0.979	0.972	0.98	0.949	0.951	0.949	0.933	0.932	0.905	0.901	0.889	0.858	0.834	0.85	0.813	0.786	0.778	0.756	0.716	0.724	0.715	0.665	0.657	0.629	0.63	0.565	0.569	0.551	0.522	0.48	0.464	0.444	0.382	0.386	0.364	0.343	0.341	0.317	0.297	0.277	0.22	0.206	0.191	0.151	0.157	0.16	0.143	0.106	0.093	0.085	0.088	0.059	0.069	0.055	0.029	0.026	0.037	0.027	0.021	0.025	0.014	0.017	0.008	0.003	0.01	0.005	0.004	0.003	
1	1	1	1	0.999	1	0.999	1	1	0.999	0.999	1	0.999	0.994	0.991	0.994	0.993	0.993	0.982	0.974	0.971	0.959	0.96	0.958	0.939	0.918	0.918	0.899	0.881	0.868	0.845	0.815	0.777	0.754	0.746	0.728	0.713	0.68	0.615	0.642	0.605	0.583	0.586	0.544	0.531	0.493	0.464	0.48	0.422	0.406	0.39	0.349	0.361	0.321	0.297	0.29	0.299	0.258	0.242	0.225	0.196	0.192	0.164	0.179	0.146	0.143	0.126	0.111	0.101	0.094	0.086	0.065	0.08	0.067	0.066	0.051	0.037	0.035	0.045	0.033	0.025	0.017	0.024	0.023	0.014	0.017	0.011	0.01	0.006	0.008	0.003	0.001	0.003	0.004	0.005	0.006	0	0	0	0.002	
1	1	1	1	1	1	1	1	1	1	1	1	1	1	1	1	1	1	1	1	1	1	1	1	0.999	1	1	1	1	1	1	1	0.999	0.999	0.999	0.998	1	0.999	0.997	0.997	0.996	0.993	0.994	0.993	0.993	0.986	0.991	0.985	0.988	0.978	0.978	0.964	0.963	0.959	0.95	0.94	0.94	0.922	0.931	0.906	0.884	0.884	0.843	0.846	0.813	0.834	0.782	0.757	0.729	0.739	0.725	0.684	0.683	0.653	0.586	0.581	0.574	0.541	0.499	0.472	0.422	0.425	0.389	0.377	0.318	0.32	0.3	0.26	0.251	0.218	0.199	0.194	0.171	0.172	0.127	0.093	0.111	0.093	0.09	0.077	
1	1	1	1	1	1	1	1	1	1	1	1	1	1	1	1	1	1	1	1	1	1	1	1	1	1	1	1	1	1	1	0.999	0.998	0.999	0.997	0.998	0.996	0.993	0.995	0.991	0.987	0.986	0.98	0.982	0.969	0.964	0.96	0.953	0.953	0.936	0.924	0.912	0.903	0.893	0.861	0.874	0.847	0.832	0.795	0.77	0.764	0.736	0.713	0.712	0.664	0.674	0.616	0.604	0.56	0.523	0.528	0.509	0.444	0.429	0.434	0.393	0.345	0.318	0.346	0.259	0.249	0.227	0.193	0.194	0.168	0.142	0.105	0.101	0.093	0.073	0.077	0.064	0.054	0.043	0.02	0.029	0.021	0.016	0.011	0.005	
0.945	0.913	0.918	0.917	0.924	0.893	0.872	0.865	0.833	0.838	0.815	0.793	0.784	0.791	0.739	0.728	0.731	0.728	0.684	0.699	0.676	0.649	0.627	0.626	0.631	0.594	0.582	0.589	0.534	0.558	0.502	0.524	0.455	0.494	0.454	0.435	0.447	0.402	0.391	0.391	0.379	0.357	0.327	0.304	0.27	0.279	0.232	0.244	0.209	0.221	0.213	0.209	0.189	0.168	0.163	0.131	0.155	0.144	0.103	0.109	0.09	0.084	0.088	0.06	0.066	0.079	0.06	0.06	0.057	0.048	0.033	0.043	0.032	0.034	0.034	0.032	0.023	0.026	0.031	0.024	0.023	0.022	0.028	0.029	0.025	0.02	0.018	0.029	0.024	0.021	0.022	0.028	0.024	0.029	0.015	0.028	0.028	0.029	0.029	0.036	
1	1	1	1	1	1	1	1	1	1	1	1	1	1	1	1	1	1	1	1	1	1	1	1	1	1	1	1	1	1	1	1	1	1	1	1	1	1	1	1	0.999	0.999	1	1	0.996	1	0.997	1	0.997	0.991	0.994	0.997	0.993	0.992	0.993	0.989	0.983	0.979	0.984	0.978	0.964	0.973	0.966	0.966	0.953	0.947	0.966	0.943	0.935	0.924	0.918	0.9	0.922	0.89	0.888	0.895	0.882	0.861	0.857	0.857	0.845	0.798	0.83	0.809	0.814	0.811	0.769	0.774	0.729	0.77	0.742	0.747	0.706	0.719	0.698	0.686	0.676	0.667	0.633	0.635	
1	1	1	1	1	1	0.999	0.999	0.996	0.998	0.997	0.997	0.997	0.989	0.995	0.993	0.976	0.98	0.968	0.969	0.966	0.947	0.947	0.935	0.931	0.912	0.921	0.897	0.888	0.881	0.869	0.857	0.847	0.827	0.805	0.804	0.785	0.793	0.75	0.727	0.737	0.725	0.696	0.688	0.663	0.68	0.652	0.635	0.632	0.598	0.575	0.565	0.564	0.565	0.511	0.546	0.522	0.523	0.475	0.498	0.482	0.51	0.433	0.438	0.442	0.42	0.421	0.44	0.407	0.421	0.399	0.388	0.373	0.381	0.395	0.365	0.355	0.38	0.332	0.36	0.35	0.342	0.313	0.321	0.306	0.328	0.337	0.319	0.323	0.286	0.294	0.291	0.304	0.287	0.283	0.285	0.297	0.287	0.302	0.33	
0.848	0.781	0.773	0.733	0.683	0.647	0.594	0.56	0.546	0.464	0.466	0.401	0.377	0.334	0.289	0.298	0.257	0.245	0.203	0.206	0.162	0.152	0.125	0.108	0.091	0.09	0.071	0.06	0.046	0.035	0.037	0.026	0.029	0.013	0.01	0.009	0.007	0.008	0.003	0.006	0.002	0.002	0	0.002	0.001	0	0	0	0	0.001	0	0	0	0	0	0	0	0	0	0	0	0	0	0	0	0	0	0	0.001	0	0	0	0.001	0	0	0	0	0	0	0	0.001	0.001	0	0	0.001	0.001	0.001	0.001	0.003	0.001	0.003	0.003	0	0.003	0.003	0.006	0.001	0.002	0.002	0.006	
0.974	0.959	0.94	0.932	0.921	0.9	0.877	0.854	0.818	0.777	0.79	0.736	0.727	0.701	0.662	0.628	0.634	0.608	0.566	0.581	0.525	0.522	0.519	0.467	0.474	0.462	0.45	0.421	0.417	0.416	0.376	0.341	0.364	0.385	0.356	0.329	0.323	0.298	0.309	0.288	0.278	0.292	0.288	0.261	0.257	0.258	0.239	0.221	0.275	0.219	0.264	0.213	0.213	0.212	0.224	0.196	0.195	0.201	0.193	0.162	0.166	0.194	0.188	0.159	0.152	0.175	0.152	0.156	0.149	0.148	0.166	0.156	0.136	0.142	0.136	0.141	0.12	0.131	0.128	0.129	0.123	0.136	0.136	0.133	0.126	0.12	0.129	0.129	0.12	0.113	0.11	0.142	0.109	0.136	0.113	0.128	0.122	0.125	0.119	0.105	
0.147	0.139	0.143	0.108	0.106	0.1	0.082	0.069	0.059	0.066	0.061	0.068	0.056	0.039	0.05	0.045	0.03	0.026	0.048	0.033	0.026	0.025	0.03	0.024	0.029	0.019	0.018	0.024	0.012	0.026	0.024	0.025	0.022	0.019	0.022	0.032	0.02	0.014	0.013	0.021	0.015	0.007	0.015	0.013	0.017	0.007	0.012	0.011	0.01	0.011	0.013	0.005	0.009	0.009	0.013	0.015	0.009	0.008	0.008	0.002	0.007	0.005	0.004	0.005	0.004	0.005	0.005	0.002	0.004	0.004	0.001	0.001	0.001	0.002	0.001	0	0	0.001	0.002	0	0.002	0.001	0	0	0.001	0	0	0	0	0	0	0	0.001	0	0.001	0	0	0	0	0	
0.998	1	1	0.999	0.996	0.998	0.997	1	0.99	0.997	0.996	0.989	0.995	0.997	0.99	0.988	0.993	0.992	0.987	0.985	0.982	0.977	0.979	0.989	0.983	0.977	0.979	0.975	0.983	0.97	0.97	0.961	0.968	0.973	0.969	0.96	0.953	0.963	0.96	0.964	0.958	0.955	0.96	0.972	0.951	0.945	0.943	0.935	0.941	0.936	0.937	0.927	0.925	0.897	0.909	0.915	0.901	0.896	0.898	0.894	0.879	0.862	0.874	0.834	0.844	0.865	0.837	0.831	0.835	0.814	0.801	0.796	0.779	0.797	0.774	0.775	0.742	0.748	0.727	0.726	0.698	0.684	0.69	0.647	0.638	0.65	0.615	0.633	0.619	0.587	0.594	0.561	0.544	0.553	0.515	0.526	0.484	0.465	0.449	0.462	
1	1	1	1	1	1	1	1	1	1	1	1	1	1	1	1	1	1	1	1	1	1	1	0.999	1	0.999	0.997	0.998	0.997	0.997	0.996	0.997	0.997	0.995	0.987	0.995	0.987	0.985	0.978	0.969	0.97	0.969	0.963	0.955	0.952	0.93	0.943	0.909	0.895	0.887	0.844	0.848	0.832	0.816	0.816	0.774	0.761	0.739	0.683	0.668	0.664	0.639	0.614	0.599	0.575	0.546	0.528	0.507	0.471	0.457	0.397	0.43	0.378	0.373	0.333	0.33	0.31	0.264	0.228	0.254	0.212	0.198	0.199	0.17	0.157	0.147	0.154	0.151	0.12	0.12	0.099	0.11	0.069	0.074	0.063	0.044	0.055	0.048	0.062	0.035	
1	1	1	1	1	1	1	1	1	1	1	1	1	1	1	1	1	1	1	1	1	1	1	1	1	1	1	1	1	1	1	1	1	1	0.998	0.998	0.999	0.997	0.998	0.992	0.992	0.993	0.991	0.99	0.989	0.967	0.971	0.984	0.977	0.967	0.962	0.954	0.945	0.917	0.93	0.928	0.928	0.891	0.88	0.88	0.836	0.82	0.814	0.808	0.764	0.755	0.742	0.701	0.674	0.646	0.618	0.612	0.603	0.566	0.512	0.489	0.49	0.458	0.422	0.411	0.372	0.36	0.331	0.322	0.293	0.26	0.235	0.244	0.215	0.206	0.184	0.17	0.162	0.144	0.12	0.104	0.081	0.067	0.084	0.084	
1	1	1	1	1	1	1	1	1	1	1	1	1	1	1	1	0.999	1	1	0.999	1	0.999	1	0.998	0.999	0.997	0.995	0.996	0.996	0.989	0.995	0.992	0.993	0.992	0.988	0.983	0.987	0.977	0.985	0.953	0.969	0.964	0.974	0.955	0.941	0.945	0.926	0.921	0.941	0.917	0.905	0.889	0.881	0.881	0.875	0.852	0.843	0.847	0.828	0.79	0.779	0.772	0.745	0.743	0.748	0.706	0.718	0.686	0.666	0.628	0.644	0.616	0.615	0.595	0.555	0.567	0.504	0.539	0.53	0.476	0.456	0.45	0.411	0.415	0.393	0.378	0.391	0.347	0.365	0.346	0.315	0.339	0.321	0.291	0.289	0.245	0.274	0.269	0.238	0.255	
1	1	1	1	1	1	1	1	1	1	1	1	1	1	1	1	1	1	1	1	1	1	1	1	1	1	1	0.999	0.998	1	1	0.997	0.998	0.998	0.998	0.995	0.996	0.994	0.99	0.988	0.989	0.989	0.987	0.983	0.975	0.972	0.969	0.96	0.962	0.951	0.95	0.945	0.928	0.93	0.913	0.904	0.898	0.883	0.866	0.866	0.859	0.834	0.816	0.803	0.782	0.772	0.76	0.716	0.707	0.67	0.67	0.654	0.612	0.59	0.613	0.567	0.526	0.521	0.471	0.46	0.46	0.442	0.387	0.363	0.352	0.332	0.315	0.299	0.283	0.248	0.239	0.202	0.206	0.211	0.18	0.15	0.147	0.158	0.124	0.131	
1	0.997	0.994	0.998	0.995	0.98	0.987	0.974	0.975	0.964	0.951	0.941	0.92	0.902	0.899	0.872	0.855	0.847	0.807	0.757	0.764	0.744	0.705	0.661	0.664	0.639	0.616	0.572	0.579	0.539	0.498	0.519	0.48	0.46	0.462	0.417	0.368	0.369	0.375	0.339	0.331	0.295	0.289	0.305	0.281	0.262	0.25	0.221	0.228	0.216	0.2	0.178	0.2	0.173	0.172	0.151	0.16	0.144	0.146	0.135	0.133	0.119	0.096	0.109	0.103	0.113	0.099	0.088	0.091	0.095	0.079	0.085	0.081	0.071	0.057	0.076	0.086	0.07	0.071	0.06	0.061	0.056	0.05	0.067	0.066	0.054	0.052	0.059	0.056	0.047	0.069	0.069	0.055	0.051	0.054	0.063	0.062	0.06	0.069	0.067	
1	1	1	1	1	1	1	1	1	1	1	1	1	1	1	1	1	1	1	1	0.997	1	0.999	0.998	0.997	0.997	0.996	0.993	0.994	0.996	0.991	0.991	0.993	0.992	0.987	0.984	0.98	0.97	0.978	0.965	0.965	0.962	0.953	0.947	0.937	0.923	0.933	0.916	0.914	0.912	0.875	0.868	0.867	0.854	0.834	0.826	0.8	0.796	0.781	0.778	0.752	0.714	0.706	0.713	0.681	0.672	0.636	0.636	0.637	0.58	0.611	0.569	0.551	0.545	0.505	0.504	0.484	0.478	0.465	0.458	0.463	0.448	0.466	0.43	0.419	0.405	0.389	0.387	0.368	0.378	0.351	0.364	0.362	0.379	0.34	0.358	0.357	0.36	0.356	0.339	
1	1	1	1	1	1	1	1	1	1	1	1	0.998	0.998	0.995	0.994	0.992	0.989	0.983	0.977	0.966	0.969	0.956	0.951	0.946	0.921	0.919	0.916	0.899	0.894	0.883	0.861	0.845	0.83	0.833	0.824	0.807	0.807	0.784	0.766	0.763	0.743	0.727	0.716	0.692	0.662	0.655	0.656	0.622	0.587	0.608	0.577	0.539	0.539	0.495	0.465	0.46	0.444	0.419	0.397	0.372	0.345	0.306	0.282	0.274	0.262	0.223	0.221	0.167	0.171	0.152	0.116	0.123	0.116	0.1	0.079	0.066	0.058	0.066	0.043	0.041	0.025	0.035	0.028	0.029	0.015	0.013	0.007	0.005	0.008	0.004	0.006	0.003	0.002	0	0.001	0	0.001	0	0	
0.783	0.765	0.728	0.695	0.735	0.694	0.673	0.656	0.629	0.632	0.601	0.579	0.565	0.565	0.561	0.576	0.545	0.537	0.541	0.526	0.537	0.53	0.487	0.522	0.485	0.492	0.485	0.472	0.477	0.461	0.425	0.48	0.445	0.444	0.45	0.442	0.464	0.454	0.46	0.418	0.468	0.408	0.424	0.414	0.424	0.423	0.412	0.42	0.413	0.428	0.428	0.43	0.431	0.418	0.429	0.413	0.415	0.426	0.413	0.393	0.406	0.399	0.423	0.409	0.418	0.4	0.405	0.38	0.388	0.4	0.431	0.383	0.397	0.394	0.422	0.395	0.412	0.386	0.407	0.379	0.409	0.396	0.391	0.399	0.411	0.389	0.39	0.393	0.364	0.38	0.371	0.417	0.38	0.393	0.41	0.383	0.389	0.399	0.399	0.39	
1	1	1	1	1	1	1	1	1	1	1	1	1	1	1	1	1	1	1	1	1	1	1	1	1	1	1	0.999	0.999	0.999	0.995	0.997	0.994	0.995	0.996	0.996	0.991	0.981	0.986	0.985	0.981	0.978	0.972	0.964	0.966	0.952	0.941	0.938	0.944	0.928	0.919	0.925	0.893	0.888	0.871	0.861	0.846	0.842	0.805	0.819	0.774	0.729	0.739	0.73	0.674	0.675	0.66	0.665	0.62	0.602	0.57	0.561	0.479	0.502	0.458	0.441	0.43	0.402	0.388	0.359	0.322	0.325	0.282	0.253	0.251	0.254	0.235	0.189	0.168	0.163	0.144	0.125	0.131	0.113	0.108	0.098	0.082	0.083	0.067	0.068	
1	1	1	1	1	1	1	1	1	1	0.999	1	0.999	0.994	0.995	0.987	0.991	0.982	0.977	0.975	0.973	0.948	0.936	0.928	0.904	0.897	0.873	0.866	0.838	0.827	0.795	0.752	0.715	0.714	0.685	0.674	0.584	0.593	0.576	0.54	0.543	0.459	0.48	0.437	0.403	0.415	0.388	0.369	0.341	0.325	0.311	0.286	0.273	0.276	0.279	0.28	0.248	0.254	0.228	0.222	0.239	0.18	0.191	0.207	0.177	0.161	0.15	0.181	0.164	0.166	0.144	0.139	0.161	0.143	0.141	0.147	0.148	0.142	0.127	0.141	0.119	0.148	0.121	0.135	0.113	0.116	0.122	0.131	0.126	0.134	0.147	0.124	0.116	0.127	0.134	0.117	0.126	0.139	0.136	0.167	
1	0.998	1	1	0.997	0.999	0.999	0.995	0.995	0.994	0.993	0.988	0.98	0.977	0.97	0.959	0.952	0.931	0.937	0.926	0.897	0.885	0.895	0.844	0.812	0.834	0.808	0.825	0.773	0.752	0.717	0.722	0.675	0.685	0.642	0.603	0.605	0.564	0.568	0.578	0.537	0.506	0.482	0.472	0.442	0.444	0.412	0.398	0.39	0.395	0.383	0.365	0.341	0.363	0.333	0.303	0.315	0.294	0.284	0.261	0.285	0.284	0.265	0.275	0.243	0.219	0.237	0.247	0.21	0.237	0.235	0.192	0.21	0.195	0.194	0.205	0.18	0.185	0.205	0.149	0.166	0.187	0.177	0.17	0.175	0.166	0.166	0.181	0.177	0.178	0.176	0.16	0.167	0.2	0.165	0.174	0.149	0.158	0.18	0.186	
1	1	1	1	1	1	1	1	1	1	1	1	1	1	1	1	1	1	1	1	1	1	0.999	1	0.999	1	1	1	1	0.999	1	1	0.998	0.999	0.996	0.999	0.998	1	0.997	0.991	0.994	0.994	0.994	0.99	0.992	0.99	0.986	0.985	0.985	0.976	0.977	0.969	0.965	0.952	0.955	0.941	0.94	0.934	0.931	0.921	0.919	0.9	0.899	0.889	0.85	0.855	0.848	0.831	0.826	0.801	0.785	0.773	0.767	0.733	0.704	0.683	0.675	0.652	0.648	0.618	0.592	0.566	0.534	0.54	0.5	0.494	0.472	0.445	0.424	0.42	0.407	0.335	0.326	0.316	0.297	0.271	0.261	0.235	0.207	0.234	
1	1	1	1	1	1	1	1	1	1	1	1	1	1	1	1	1	1	1	1	1	1	1	1	1	1	1	1	1	1	1	1	1	1	1	1	1	1	1	1	1	1	1	1	1	1	1	1	1	1	1	1	1	1	1	1	1	1	1	0.998	1	1	1	1	0.999	0.999	1	0.997	1	0.997	0.993	0.996	0.99	0.99	0.989	0.99	0.978	0.98	0.978	0.974	0.979	0.975	0.968	0.961	0.955	0.94	0.95	0.928	0.931	0.921	0.91	0.907	0.892	0.877	0.869	0.891	0.87	0.834	0.829	0.82	
1	1	1	1	1	1	1	1	1	1	1	1	1	1	1	1	0.999	1	1	0.999	0.999	0.997	0.997	0.999	0.998	0.997	0.994	0.997	0.995	0.994	0.994	0.987	0.988	0.981	0.983	0.988	0.982	0.97	0.978	0.963	0.955	0.95	0.958	0.956	0.947	0.949	0.939	0.924	0.92	0.911	0.895	0.901	0.888	0.895	0.873	0.841	0.832	0.829	0.784	0.779	0.774	0.746	0.731	0.718	0.674	0.693	0.659	0.623	0.583	0.575	0.578	0.557	0.521	0.468	0.496	0.477	0.461	0.427	0.407	0.378	0.36	0.327	0.303	0.268	0.275	0.263	0.254	0.236	0.228	0.215	0.205	0.18	0.167	0.16	0.14	0.14	0.105	0.102	0.091	0.095	
0.808	0.773	0.715	0.646	0.641	0.592	0.562	0.518	0.498	0.431	0.401	0.379	0.342	0.31	0.304	0.241	0.234	0.214	0.169	0.175	0.14	0.125	0.111	0.098	0.085	0.084	0.086	0.056	0.055	0.05	0.042	0.037	0.044	0.03	0.025	0.019	0.018	0.017	0.012	0.011	0.012	0.015	0.006	0.007	0.008	0.004	0.006	0.006	0.003	0.002	0.002	0.005	0.006	0.002	0.003	0.001	0.001	0	0.003	0	0	0.002	0.002	0.001	0.001	0	0	0.001	0	0	0	0	0	0.001	0	0	0	0.001	0	0	0	0	0	0	0	0	0	0	0	0.001	0	0	0	0	0	0	0	0	0.001	0	
0.991	0.991	0.984	0.976	0.961	0.955	0.946	0.939	0.923	0.895	0.889	0.867	0.829	0.806	0.784	0.792	0.771	0.751	0.707	0.673	0.661	0.653	0.643	0.607	0.574	0.531	0.527	0.489	0.501	0.452	0.421	0.423	0.376	0.346	0.313	0.309	0.312	0.287	0.278	0.247	0.247	0.218	0.196	0.176	0.183	0.183	0.158	0.14	0.14	0.114	0.118	0.112	0.118	0.099	0.075	0.088	0.078	0.081	0.062	0.058	0.061	0.047	0.041	0.051	0.063	0.043	0.041	0.045	0.039	0.043	0.039	0.037	0.038	0.024	0.041	0.028	0.035	0.033	0.031	0.02	0.027	0.018	0.024	0.022	0.043	0.026	0.038	0.028	0.03	0.03	0.038	0.033	0.025	0.036	0.036	0.036	0.033	0.045	0.057	0.049	
1	1	1	1	1	1	1	1	1	1	1	1	1	1	1	1	1	1	1	1	1	1	1	1	1	1	1	1	1	1	1	1	1	1	1	1	1	1	0.998	1	0.998	0.999	0.995	0.998	0.996	0.997	0.994	0.994	0.996	0.987	0.988	0.989	0.971	0.983	0.967	0.965	0.961	0.957	0.942	0.933	0.93	0.944	0.928	0.911	0.9	0.868	0.868	0.864	0.835	0.794	0.796	0.765	0.773	0.715	0.703	0.67	0.661	0.655	0.624	0.567	0.578	0.523	0.522	0.465	0.452	0.422	0.413	0.383	0.373	0.322	0.289	0.283	0.264	0.247	0.19	0.211	0.209	0.186	0.172	0.138	
1	1	1	1	1	1	1	1	1	1	1	1	1	1	1	1	1	1	1	1	1	1	1	1	1	1	1	1	1	1	1	1	0.999	1	1	1	0.999	1	1	1	1	0.999	0.999	0.999	0.996	0.998	0.996	0.997	0.994	0.993	0.993	0.986	0.991	0.984	0.975	0.979	0.976	0.979	0.972	0.95	0.961	0.953	0.951	0.934	0.939	0.918	0.913	0.892	0.886	0.89	0.861	0.862	0.838	0.811	0.787	0.766	0.785	0.733	0.724	0.698	0.699	0.673	0.586	0.629	0.563	0.555	0.526	0.482	0.491	0.425	0.416	0.422	0.361	0.388	0.351	0.319	0.288	0.262	0.261	0.225	
0.998	0.999	0.999	0.994	0.995	0.996	0.988	0.988	0.981	0.98	0.97	0.975	0.968	0.959	0.959	0.952	0.937	0.928	0.915	0.914	0.898	0.899	0.871	0.874	0.873	0.846	0.855	0.841	0.833	0.816	0.806	0.777	0.82	0.772	0.76	0.765	0.74	0.753	0.721	0.714	0.712	0.705	0.656	0.695	0.646	0.675	0.656	0.651	0.648	0.613	0.619	0.616	0.591	0.565	0.564	0.552	0.529	0.562	0.534	0.531	0.505	0.511	0.531	0.473	0.484	0.479	0.462	0.464	0.462	0.44	0.447	0.419	0.42	0.411	0.443	0.4	0.387	0.395	0.354	0.37	0.341	0.37	0.37	0.373	0.334	0.325	0.339	0.336	0.318	0.297	0.314	0.288	0.279	0.31	0.309	0.317	0.295	0.293	0.279	0.287	
1	1	1	1	1	1	1	1	1	1	1	1	1	1	1	1	1	1	1	1	1	1	1	1	1	0.998	0.999	0.999	1	0.996	0.998	0.993	0.995	0.992	0.994	0.982	0.978	0.982	0.974	0.963	0.965	0.947	0.949	0.938	0.908	0.914	0.9	0.89	0.878	0.859	0.849	0.839	0.799	0.782	0.765	0.756	0.708	0.703	0.69	0.692	0.618	0.573	0.583	0.583	0.535	0.496	0.465	0.481	0.413	0.386	0.432	0.323	0.34	0.31	0.273	0.26	0.2	0.226	0.173	0.183	0.155	0.146	0.121	0.122	0.097	0.078	0.072	0.06	0.059	0.051	0.028	0.028	0.043	0.022	0.027	0.018	0.011	0.016	0.017	0.015	
0.244	0.253	0.233	0.226	0.203	0.201	0.181	0.173	0.168	0.182	0.168	0.154	0.136	0.148	0.129	0.133	0.093	0.099	0.11	0.08	0.093	0.1	0.093	0.077	0.084	0.08	0.067	0.058	0.064	0.055	0.047	0.051	0.041	0.053	0.05	0.026	0.033	0.031	0.033	0.036	0.026	0.024	0.029	0.021	0.025	0.022	0.023	0.022	0.022	0.016	0.016	0.016	0.014	0.016	0.014	0.017	0.016	0.014	0.004	0.006	0.011	0.004	0.009	0.003	0.004	0.003	0.005	0.007	0.005	0.004	0.005	0.005	0.003	0.003	0	0	0	0.004	0.003	0.002	0.001	0.001	0.002	0.002	0.001	0	0.001	0.002	0	0	0	0	0	0	0	0	0	0.001	0	0	
1	1	1	1	1	1	1	1	1	1	1	1	1	1	1	1	1	1	1	1	1	1	1	1	1	1	1	1	1	1	1	1	1	1	1	1	1	1	1	1	1	1	1	1	0.998	0.999	0.997	0.999	0.998	0.996	0.995	0.997	0.993	0.994	0.992	0.992	0.992	0.987	0.992	0.983	0.983	0.98	0.979	0.975	0.973	0.955	0.965	0.966	0.957	0.953	0.959	0.956	0.951	0.941	0.944	0.937	0.934	0.924	0.909	0.918	0.904	0.905	0.905	0.876	0.866	0.868	0.87	0.852	0.839	0.84	0.844	0.819	0.797	0.823	0.804	0.789	0.778	0.772	0.757	0.751	
1	0.999	1	0.996	0.995	0.993	0.985	0.987	0.968	0.96	0.942	0.934	0.906	0.911	0.893	0.878	0.839	0.817	0.824	0.768	0.788	0.729	0.698	0.697	0.681	0.669	0.645	0.582	0.569	0.589	0.55	0.542	0.485	0.469	0.45	0.431	0.435	0.406	0.382	0.34	0.343	0.32	0.294	0.293	0.256	0.258	0.225	0.185	0.206	0.155	0.158	0.168	0.129	0.126	0.106	0.099	0.104	0.078	0.068	0.064	0.069	0.061	0.054	0.036	0.035	0.036	0.041	0.028	0.028	0.028	0.019	0.02	0.018	0.015	0.013	0.015	0.01	0.01	0.008	0.01	0.005	0.006	0.006	0.004	0	0.002	0.004	0.002	0.002	0.002	0.001	0.002	0	0.002	0.001	0.001	0.001	0	0.001	0.002	
0.987	0.982	0.975	0.977	0.973	0.978	0.97	0.971	0.967	0.949	0.962	0.957	0.962	0.965	0.963	0.956	0.972	0.958	0.951	0.95	0.949	0.939	0.946	0.948	0.946	0.954	0.959	0.939	0.94	0.949	0.932	0.945	0.943	0.941	0.944	0.944	0.934	0.948	0.945	0.951	0.944	0.946	0.947	0.944	0.943	0.959	0.949	0.948	0.936	0.942	0.953	0.939	0.934	0.942	0.928	0.938	0.946	0.917	0.928	0.923	0.933	0.919	0.93	0.936	0.928	0.924	0.916	0.901	0.925	0.91	0.911	0.919	0.911	0.912	0.889	0.903	0.896	0.881	0.889	0.887	0.879	0.872	0.856	0.85	0.863	0.845	0.842	0.816	0.813	0.846	0.797	0.804	0.797	0.785	0.774	0.749	0.756	0.779	0.754	0.75	
1	1	1	1	1	1	1	1	0.999	0.999	0.997	0.996	0.997	0.998	0.991	0.992	0.988	0.988	0.978	0.977	0.97	0.973	0.974	0.963	0.964	0.955	0.956	0.934	0.952	0.94	0.925	0.924	0.931	0.913	0.913	0.915	0.916	0.894	0.902	0.882	0.868	0.873	0.852	0.83	0.829	0.838	0.798	0.815	0.773	0.754	0.721	0.705	0.695	0.696	0.665	0.619	0.607	0.587	0.535	0.521	0.541	0.495	0.456	0.431	0.432	0.39	0.355	0.381	0.341	0.305	0.281	0.263	0.245	0.234	0.223	0.205	0.188	0.184	0.171	0.151	0.138	0.13	0.113	0.091	0.099	0.083	0.082	0.07	0.076	0.064	0.058	0.037	0.039	0.037	0.032	0.028	0.033	0.032	0.018	0.023	
0.569	0.567	0.542	0.549	0.552	0.524	0.51	0.496	0.505	0.519	0.514	0.493	0.514	0.468	0.439	0.451	0.435	0.463	0.443	0.425	0.421	0.379	0.366	0.399	0.373	0.371	0.358	0.353	0.354	0.337	0.356	0.341	0.332	0.313	0.324	0.281	0.325	0.29	0.273	0.252	0.278	0.258	0.262	0.237	0.249	0.222	0.221	0.233	0.222	0.223	0.206	0.189	0.176	0.205	0.17	0.163	0.183	0.166	0.148	0.135	0.138	0.138	0.151	0.135	0.131	0.129	0.126	0.139	0.127	0.119	0.114	0.115	0.115	0.087	0.097	0.099	0.092	0.098	0.087	0.076	0.083	0.078	0.065	0.077	0.055	0.079	0.065	0.06	0.063	0.069	0.058	0.062	0.068	0.063	0.057	0.069	0.06	0.061	0.067	0.06	
1	1	1	1	1	1	1	1	1	1	1	1	1	1	1	1	1	1	1	1	1	1	1	0.999	0.999	0.999	0.999	0.999	0.998	0.998	0.997	0.994	0.992	0.993	0.988	0.985	0.979	0.978	0.982	0.967	0.965	0.95	0.947	0.944	0.923	0.936	0.906	0.908	0.883	0.885	0.863	0.852	0.813	0.806	0.798	0.767	0.716	0.719	0.69	0.663	0.609	0.61	0.582	0.549	0.51	0.487	0.42	0.401	0.391	0.367	0.343	0.288	0.242	0.26	0.221	0.182	0.173	0.145	0.129	0.099	0.117	0.079	0.072	0.061	0.044	0.041	0.046	0.029	0.031	0.022	0.011	0.01	0.018	0.009	0.001	0.009	0.003	0.001	0.002	0.002	
0.61	0.59	0.605	0.561	0.57	0.567	0.563	0.55	0.541	0.526	0.53	0.514	0.507	0.504	0.486	0.449	0.454	0.461	0.474	0.462	0.455	0.438	0.404	0.409	0.416	0.384	0.391	0.385	0.383	0.348	0.346	0.328	0.318	0.316	0.32	0.28	0.285	0.287	0.292	0.274	0.275	0.252	0.264	0.258	0.225	0.227	0.206	0.207	0.22	0.218	0.182	0.208	0.175	0.168	0.202	0.158	0.175	0.171	0.169	0.157	0.157	0.149	0.137	0.142	0.136	0.132	0.152	0.12	0.134	0.14	0.115	0.142	0.134	0.117	0.114	0.105	0.104	0.118	0.103	0.128	0.126	0.114	0.107	0.112	0.113	0.1	0.101	0.096	0.093	0.115	0.098	0.111	0.108	0.092	0.103	0.106	0.092	0.085	0.094	0.098	
1	1	1	1	1	1	1	1	1	1	1	1	1	0.999	1	1	1	0.998	1	0.999	0.999	0.999	0.997	0.997	0.99	0.993	0.993	0.991	0.981	0.978	0.97	0.967	0.958	0.951	0.928	0.929	0.917	0.889	0.882	0.879	0.85	0.84	0.807	0.781	0.755	0.756	0.748	0.721	0.678	0.674	0.634	0.641	0.608	0.556	0.556	0.533	0.522	0.49	0.452	0.456	0.406	0.385	0.391	0.377	0.359	0.314	0.34	0.304	0.273	0.273	0.241	0.205	0.208	0.21	0.183	0.159	0.195	0.153	0.15	0.169	0.135	0.129	0.129	0.121	0.079	0.091	0.093	0.076	0.076	0.065	0.062	0.064	0.046	0.048	0.049	0.054	0.043	0.034	0.044	0.028	
1	1	1	1	1	1	1	1	1	1	1	1	1	1	1	1	0.999	1	1	1	1	0.999	1	1	1	1	0.999	1	0.999	0.997	0.999	0.999	0.998	0.996	0.997	0.99	0.988	0.993	0.976	0.976	0.986	0.969	0.972	0.965	0.96	0.952	0.95	0.94	0.931	0.902	0.904	0.908	0.908	0.884	0.858	0.855	0.85	0.823	0.798	0.783	0.77	0.738	0.744	0.692	0.715	0.688	0.671	0.66	0.614	0.604	0.563	0.594	0.538	0.56	0.527	0.501	0.444	0.45	0.476	0.389	0.427	0.4	0.375	0.346	0.33	0.357	0.339	0.314	0.286	0.281	0.253	0.256	0.241	0.236	0.219	0.23	0.209	0.184	0.208	0.183	
1	1	1	1	1	1	1	1	1	1	1	1	1	1	1	1	1	1	1	1	1	1	1	1	1	1	1	1	1	1	1	1	1	1	1	1	1	1	1	1	1	1	1	1	1	1	1	1	1	1	1	1	1	1	1	1	1	1	1	1	1	1	1	1	1	0.998	0.998	0.997	0.997	0.995	0.991	0.995	0.985	0.987	0.991	0.982	0.966	0.965	0.967	0.959	0.945	0.935	0.931	0.894	0.892	0.878	0.874	0.862	0.813	0.781	0.74	0.735	0.679	0.71	0.631	0.595	0.596	0.565	0.487	0.479	
0.682	0.635	0.626	0.583	0.599	0.594	0.57	0.523	0.494	0.479	0.473	0.439	0.44	0.404	0.384	0.383	0.334	0.335	0.34	0.325	0.293	0.277	0.272	0.248	0.19	0.228	0.209	0.191	0.166	0.18	0.164	0.139	0.161	0.151	0.159	0.145	0.126	0.121	0.111	0.131	0.121	0.102	0.1	0.087	0.07	0.094	0.076	0.078	0.083	0.092	0.078	0.078	0.086	0.063	0.068	0.061	0.066	0.054	0.05	0.048	0.053	0.048	0.049	0.038	0.049	0.042	0.043	0.026	0.036	0.034	0.046	0.047	0.05	0.046	0.035	0.043	0.046	0.044	0.04	0.049	0.046	0.051	0.044	0.046	0.055	0.066	0.059	0.054	0.062	0.06	0.056	0.069	0.053	0.072	0.061	0.073	0.062	0.093	0.074	0.089	
0	0	0	0	0	0	0.001	0	0	0	0	0	0	0	0	0	0	0	0	0.001	0	0	0	0	0	0	0	0	0	0	0	0	0.001	0.001	0	0	0	0	0	0.001	0	0	0	0	0.001	0	0	0	0	0	0	0	0.001	0	0	0	0	0.002	0	0	0	0.001	0	0	0	0.001	0	0.001	0.001	0	0	0	0	0	0	0	0	0	0	0	0	0	0	0	0	0	0	0	0	0	0	0	0	0	0	0	0	0	0	0	
1	1	1	1	1	1	1	1	1	1	1	1	1	1	1	1	1	1	1	0.999	1	0.999	0.999	1	0.999	1	0.999	0.999	0.998	0.998	0.995	0.997	0.998	0.995	0.991	0.992	0.983	0.989	0.98	0.967	0.976	0.966	0.967	0.96	0.948	0.963	0.93	0.909	0.902	0.911	0.883	0.856	0.872	0.854	0.823	0.804	0.785	0.77	0.73	0.742	0.702	0.717	0.697	0.662	0.624	0.618	0.603	0.549	0.537	0.512	0.519	0.45	0.433	0.458	0.42	0.385	0.355	0.357	0.338	0.29	0.297	0.295	0.278	0.249	0.257	0.221	0.191	0.205	0.182	0.174	0.17	0.131	0.139	0.127	0.099	0.112	0.095	0.097	0.064	0.096	
0.998	0.995	0.993	0.991	0.987	0.982	0.987	0.968	0.955	0.968	0.944	0.93	0.923	0.91	0.891	0.886	0.862	0.794	0.818	0.805	0.763	0.744	0.725	0.7	0.707	0.665	0.613	0.579	0.59	0.556	0.534	0.494	0.52	0.491	0.466	0.431	0.427	0.389	0.377	0.358	0.354	0.356	0.339	0.297	0.284	0.272	0.27	0.272	0.243	0.235	0.241	0.211	0.236	0.197	0.188	0.194	0.181	0.173	0.167	0.144	0.154	0.144	0.116	0.126	0.109	0.11	0.119	0.106	0.103	0.089	0.103	0.09	0.078	0.09	0.079	0.071	0.06	0.066	0.058	0.067	0.064	0.059	0.048	0.055	0.047	0.037	0.03	0.04	0.038	0.03	0.021	0.021	0.025	0.023	0.028	0.023	0.02	0.018	0.014	0.021	
1	0.999	1	1	1	1	1	0.999	0.997	1	0.999	0.997	0.998	0.997	0.994	0.992	0.993	0.993	0.99	0.983	0.981	0.979	0.972	0.966	0.958	0.954	0.933	0.949	0.935	0.922	0.894	0.89	0.906	0.887	0.865	0.853	0.837	0.837	0.808	0.806	0.767	0.794	0.774	0.752	0.771	0.738	0.715	0.718	0.713	0.699	0.699	0.678	0.682	0.667	0.664	0.673	0.64	0.615	0.636	0.638	0.612	0.6	0.594	0.573	0.601	0.593	0.553	0.564	0.561	0.529	0.557	0.536	0.548	0.555	0.506	0.509	0.5	0.537	0.524	0.534	0.482	0.51	0.489	0.497	0.508	0.481	0.483	0.507	0.494	0.451	0.483	0.458	0.445	0.469	0.467	0.436	0.433	0.43	0.455	0.432	
0.995	0.986	0.981	0.974	0.951	0.946	0.947	0.909	0.895	0.837	0.811	0.787	0.73	0.688	0.63	0.594	0.557	0.533	0.453	0.433	0.405	0.376	0.355	0.336	0.299	0.293	0.293	0.239	0.238	0.21	0.226	0.214	0.179	0.165	0.149	0.167	0.13	0.139	0.136	0.115	0.092	0.117	0.108	0.087	0.081	0.078	0.087	0.08	0.056	0.057	0.056	0.049	0.045	0.046	0.045	0.042	0.044	0.032	0.028	0.034	0.021	0.019	0.02	0.024	0.016	0.021	0.016	0.013	0.015	0.008	0.016	0.021	0.008	0.013	0.011	0.012	0.014	0.005	0.009	0.007	0.001	0.003	0.004	0.004	0.006	0.003	0.002	0.004	0.002	0.006	0.002	0.002	0.003	0.004	0	0.004	0	0.001	0.005	0.001	
1	1	1	1	1	1	1	1	1	1	1	1	1	1	0.997	0.999	0.997	1	0.995	0.987	0.989	0.99	0.988	0.971	0.964	0.947	0.935	0.93	0.909	0.884	0.869	0.849	0.816	0.806	0.759	0.767	0.722	0.709	0.671	0.633	0.598	0.599	0.552	0.525	0.502	0.479	0.439	0.411	0.377	0.333	0.354	0.298	0.27	0.253	0.21	0.205	0.192	0.181	0.144	0.142	0.115	0.102	0.071	0.082	0.074	0.065	0.054	0.059	0.044	0.03	0.026	0.033	0.019	0.009	0.018	0.013	0.017	0.016	0.008	0.012	0.011	0.006	0.011	0.006	0.008	0.005	0.003	0.002	0.002	0.002	0.001	0.006	0.002	0	0.001	0.001	0.002	0.001	0.003	0	
1	1	1	1	1	1	1	1	1	1	1	0.999	1	0.999	1	0.997	0.997	0.996	0.994	0.987	0.99	0.99	0.986	0.986	0.978	0.972	0.967	0.965	0.955	0.966	0.944	0.936	0.933	0.907	0.92	0.917	0.906	0.879	0.868	0.879	0.883	0.841	0.836	0.842	0.814	0.801	0.793	0.764	0.739	0.745	0.755	0.722	0.71	0.727	0.712	0.663	0.69	0.627	0.624	0.628	0.621	0.594	0.588	0.58	0.563	0.494	0.507	0.467	0.466	0.481	0.421	0.401	0.396	0.346	0.345	0.355	0.339	0.278	0.286	0.243	0.244	0.23	0.253	0.195	0.192	0.169	0.156	0.141	0.129	0.129	0.101	0.083	0.105	0.08	0.077	0.079	0.065	0.059	0.064	0.052	
0.996	0.998	0.992	0.993	0.99	0.991	0.987	0.974	0.942	0.939	0.921	0.909	0.857	0.838	0.814	0.783	0.754	0.726	0.715	0.702	0.633	0.615	0.588	0.546	0.51	0.502	0.454	0.425	0.414	0.361	0.332	0.295	0.307	0.26	0.21	0.238	0.195	0.174	0.174	0.12	0.137	0.115	0.117	0.071	0.065	0.052	0.075	0.052	0.054	0.047	0.028	0.036	0.027	0.032	0.016	0.03	0.011	0.019	0.01	0.006	0.004	0.006	0.013	0.008	0.005	0.001	0.004	0.005	0.005	0.005	0.002	0.001	0.002	0.002	0.002	0.001	0	0	0	0	0	0.001	0	0	0.001	0	0	0	0	0	0	0	0	0	0	0	0	0	0	0	
1	1	1	1	1	1	1	1	1	1	1	1	1	1	1	1	1	1	1	1	1	1	1	1	1	1	1	1	1	1	1	1	0.999	1	1	1	1	1	1	0.999	1	0.999	1	1	1	0.998	0.996	0.996	0.994	0.994	0.996	0.991	0.991	0.982	0.992	0.987	0.983	0.986	0.983	0.976	0.964	0.963	0.967	0.963	0.958	0.945	0.938	0.929	0.928	0.906	0.898	0.888	0.898	0.892	0.874	0.857	0.855	0.848	0.82	0.816	0.824	0.789	0.812	0.795	0.77	0.752	0.737	0.749	0.719	0.71	0.709	0.69	0.655	0.674	0.665	0.683	0.624	0.609	0.569	0.573	
0.964	0.972	0.951	0.948	0.933	0.916	0.924	0.905	0.9	0.879	0.89	0.877	0.86	0.875	0.846	0.852	0.834	0.834	0.851	0.82	0.838	0.832	0.793	0.805	0.798	0.786	0.815	0.799	0.773	0.781	0.767	0.759	0.769	0.798	0.745	0.773	0.735	0.743	0.743	0.693	0.72	0.717	0.724	0.717	0.7	0.706	0.693	0.657	0.696	0.666	0.677	0.654	0.671	0.655	0.647	0.636	0.632	0.627	0.608	0.619	0.603	0.589	0.591	0.581	0.595	0.537	0.55	0.577	0.539	0.53	0.549	0.516	0.528	0.507	0.478	0.452	0.507	0.46	0.473	0.438	0.43	0.434	0.426	0.421	0.412	0.401	0.409	0.387	0.368	0.353	0.356	0.344	0.325	0.328	0.314	0.324	0.299	0.29	0.296	0.259	
1	1	1	1	1	1	1	1	1	1	1	1	1	1	1	1	1	1	1	1	1	1	1	1	1	1	1	1	0.999	1	1	1	0.999	0.998	1	1	0.999	0.999	0.996	0.996	0.996	0.992	0.991	0.984	0.983	0.986	0.981	0.982	0.982	0.964	0.965	0.949	0.947	0.936	0.924	0.934	0.907	0.879	0.881	0.859	0.831	0.801	0.805	0.761	0.741	0.714	0.725	0.663	0.643	0.563	0.582	0.525	0.512	0.484	0.445	0.421	0.375	0.359	0.321	0.297	0.293	0.243	0.238	0.198	0.184	0.162	0.153	0.128	0.127	0.092	0.098	0.08	0.052	0.061	0.047	0.038	0.041	0.033	0.018	0.018	
0.614	0.579	0.575	0.585	0.549	0.493	0.515	0.479	0.439	0.398	0.37	0.328	0.287	0.233	0.236	0.209	0.149	0.149	0.12	0.126	0.088	0.083	0.066	0.056	0.043	0.045	0.026	0.029	0.018	0.011	0.018	0.009	0.015	0.006	0.01	0.008	0.003	0.003	0.004	0.006	0.003	0.002	0.002	0.001	0.001	0.007	0.003	0	0.001	0.001	0.002	0.001	0.001	0.003	0.002	0.001	0.001	0.003	0.001	0	0.001	0.001	0	0.001	0	0.001	0.002	0	0.002	0	0.001	0.001	0	0.001	0	0.001	0.001	0.001	0	0	0.002	0	0	0	0	0.001	0	0	0	0	0	0	0	0	0.001	0.001	0.001	0.001	0	0.001	
0.991	0.987	0.977	0.983	0.959	0.973	0.961	0.94	0.935	0.937	0.94	0.928	0.906	0.9	0.907	0.891	0.864	0.851	0.848	0.837	0.825	0.845	0.793	0.781	0.788	0.765	0.742	0.743	0.731	0.708	0.712	0.694	0.654	0.642	0.646	0.637	0.614	0.588	0.57	0.579	0.541	0.562	0.536	0.509	0.5	0.461	0.5	0.444	0.437	0.458	0.415	0.393	0.399	0.36	0.369	0.347	0.316	0.334	0.261	0.286	0.283	0.264	0.227	0.238	0.243	0.22	0.211	0.21	0.187	0.172	0.19	0.171	0.179	0.136	0.142	0.125	0.117	0.111	0.101	0.103	0.106	0.071	0.09	0.068	0.072	0.069	0.065	0.059	0.061	0.054	0.045	0.042	0.044	0.032	0.04	0.025	0.024	0.023	0.011	0.015	
1	1	1	1	1	1	1	1	1	1	1	1	1	1	1	1	1	1	1	1	1	1	1	1	1	1	1	1	1	1	0.999	0.998	0.999	0.997	0.998	0.998	0.997	0.994	0.99	0.994	0.99	0.986	0.968	0.982	0.968	0.96	0.955	0.933	0.94	0.919	0.902	0.89	0.863	0.861	0.836	0.797	0.804	0.751	0.73	0.708	0.705	0.658	0.627	0.59	0.58	0.543	0.542	0.5	0.449	0.449	0.415	0.395	0.371	0.317	0.31	0.271	0.236	0.237	0.213	0.179	0.183	0.131	0.113	0.122	0.12	0.098	0.078	0.062	0.052	0.041	0.055	0.051	0.031	0.03	0.026	0.028	0.018	0.014	0.015	0.007	
1	1	1	1	1	1	0.999	1	0.997	0.994	0.993	0.991	0.991	0.988	0.989	0.985	0.969	0.96	0.937	0.93	0.921	0.897	0.897	0.891	0.858	0.831	0.806	0.765	0.771	0.742	0.703	0.664	0.657	0.618	0.586	0.557	0.505	0.502	0.462	0.43	0.41	0.39	0.355	0.344	0.321	0.306	0.277	0.251	0.205	0.219	0.164	0.171	0.165	0.14	0.129	0.113	0.112	0.101	0.091	0.073	0.066	0.052	0.055	0.03	0.039	0.035	0.029	0.021	0.017	0.018	0.016	0.004	0.015	0.011	0.008	0.011	0.004	0.006	0.003	0.004	0.002	0.001	0.001	0.002	0.001	0	0.002	0	0.001	0	0.002	0	0	0	0	0	0	0	0	0	
1	1	1	1	1	1	1	1	1	1	1	1	1	1	1	1	1	1	1	1	1	1	1	1	1	1	1	1	0.999	1	1	0.999	0.999	1	0.999	0.999	0.999	0.999	0.999	0.996	0.998	0.993	0.994	0.996	0.986	0.993	0.986	0.985	0.977	0.983	0.97	0.964	0.97	0.971	0.961	0.954	0.944	0.959	0.951	0.924	0.931	0.903	0.899	0.906	0.889	0.885	0.877	0.837	0.841	0.843	0.809	0.807	0.802	0.797	0.749	0.738	0.72	0.723	0.694	0.674	0.635	0.625	0.617	0.63	0.579	0.552	0.533	0.529	0.482	0.486	0.495	0.453	0.443	0.445	0.403	0.389	0.388	0.364	0.369	0.349	
0.999	0.998	0.996	0.994	0.992	0.982	0.958	0.945	0.913	0.907	0.873	0.876	0.805	0.761	0.706	0.717	0.642	0.597	0.56	0.535	0.45	0.44	0.425	0.387	0.372	0.301	0.313	0.26	0.24	0.225	0.228	0.199	0.187	0.159	0.175	0.139	0.144	0.139	0.126	0.121	0.111	0.091	0.089	0.08	0.087	0.063	0.071	0.065	0.051	0.065	0.075	0.057	0.067	0.042	0.048	0.049	0.04	0.034	0.028	0.035	0.042	0.037	0.028	0.032	0.027	0.035	0.027	0.023	0.021	0.018	0.016	0.017	0.02	0.016	0.009	0.008	0.017	0.011	0.013	0.01	0.009	0.008	0.005	0.005	0.007	0.004	0.001	0.005	0.003	0.003	0.003	0.003	0.002	0.001	0.002	0.002	0	0	0.001	0.002	
1	1	1	0.999	1	0.997	0.996	0.997	0.997	0.991	0.985	0.982	0.982	0.975	0.968	0.948	0.944	0.947	0.935	0.915	0.9	0.894	0.863	0.857	0.827	0.854	0.793	0.813	0.789	0.761	0.748	0.745	0.735	0.683	0.677	0.676	0.658	0.62	0.626	0.611	0.615	0.593	0.574	0.547	0.512	0.506	0.506	0.483	0.47	0.454	0.459	0.44	0.42	0.407	0.389	0.368	0.375	0.373	0.343	0.351	0.356	0.312	0.301	0.295	0.283	0.272	0.301	0.271	0.27	0.246	0.255	0.235	0.246	0.248	0.24	0.228	0.219	0.218	0.21	0.182	0.211	0.198	0.222	0.218	0.18	0.213	0.211	0.189	0.175	0.201	0.186	0.19	0.199	0.196	0.195	0.188	0.198	0.204	0.206	0.203	
0.737	0.726	0.694	0.721	0.672	0.664	0.697	0.681	0.671	0.652	0.638	0.663	0.644	0.674	0.653	0.647	0.62	0.614	0.647	0.606	0.62	0.611	0.63	0.63	0.622	0.648	0.615	0.608	0.635	0.605	0.58	0.64	0.622	0.602	0.589	0.626	0.589	0.612	0.606	0.613	0.584	0.596	0.629	0.597	0.589	0.572	0.575	0.609	0.57	0.557	0.569	0.573	0.545	0.592	0.574	0.557	0.555	0.553	0.553	0.557	0.56	0.573	0.551	0.55	0.548	0.551	0.518	0.551	0.561	0.559	0.566	0.554	0.546	0.579	0.547	0.568	0.547	0.558	0.539	0.569	0.567	0.541	0.541	0.562	0.564	0.572	0.586	0.582	0.567	0.571	0.555	0.614	0.588	0.603	0.602	0.611	0.608	0.577	0.595	0.594	
0.748	0.717	0.705	0.698	0.657	0.677	0.677	0.644	0.661	0.609	0.612	0.587	0.578	0.574	0.544	0.537	0.564	0.538	0.509	0.521	0.503	0.476	0.479	0.462	0.445	0.458	0.431	0.474	0.416	0.42	0.386	0.41	0.411	0.392	0.373	0.379	0.42	0.369	0.377	0.386	0.348	0.326	0.353	0.341	0.346	0.339	0.33	0.349	0.355	0.317	0.338	0.33	0.321	0.335	0.309	0.282	0.319	0.267	0.295	0.312	0.311	0.292	0.275	0.278	0.282	0.287	0.291	0.259	0.305	0.293	0.264	0.276	0.242	0.246	0.239	0.233	0.244	0.268	0.225	0.241	0.202	0.194	0.207	0.205	0.199	0.205	0.172	0.171	0.181	0.169	0.152	0.158	0.142	0.164	0.144	0.111	0.126	0.11	0.099	0.1	
1	1	0.999	0.999	0.997	0.996	1	0.998	0.999	0.998	0.994	0.997	0.996	0.99	0.992	0.99	0.994	0.99	0.99	0.985	0.982	0.985	0.99	0.988	0.986	0.984	0.979	0.985	0.974	0.968	0.978	0.975	0.974	0.973	0.968	0.967	0.974	0.974	0.966	0.97	0.953	0.958	0.955	0.965	0.948	0.947	0.952	0.96	0.94	0.957	0.952	0.956	0.94	0.935	0.933	0.933	0.917	0.926	0.919	0.916	0.938	0.923	0.924	0.897	0.908	0.905	0.911	0.903	0.888	0.887	0.875	0.893	0.869	0.85	0.868	0.863	0.865	0.858	0.87	0.854	0.839	0.837	0.82	0.811	0.811	0.788	0.81	0.812	0.791	0.785	0.767	0.783	0.77	0.749	0.772	0.759	0.746	0.745	0.725	0.735	
1	1	1	1	1	1	1	1	1	1	1	1	1	1	1	1	1	1	1	1	1	1	1	1	1	1	1	1	1	1	1	1	1	1	1	1	0.999	0.999	0.996	0.996	0.99	0.991	0.985	0.979	0.984	0.973	0.965	0.953	0.945	0.935	0.935	0.896	0.885	0.869	0.843	0.833	0.789	0.791	0.76	0.712	0.672	0.691	0.643	0.599	0.562	0.536	0.516	0.481	0.451	0.43	0.394	0.354	0.305	0.284	0.297	0.264	0.209	0.209	0.202	0.19	0.16	0.147	0.131	0.144	0.129	0.087	0.102	0.077	0.062	0.059	0.054	0.045	0.036	0.029	0.035	0.019	0.016	0.018	0.015	0.012	
1	1	1	1	1	1	1	1	1	1	0.999	1	0.998	1	0.998	0.997	0.995	0.998	0.998	0.994	0.993	0.988	0.993	0.981	0.985	0.979	0.983	0.981	0.971	0.972	0.959	0.944	0.956	0.943	0.92	0.932	0.903	0.908	0.905	0.885	0.86	0.857	0.864	0.823	0.786	0.778	0.79	0.746	0.757	0.731	0.704	0.695	0.654	0.658	0.644	0.63	0.579	0.585	0.548	0.541	0.493	0.502	0.463	0.461	0.452	0.427	0.39	0.388	0.336	0.35	0.317	0.288	0.266	0.248	0.241	0.23	0.208	0.214	0.183	0.192	0.172	0.17	0.122	0.138	0.136	0.117	0.11	0.088	0.078	0.072	0.063	0.077	0.077	0.048	0.046	0.056	0.039	0.036	0.028	0.04	
1	1	1	1	1	1	1	1	1	1	1	1	1	1	1	1	1	1	1	1	1	1	1	1	1	1	1	1	1	0.999	1	0.999	1	1	0.999	0.996	0.998	0.999	0.992	0.997	0.994	0.998	0.996	0.993	0.992	0.987	0.991	0.989	0.981	0.984	0.978	0.981	0.977	0.969	0.962	0.964	0.969	0.963	0.958	0.941	0.93	0.928	0.92	0.922	0.905	0.914	0.894	0.876	0.879	0.854	0.86	0.836	0.835	0.794	0.801	0.776	0.762	0.75	0.771	0.714	0.692	0.694	0.684	0.656	0.627	0.646	0.601	0.603	0.582	0.543	0.516	0.524	0.496	0.444	0.466	0.453	0.437	0.416	0.398	0.369	
1	1	1	1	1	1	1	1	1	1	1	1	1	1	1	1	1	1	1	1	1	1	0.999	0.999	0.998	0.999	0.998	0.996	0.995	0.997	0.995	0.991	0.988	0.988	0.976	0.979	0.976	0.962	0.961	0.941	0.958	0.946	0.922	0.933	0.92	0.898	0.892	0.887	0.873	0.838	0.839	0.83	0.789	0.795	0.779	0.759	0.737	0.712	0.672	0.671	0.655	0.632	0.602	0.595	0.551	0.539	0.531	0.496	0.5	0.45	0.441	0.435	0.373	0.364	0.356	0.309	0.306	0.301	0.236	0.256	0.23	0.225	0.171	0.169	0.16	0.158	0.128	0.128	0.108	0.098	0.087	0.065	0.084	0.06	0.057	0.053	0.042	0.032	0.047	0.03	
1	1	1	1	1	0.999	1	0.999	1	0.999	0.999	1	0.999	0.998	0.997	0.999	0.995	0.998	0.997	0.995	0.996	0.993	0.994	0.991	0.99	0.99	0.991	0.981	0.983	0.984	0.973	0.98	0.98	0.971	0.982	0.967	0.971	0.974	0.958	0.958	0.953	0.95	0.957	0.94	0.927	0.921	0.922	0.923	0.903	0.886	0.879	0.882	0.845	0.877	0.838	0.822	0.818	0.817	0.813	0.784	0.788	0.762	0.762	0.702	0.718	0.696	0.687	0.672	0.657	0.642	0.618	0.59	0.583	0.556	0.556	0.514	0.507	0.45	0.435	0.44	0.408	0.411	0.379	0.356	0.329	0.317	0.286	0.29	0.281	0.258	0.25	0.212	0.184	0.181	0.179	0.145	0.155	0.147	0.14	0.131	
1	1	1	1	1	1	1	1	1	1	1	1	1	1	1	1	1	1	1	1	1	1	1	1	1	1	1	1	1	1	1	1	1	1	1	1	0.999	1	1	1	0.999	0.999	1	0.997	0.997	0.997	0.999	0.994	0.995	0.992	0.993	0.997	0.994	0.99	0.985	0.99	0.987	0.983	0.976	0.978	0.985	0.977	0.971	0.96	0.966	0.968	0.952	0.951	0.941	0.939	0.929	0.936	0.935	0.915	0.909	0.899	0.891	0.877	0.869	0.872	0.843	0.849	0.857	0.822	0.832	0.806	0.803	0.805	0.776	0.785	0.75	0.757	0.752	0.734	0.725	0.721	0.707	0.709	0.691	0.677	
1	1	1	1	1	1	1	1	1	0.995	0.988	0.981	0.973	0.951	0.932	0.907	0.885	0.841	0.814	0.776	0.71	0.686	0.638	0.567	0.538	0.478	0.441	0.418	0.345	0.32	0.278	0.276	0.253	0.23	0.188	0.184	0.161	0.144	0.112	0.127	0.083	0.082	0.061	0.061	0.054	0.053	0.031	0.047	0.037	0.033	0.029	0.019	0.021	0.022	0.019	0.011	0.017	0.009	0.009	0.009	0.005	0.007	0.003	0.003	0.005	0.002	0.001	0.001	0	0.001	0.001	0	0	0.002	0.001	0	0.001	0.001	0.001	0	0	0.001	0.001	0	0	0	0	0	0	0	0	0	0	0.001	0	0	0	0	0	0	
1	0.999	1	1	0.999	0.997	0.998	0.993	0.988	0.996	0.992	0.981	0.975	0.985	0.97	0.968	0.95	0.941	0.932	0.933	0.902	0.904	0.891	0.856	0.85	0.83	0.809	0.807	0.781	0.747	0.717	0.7	0.683	0.651	0.615	0.588	0.549	0.522	0.526	0.45	0.452	0.424	0.376	0.363	0.343	0.321	0.294	0.302	0.25	0.233	0.189	0.188	0.178	0.155	0.135	0.122	0.127	0.094	0.093	0.09	0.09	0.077	0.068	0.059	0.047	0.035	0.04	0.033	0.026	0.024	0.022	0.011	0.009	0.007	0.008	0.006	0.006	0.004	0.004	0.002	0.004	0	0.005	0.002	0.001	0.003	0.001	0	0.001	0	0.001	0	0.001	0	0	0	0	0	0	0	
1	1	1	1	1	1	1	1	1	1	0.999	1	1	1	1	1	1	0.998	0.995	0.991	0.99	0.997	0.99	0.988	0.98	0.978	0.971	0.957	0.959	0.951	0.949	0.935	0.919	0.909	0.89	0.906	0.879	0.885	0.867	0.822	0.841	0.807	0.806	0.785	0.77	0.765	0.737	0.726	0.691	0.733	0.671	0.66	0.664	0.633	0.614	0.602	0.622	0.554	0.554	0.543	0.519	0.533	0.501	0.474	0.482	0.444	0.416	0.421	0.378	0.377	0.378	0.383	0.352	0.309	0.302	0.302	0.298	0.261	0.235	0.239	0.251	0.219	0.221	0.198	0.204	0.182	0.163	0.187	0.163	0.178	0.155	0.146	0.16	0.141	0.135	0.134	0.112	0.146	0.117	0.119	
1	1	1	1	1	1	1	1	1	1	1	1	1	1	1	1	1	1	1	1	1	1	1	0.999	1	1	0.999	0.999	0.998	1	0.999	0.998	0.994	0.998	0.999	0.994	0.991	0.995	0.983	0.987	0.978	0.983	0.971	0.96	0.957	0.961	0.947	0.958	0.938	0.933	0.922	0.924	0.908	0.894	0.898	0.874	0.89	0.868	0.85	0.81	0.837	0.8	0.803	0.794	0.769	0.78	0.744	0.739	0.723	0.741	0.713	0.736	0.677	0.695	0.665	0.662	0.666	0.624	0.653	0.624	0.605	0.618	0.592	0.61	0.591	0.6	0.596	0.565	0.552	0.565	0.549	0.539	0.529	0.527	0.527	0.529	0.503	0.511	0.509	0.477	
1	1	0.999	1	1	0.998	0.999	0.998	0.997	0.995	0.998	0.993	0.992	0.996	0.987	0.987	0.981	0.984	0.986	0.976	0.979	0.959	0.97	0.962	0.946	0.947	0.94	0.925	0.926	0.913	0.897	0.908	0.901	0.883	0.889	0.86	0.863	0.834	0.825	0.817	0.8	0.8	0.808	0.769	0.779	0.775	0.763	0.732	0.709	0.707	0.703	0.7	0.695	0.697	0.698	0.688	0.655	0.646	0.634	0.635	0.6	0.618	0.579	0.589	0.575	0.612	0.592	0.539	0.567	0.554	0.527	0.556	0.54	0.532	0.486	0.474	0.45	0.496	0.456	0.461	0.473	0.446	0.468	0.427	0.421	0.428	0.419	0.419	0.399	0.435	0.385	0.416	0.375	0.374	0.379	0.343	0.357	0.343	0.31	0.309	
1	1	1	1	1	1	1	1	1	1	1	1	1	1	1	1	1	1	1	1	1	1	1	1	1	1	1	1	1	1	1	1	1	1	1	1	1	1	0.999	0.999	0.999	0.998	0.997	0.998	0.997	0.997	0.998	0.991	0.988	0.984	0.99	0.97	0.973	0.956	0.972	0.962	0.959	0.928	0.943	0.916	0.92	0.885	0.852	0.842	0.817	0.821	0.776	0.739	0.736	0.696	0.67	0.673	0.623	0.586	0.609	0.538	0.528	0.507	0.434	0.418	0.399	0.36	0.329	0.308	0.296	0.24	0.236	0.217	0.189	0.163	0.146	0.127	0.116	0.099	0.09	0.08	0.078	0.068	0.048	0.037	
0.99	0.994	0.992	0.992	0.984	0.984	0.989	0.994	0.98	0.982	0.975	0.968	0.971	0.959	0.969	0.971	0.963	0.964	0.963	0.972	0.959	0.956	0.957	0.958	0.943	0.945	0.932	0.951	0.928	0.935	0.929	0.937	0.925	0.927	0.939	0.925	0.923	0.92	0.919	0.907	0.9	0.898	0.908	0.906	0.893	0.888	0.891	0.875	0.859	0.876	0.863	0.846	0.84	0.852	0.815	0.806	0.791	0.789	0.754	0.753	0.779	0.708	0.729	0.699	0.669	0.663	0.643	0.609	0.624	0.589	0.571	0.543	0.53	0.517	0.481	0.454	0.445	0.422	0.396	0.377	0.38	0.331	0.292	0.285	0.286	0.306	0.238	0.243	0.224	0.21	0.198	0.193	0.171	0.148	0.149	0.127	0.112	0.095	0.103	0.112	
1	1	1	1	1	1	1	1	1	1	1	1	1	1	1	1	1	1	1	1	0.999	1	1	0.998	1	0.997	0.998	0.997	0.993	0.995	0.992	0.991	0.983	0.982	0.981	0.976	0.968	0.962	0.951	0.938	0.933	0.933	0.919	0.874	0.87	0.856	0.845	0.785	0.803	0.8	0.764	0.73	0.719	0.722	0.677	0.644	0.667	0.627	0.605	0.567	0.561	0.526	0.532	0.476	0.45	0.44	0.403	0.439	0.377	0.384	0.322	0.34	0.321	0.279	0.3	0.259	0.223	0.224	0.208	0.181	0.153	0.16	0.148	0.133	0.123	0.122	0.108	0.085	0.087	0.077	0.087	0.07	0.078	0.06	0.068	0.057	0.044	0.033	0.041	0.042	
1	1	1	1	1	1	1	1	1	1	1	1	1	1	1	1	1	1	1	1	0.999	0.999	0.998	0.998	0.999	0.998	0.998	0.998	0.998	0.996	0.998	0.997	0.994	0.99	0.99	0.99	0.984	0.983	0.981	0.977	0.969	0.977	0.957	0.964	0.943	0.95	0.937	0.918	0.933	0.905	0.91	0.9	0.882	0.875	0.87	0.853	0.838	0.838	0.805	0.816	0.793	0.782	0.78	0.765	0.728	0.7	0.711	0.695	0.676	0.666	0.66	0.65	0.635	0.622	0.58	0.586	0.576	0.598	0.552	0.552	0.536	0.548	0.512	0.512	0.521	0.5	0.496	0.477	0.486	0.477	0.455	0.464	0.408	0.45	0.43	0.445	0.438	0.412	0.43	0.427	
1	1	1	1	1	1	1	1	0.999	0.999	0.998	0.998	0.999	0.995	0.994	0.994	0.99	0.988	0.982	0.984	0.967	0.969	0.952	0.953	0.952	0.928	0.924	0.915	0.9	0.886	0.88	0.876	0.851	0.851	0.837	0.827	0.779	0.776	0.763	0.744	0.749	0.723	0.702	0.654	0.638	0.621	0.623	0.642	0.607	0.577	0.564	0.562	0.554	0.519	0.494	0.478	0.456	0.463	0.41	0.426	0.415	0.401	0.407	0.344	0.354	0.381	0.325	0.33	0.315	0.291	0.298	0.33	0.283	0.254	0.27	0.26	0.206	0.251	0.216	0.226	0.226	0.199	0.198	0.212	0.191	0.174	0.194	0.201	0.166	0.181	0.173	0.178	0.206	0.17	0.197	0.187	0.175	0.171	0.188	0.165	
1	1	1	1	1	1	1	1	1	1	1	1	0.999	1	1	1	1	0.999	1	0.999	0.999	1	1	1	0.998	0.998	1	0.996	0.996	0.998	0.998	0.995	0.998	0.998	0.992	0.997	0.998	0.994	0.99	0.996	0.988	0.99	0.993	0.992	0.989	0.99	0.993	0.992	0.986	0.992	0.984	0.979	0.986	0.982	0.983	0.974	0.973	0.973	0.952	0.967	0.958	0.952	0.944	0.95	0.93	0.936	0.937	0.929	0.902	0.912	0.922	0.892	0.899	0.89	0.881	0.877	0.86	0.887	0.854	0.869	0.851	0.847	0.836	0.827	0.831	0.843	0.802	0.825	0.804	0.799	0.79	0.796	0.793	0.766	0.781	0.779	0.794	0.78	0.721	0.74	
1	1	1	1	1	1	1	1	1	1	1	1	1	1	0.999	1	1	0.999	1	1	1	0.999	0.999	0.999	0.998	0.998	0.993	0.995	0.996	0.986	0.983	0.98	0.983	0.967	0.974	0.963	0.955	0.952	0.925	0.928	0.916	0.905	0.888	0.865	0.869	0.839	0.811	0.804	0.807	0.79	0.753	0.731	0.691	0.692	0.659	0.632	0.597	0.607	0.542	0.508	0.502	0.484	0.443	0.419	0.378	0.36	0.348	0.337	0.291	0.289	0.245	0.266	0.205	0.206	0.162	0.159	0.137	0.114	0.098	0.098	0.075	0.076	0.078	0.05	0.058	0.034	0.028	0.029	0.024	0.019	0.015	0.014	0.008	0.006	0.012	0.005	0.009	0.003	0.001	0	
1	1	1	1	1	1	1	1	1	1	1	1	1	1	1	1	1	1	1	1	1	1	0.999	1	1	1	1	0.998	0.999	0.996	0.989	0.988	0.997	0.993	0.991	0.985	0.979	0.974	0.968	0.966	0.966	0.954	0.951	0.94	0.928	0.914	0.912	0.902	0.908	0.873	0.839	0.833	0.828	0.84	0.814	0.79	0.783	0.766	0.747	0.7	0.724	0.692	0.659	0.619	0.611	0.598	0.582	0.544	0.509	0.499	0.515	0.44	0.46	0.419	0.396	0.376	0.35	0.348	0.31	0.291	0.294	0.254	0.229	0.237	0.197	0.197	0.206	0.185	0.145	0.151	0.125	0.136	0.11	0.104	0.093	0.076	0.093	0.065	0.063	0.057	
0.612	0.585	0.541	0.504	0.473	0.456	0.421	0.356	0.333	0.303	0.264	0.247	0.209	0.176	0.159	0.147	0.147	0.124	0.103	0.088	0.085	0.082	0.07	0.053	0.044	0.042	0.039	0.026	0.033	0.036	0.029	0.022	0.02	0.021	0.016	0.028	0.015	0.019	0.013	0.014	0.012	0.011	0.016	0.018	0.01	0.017	0.01	0.009	0.011	0.007	0.01	0.01	0.014	0.01	0.013	0.014	0.006	0.013	0.019	0.009	0.008	0.014	0.014	0.009	0.022	0.018	0.013	0.009	0.015	0.02	0.009	0.01	0.014	0.01	0.013	0.009	0.011	0.015	0.007	0.008	0.012	0.011	0.008	0.009	0.008	0.008	0.014	0.01	0.014	0.016	0.006	0.01	0.01	0.01	0.007	0.007	0.009	0.009	0.01	0.012	
1	1	1	1	1	1	1	1	1	1	1	1	1	1	1	0.999	0.999	0.999	1	1	0.999	0.998	0.999	0.998	0.999	0.999	0.996	0.993	0.996	0.996	0.991	0.991	0.992	0.976	0.984	0.983	0.975	0.965	0.961	0.959	0.945	0.943	0.936	0.929	0.91	0.91	0.909	0.895	0.869	0.852	0.84	0.833	0.821	0.819	0.76	0.729	0.737	0.725	0.714	0.672	0.658	0.668	0.622	0.588	0.586	0.563	0.541	0.526	0.46	0.458	0.439	0.452	0.462	0.398	0.398	0.389	0.355	0.324	0.293	0.278	0.272	0.261	0.261	0.221	0.218	0.228	0.192	0.188	0.159	0.155	0.158	0.14	0.153	0.107	0.116	0.104	0.108	0.12	0.077	0.074	
1	1	1	1	1	1	1	1	1	1	1	1	1	1	1	1	1	1	1	1	1	1	1	1	0.999	0.999	1	1	0.999	1	1	0.999	0.997	0.997	0.996	0.993	0.991	0.99	0.985	0.985	0.983	0.982	0.975	0.969	0.968	0.956	0.95	0.936	0.91	0.925	0.92	0.906	0.888	0.876	0.85	0.858	0.836	0.803	0.812	0.755	0.748	0.714	0.714	0.652	0.636	0.619	0.584	0.554	0.553	0.527	0.507	0.481	0.423	0.397	0.372	0.357	0.337	0.335	0.299	0.279	0.227	0.218	0.19	0.178	0.16	0.155	0.133	0.113	0.12	0.083	0.088	0.077	0.058	0.057	0.056	0.049	0.041	0.04	0.045	0.032	
1	1	1	1	1	1	1	1	1	1	1	1	1	1	1	1	1	1	1	1	1	1	1	1	1	1	1	1	1	1	1	1	1	1	1	1	1	1	1	1	1	1	0.999	1	1	1	0.998	0.998	0.997	0.996	0.998	0.991	0.996	0.995	0.987	0.99	0.986	0.985	0.99	0.981	0.973	0.978	0.972	0.961	0.959	0.964	0.952	0.951	0.934	0.936	0.922	0.905	0.906	0.913	0.881	0.869	0.86	0.861	0.807	0.822	0.823	0.792	0.793	0.761	0.753	0.752	0.749	0.716	0.702	0.675	0.643	0.652	0.619	0.649	0.606	0.62	0.599	0.624	0.62	0.586	
1	1	1	1	1	1	1	1	1	1	1	1	1	1	1	1	1	1	1	1	1	1	1	0.998	1	0.998	0.999	0.997	1	0.997	0.994	0.988	0.996	0.992	0.982	0.979	0.968	0.964	0.951	0.945	0.933	0.924	0.904	0.906	0.888	0.873	0.859	0.85	0.834	0.796	0.785	0.747	0.736	0.706	0.697	0.641	0.634	0.586	0.597	0.546	0.508	0.531	0.442	0.426	0.405	0.372	0.334	0.333	0.305	0.269	0.267	0.229	0.196	0.186	0.183	0.157	0.144	0.127	0.129	0.102	0.098	0.064	0.073	0.064	0.04	0.039	0.028	0.033	0.024	0.026	0.022	0.014	0.019	0.007	0.01	0.012	0.003	0.004	0.002	0.003	
1	1	1	1	1	1	1	1	1	1	1	1	1	1	1	1	1	1	1	0.999	1	1	1	1	1	1	0.999	0.999	0.999	0.998	0.998	0.998	0.999	0.996	0.994	0.994	0.991	0.991	0.982	0.98	0.981	0.981	0.983	0.98	0.964	0.968	0.954	0.957	0.946	0.934	0.927	0.917	0.912	0.896	0.885	0.873	0.864	0.834	0.823	0.813	0.783	0.784	0.734	0.732	0.695	0.663	0.693	0.616	0.588	0.57	0.55	0.511	0.495	0.437	0.47	0.393	0.35	0.357	0.294	0.301	0.277	0.249	0.242	0.195	0.191	0.164	0.124	0.115	0.103	0.094	0.083	0.071	0.063	0.064	0.048	0.036	0.027	0.026	0.022	0.026	
