1	1	1	1	1	1	1	1	1	1	1	1	1	1	1	1	1	1	1	1	1	1	1	1	1	1	1	1	1	0.998	0.999	1	1	0.999	0.997	0.997	0.996	0.994	0.994	0.989	0.993	0.98	0.98	0.979	0.967	0.969	0.962	0.95	0.944	0.938	0.934	0.938	0.918	0.903	0.894	0.877	0.893	0.889	0.874	0.846	0.853	0.823	0.838	0.829	0.794	0.779	0.808	0.75	0.757	0.765	0.732	0.745	0.722	0.74	0.71	0.683	0.672	0.663	0.654	0.615	0.622	0.604	0.581	0.568	0.54	0.528	0.506	0.495	0.447	0.458	0.429	0.429	0.405	0.379	0.351	0.328	0.32	0.318	0.275	0.257	
1	1	1	1	1	1	1	1	1	1	1	1	1	1	1	1	1	1	1	1	1	1	1	1	1	1	1	1	1	1	1	1	1	1	1	1	1	1	1	1	0.999	1	1	1	1	1	1	1	0.999	0.999	1	1	0.999	1	0.999	0.998	0.995	0.999	0.998	0.994	0.995	0.996	0.992	0.99	0.989	0.991	0.989	0.978	0.974	0.974	0.966	0.954	0.937	0.937	0.934	0.906	0.913	0.892	0.874	0.851	0.823	0.808	0.776	0.766	0.758	0.693	0.669	0.648	0.597	0.609	0.528	0.497	0.503	0.439	0.426	0.373	0.332	0.334	0.306	0.275	
0.999	0.997	0.999	0.998	0.998	0.995	0.996	0.996	0.998	0.996	0.989	0.993	0.991	0.987	0.987	0.984	0.973	0.973	0.972	0.968	0.958	0.957	0.963	0.952	0.947	0.932	0.933	0.92	0.918	0.917	0.909	0.908	0.904	0.913	0.911	0.902	0.888	0.88	0.884	0.86	0.86	0.889	0.876	0.857	0.873	0.868	0.875	0.849	0.861	0.848	0.858	0.878	0.856	0.855	0.836	0.833	0.837	0.832	0.832	0.832	0.832	0.819	0.822	0.825	0.802	0.759	0.781	0.74	0.759	0.75	0.771	0.724	0.701	0.686	0.678	0.641	0.633	0.628	0.614	0.576	0.571	0.555	0.499	0.506	0.462	0.47	0.446	0.429	0.369	0.352	0.31	0.316	0.288	0.247	0.216	0.2	0.19	0.17	0.155	0.134	
1	1	1	1	1	1	1	1	1	1	1	1	1	1	1	1	1	0.999	1	1	0.995	0.998	0.998	1	0.998	0.997	0.997	0.995	0.992	0.988	0.981	0.98	0.983	0.983	0.983	0.968	0.97	0.963	0.948	0.954	0.944	0.934	0.92	0.917	0.893	0.886	0.887	0.843	0.856	0.823	0.806	0.796	0.76	0.76	0.72	0.677	0.652	0.627	0.606	0.588	0.543	0.509	0.483	0.435	0.402	0.399	0.365	0.348	0.297	0.27	0.228	0.204	0.171	0.154	0.148	0.13	0.109	0.103	0.083	0.059	0.044	0.043	0.036	0.026	0.027	0.023	0.014	0.012	0.011	0.004	0.006	0.003	0.002	0.001	0	0.002	0.003	0.001	0	0	
1	1	1	1	1	1	1	1	1	1	1	1	1	1	1	1	1	1	1	0.999	0.998	0.997	0.996	0.999	0.996	0.994	0.995	0.995	0.995	0.995	0.992	0.989	0.985	0.994	0.994	0.986	0.983	0.98	0.975	0.982	0.973	0.971	0.959	0.951	0.937	0.946	0.948	0.921	0.916	0.9	0.892	0.901	0.879	0.877	0.868	0.843	0.829	0.807	0.784	0.774	0.744	0.756	0.735	0.739	0.713	0.658	0.631	0.63	0.599	0.555	0.544	0.518	0.528	0.477	0.454	0.454	0.415	0.392	0.359	0.342	0.325	0.298	0.287	0.255	0.231	0.222	0.193	0.209	0.162	0.16	0.16	0.12	0.111	0.119	0.094	0.107	0.07	0.068	0.066	0.053	
0.853	0.855	0.861	0.827	0.85	0.856	0.829	0.855	0.84	0.837	0.838	0.845	0.842	0.845	0.839	0.827	0.834	0.839	0.839	0.816	0.815	0.81	0.816	0.823	0.836	0.793	0.81	0.797	0.793	0.805	0.814	0.81	0.799	0.799	0.779	0.79	0.792	0.78	0.799	0.772	0.804	0.759	0.774	0.764	0.777	0.782	0.762	0.754	0.781	0.762	0.748	0.757	0.741	0.754	0.753	0.754	0.749	0.732	0.731	0.754	0.726	0.743	0.715	0.731	0.727	0.714	0.698	0.688	0.678	0.671	0.687	0.684	0.64	0.645	0.632	0.603	0.618	0.597	0.578	0.577	0.55	0.534	0.513	0.498	0.481	0.457	0.442	0.393	0.39	0.386	0.353	0.33	0.334	0.31	0.268	0.269	0.244	0.221	0.233	0.164	
1	1	1	1	1	1	1	1	1	1	1	1	1	1	1	1	1	1	1	1	1	1	1	1	1	1	1	1	1	1	1	1	1	1	1	1	0.999	1	1	0.999	0.996	0.997	0.996	0.992	0.995	0.985	0.988	0.985	0.974	0.976	0.983	0.976	0.959	0.969	0.962	0.95	0.931	0.928	0.91	0.917	0.897	0.876	0.876	0.842	0.846	0.829	0.795	0.78	0.754	0.794	0.744	0.731	0.703	0.689	0.658	0.644	0.626	0.614	0.594	0.583	0.551	0.561	0.495	0.491	0.465	0.452	0.439	0.406	0.4	0.367	0.378	0.364	0.352	0.323	0.288	0.277	0.285	0.255	0.238	0.263	
1	1	1	0.999	0.998	0.996	0.999	0.992	0.994	0.992	0.988	0.981	0.977	0.97	0.966	0.965	0.939	0.946	0.94	0.925	0.898	0.893	0.896	0.855	0.843	0.848	0.818	0.826	0.796	0.782	0.749	0.731	0.729	0.734	0.703	0.683	0.677	0.686	0.664	0.646	0.655	0.609	0.608	0.584	0.605	0.551	0.54	0.519	0.55	0.515	0.491	0.502	0.508	0.47	0.496	0.459	0.481	0.438	0.438	0.436	0.443	0.417	0.401	0.371	0.382	0.35	0.321	0.308	0.324	0.325	0.32	0.281	0.261	0.232	0.232	0.217	0.211	0.181	0.182	0.186	0.138	0.136	0.138	0.122	0.12	0.094	0.099	0.078	0.082	0.07	0.065	0.047	0.032	0.046	0.031	0.032	0.03	0.031	0.017	0.018	
1	1	0.998	0.999	0.999	0.999	0.999	0.997	0.998	0.994	0.995	0.989	0.985	0.993	0.982	0.981	0.977	0.976	0.972	0.961	0.969	0.968	0.952	0.942	0.943	0.939	0.955	0.934	0.923	0.927	0.927	0.914	0.91	0.919	0.909	0.904	0.887	0.906	0.867	0.89	0.907	0.877	0.892	0.887	0.896	0.881	0.889	0.883	0.877	0.886	0.867	0.872	0.878	0.888	0.893	0.877	0.9	0.859	0.895	0.903	0.888	0.896	0.906	0.903	0.894	0.9	0.911	0.911	0.898	0.909	0.92	0.919	0.907	0.9	0.911	0.918	0.919	0.932	0.912	0.912	0.9	0.907	0.897	0.908	0.856	0.883	0.864	0.866	0.829	0.831	0.829	0.827	0.795	0.772	0.756	0.757	0.747	0.686	0.669	0.682	
1	1	1	0.999	0.999	1	1	0.998	0.999	1	0.997	0.997	0.996	0.996	0.992	0.994	0.982	0.982	0.977	0.985	0.968	0.963	0.958	0.926	0.94	0.921	0.914	0.884	0.872	0.841	0.843	0.814	0.81	0.775	0.783	0.727	0.707	0.68	0.646	0.635	0.582	0.589	0.57	0.513	0.532	0.497	0.462	0.465	0.41	0.415	0.382	0.338	0.328	0.322	0.258	0.275	0.254	0.225	0.225	0.199	0.178	0.134	0.168	0.135	0.109	0.096	0.09	0.083	0.072	0.074	0.06	0.071	0.04	0.039	0.035	0.032	0.031	0.03	0.019	0.026	0.019	0.015	0.017	0.005	0.011	0.005	0.009	0.004	0.007	0.007	0.002	0.002	0.004	0.003	0.002	0.002	0.001	0.005	0.003	0.001	
1	1	1	1	1	1	1	1	1	1	1	1	1	1	1	1	1	1	1	1	1	1	1	1	1	1	1	1	1	1	1	1	1	1	1	1	1	1	1	1	1	1	1	1	1	0.999	1	0.999	0.999	0.999	0.997	0.997	0.995	0.997	0.998	0.995	0.995	0.996	0.992	0.989	0.988	0.984	0.983	0.971	0.976	0.971	0.954	0.957	0.964	0.931	0.941	0.924	0.926	0.92	0.874	0.869	0.85	0.845	0.841	0.781	0.789	0.764	0.726	0.695	0.655	0.659	0.646	0.585	0.599	0.548	0.509	0.5	0.426	0.439	0.414	0.353	0.313	0.281	0.278	0.263	
1	1	1	1	1	1	1	1	1	1	1	1	1	1	1	1	1	1	1	1	1	1	1	1	1	1	1	1	1	1	1	1	1	1	1	1	1	1	1	1	1	1	1	1	1	1	1	1	0.999	1	1	1	1	1	1	0.999	1	1	0.999	1	1	1	1	1	0.997	0.999	0.999	0.999	0.999	0.996	0.99	0.993	0.996	0.989	0.994	0.996	0.992	0.992	0.988	0.982	0.975	0.976	0.985	0.966	0.964	0.966	0.964	0.975	0.946	0.935	0.959	0.935	0.926	0.921	0.92	0.902	0.915	0.876	0.893	0.877	
1	1	1	1	1	1	1	1	1	1	1	1	1	1	1	1	1	1	1	1	1	1	1	1	1	1	1	1	1	1	1	1	1	1	1	1	1	1	1	1	1	1	1	1	1	1	1	1	1	1	1	1	1	1	1	1	1	1	1	1	1	0.999	1	0.999	1	1	1	1	1	1	1	1	1	1	1	1	0.999	0.999	1	1	1	1	1	0.999	0.997	0.998	0.999	0.996	0.998	0.996	0.998	0.996	0.997	0.996	0.997	0.996	0.989	0.991	0.991	0.991	
1	1	1	1	1	1	1	1	1	1	1	1	1	1	1	1	1	1	1	1	1	0.999	0.999	0.996	0.996	0.999	0.997	0.996	0.996	0.997	0.992	0.993	0.994	0.989	0.992	0.99	0.995	0.995	0.985	0.981	0.992	0.979	0.99	0.984	0.986	0.975	0.975	0.977	0.975	0.976	0.965	0.969	0.961	0.962	0.958	0.948	0.943	0.949	0.937	0.932	0.925	0.912	0.922	0.902	0.9	0.9	0.873	0.883	0.873	0.863	0.869	0.83	0.85	0.794	0.802	0.821	0.766	0.782	0.76	0.778	0.744	0.719	0.704	0.689	0.666	0.65	0.619	0.621	0.587	0.589	0.54	0.546	0.548	0.506	0.496	0.447	0.446	0.427	0.419	0.412	
1	1	1	1	1	1	1	1	1	1	1	1	1	1	1	1	1	1	1	1	1	1	1	1	1	1	1	1	1	1	0.999	0.999	1	1	1	1	1	0.999	1	1	1	1	0.999	0.998	1	0.997	0.999	0.999	0.997	0.99	0.99	0.987	0.99	0.974	0.978	0.97	0.961	0.963	0.954	0.941	0.933	0.924	0.903	0.893	0.88	0.862	0.847	0.828	0.794	0.795	0.775	0.738	0.705	0.671	0.669	0.598	0.59	0.542	0.523	0.491	0.468	0.44	0.396	0.371	0.321	0.291	0.298	0.241	0.229	0.19	0.175	0.159	0.158	0.106	0.105	0.088	0.086	0.062	0.047	0.044	
1	1	1	1	1	1	1	1	1	1	1	1	1	1	1	1	1	1	1	1	1	1	1	1	1	1	1	1	1	1	1	1	1	1	1	1	1	1	1	1	1	1	1	1	1	1	1	1	0.998	0.999	0.998	0.998	0.999	0.996	0.992	0.995	0.996	0.99	0.991	0.987	0.986	0.976	0.984	0.973	0.981	0.965	0.961	0.982	0.948	0.943	0.959	0.94	0.926	0.934	0.913	0.902	0.901	0.877	0.853	0.84	0.839	0.837	0.79	0.792	0.8	0.77	0.753	0.726	0.695	0.672	0.647	0.627	0.655	0.581	0.592	0.545	0.527	0.531	0.481	0.484	
1	1	1	1	1	1	1	1	1	1	1	1	1	1	1	1	1	1	1	1	1	1	1	1	1	1	1	1	1	1	1	1	1	1	1	1	1	1	0.999	1	1	1	1	0.999	1	0.999	1	0.997	0.998	0.999	0.998	0.998	0.994	0.99	0.994	0.991	0.991	0.987	0.985	0.98	0.979	0.97	0.969	0.965	0.949	0.948	0.942	0.93	0.921	0.904	0.875	0.895	0.888	0.875	0.846	0.794	0.8	0.798	0.753	0.738	0.705	0.692	0.658	0.619	0.607	0.554	0.547	0.524	0.47	0.462	0.417	0.393	0.347	0.31	0.277	0.289	0.22	0.21	0.193	0.17	
1	1	1	1	1	1	1	1	1	1	1	1	1	1	1	1	1	1	1	1	1	1	1	1	1	1	0.997	0.998	0.996	0.998	0.998	0.995	0.997	0.994	0.991	0.99	0.99	0.987	0.984	0.978	0.975	0.964	0.977	0.949	0.948	0.927	0.906	0.921	0.894	0.89	0.853	0.854	0.815	0.799	0.77	0.749	0.719	0.718	0.684	0.641	0.585	0.562	0.523	0.524	0.489	0.448	0.387	0.365	0.369	0.334	0.276	0.239	0.234	0.213	0.173	0.168	0.135	0.141	0.12	0.085	0.075	0.062	0.058	0.055	0.026	0.042	0.027	0.02	0.024	0.021	0.017	0.009	0.007	0.004	0.002	0.008	0.001	0.004	0.004	0	
1	1	1	1	1	1	1	1	1	1	1	1	1	1	1	1	1	1	1	1	1	1	1	1	1	1	1	1	1	1	1	1	0.999	1	0.999	0.999	0.999	0.997	1	0.995	0.997	0.994	0.989	0.993	0.99	0.984	0.984	0.979	0.989	0.979	0.974	0.978	0.967	0.955	0.955	0.943	0.932	0.932	0.907	0.919	0.911	0.879	0.877	0.85	0.848	0.84	0.831	0.782	0.782	0.747	0.731	0.737	0.689	0.682	0.645	0.645	0.614	0.586	0.587	0.572	0.501	0.502	0.438	0.44	0.43	0.402	0.351	0.312	0.345	0.314	0.276	0.232	0.226	0.201	0.186	0.185	0.15	0.142	0.122	0.108	
0.745	0.69	0.66	0.621	0.578	0.563	0.507	0.462	0.404	0.4	0.38	0.357	0.353	0.314	0.279	0.264	0.218	0.217	0.198	0.191	0.161	0.163	0.146	0.135	0.109	0.102	0.092	0.096	0.063	0.064	0.056	0.049	0.038	0.031	0.026	0.022	0.021	0.027	0.016	0.019	0.012	0.012	0.009	0.008	0.002	0.005	0.004	0.008	0.003	0.004	0.004	0.002	0.004	0.003	0.002	0.003	0	0	0.002	0.002	0.001	0	0.002	0.001	0	0	0.001	0	0	0	0	0	0.001	0	0	0	0	0	0	0	0	0	0	0	0	0	0	0	0	0	0	0	0	0	0	0	0	0	0	0	
1	1	1	1	1	1	1	1	1	1	1	1	1	1	1	1	1	1	1	1	1	1	1	1	1	1	1	1	1	1	1	1	1	1	1	1	1	1	1	1	1	1	1	1	1	1	0.999	1	0.998	0.999	0.998	1	0.997	0.998	0.997	0.995	0.991	0.993	0.992	0.989	0.987	0.982	0.978	0.981	0.965	0.955	0.963	0.942	0.95	0.935	0.91	0.912	0.917	0.888	0.868	0.852	0.842	0.808	0.795	0.788	0.728	0.728	0.708	0.68	0.634	0.642	0.582	0.568	0.508	0.503	0.447	0.427	0.425	0.37	0.342	0.316	0.286	0.271	0.22	0.223	
1	1	0.999	1	1	0.999	0.999	0.996	0.998	0.995	0.997	0.996	0.993	0.986	0.985	0.98	0.967	0.97	0.957	0.951	0.96	0.935	0.928	0.925	0.903	0.908	0.897	0.889	0.863	0.863	0.862	0.836	0.839	0.797	0.793	0.783	0.763	0.766	0.717	0.729	0.726	0.678	0.701	0.688	0.639	0.641	0.622	0.577	0.605	0.59	0.568	0.571	0.559	0.532	0.498	0.491	0.498	0.472	0.414	0.416	0.427	0.417	0.388	0.346	0.354	0.371	0.343	0.333	0.334	0.326	0.283	0.241	0.252	0.263	0.244	0.221	0.228	0.203	0.201	0.193	0.171	0.162	0.138	0.141	0.121	0.132	0.102	0.102	0.09	0.089	0.071	0.067	0.077	0.055	0.04	0.031	0.041	0.039	0.034	0.03	
1	1	1	1	1	1	1	1	1	1	1	1	1	1	1	1	1	1	1	1	1	1	1	1	1	1	1	1	1	1	1	0.999	1	1	1	1	1	1	1	0.998	1	0.998	1	1	0.997	1	0.999	0.998	0.998	0.993	0.993	0.994	0.996	0.995	0.99	0.989	0.988	0.989	0.989	0.984	0.982	0.982	0.98	0.971	0.971	0.978	0.957	0.949	0.938	0.953	0.938	0.957	0.934	0.939	0.928	0.907	0.906	0.9	0.892	0.875	0.867	0.869	0.854	0.874	0.825	0.815	0.807	0.79	0.814	0.789	0.747	0.74	0.75	0.713	0.7	0.677	0.668	0.651	0.604	0.583	
1	1	1	1	1	1	1	1	1	1	1	1	1	1	1	1	0.999	1	1	0.999	0.999	0.999	0.999	0.999	0.994	0.998	0.994	0.994	0.989	0.99	0.989	0.981	0.982	0.979	0.974	0.973	0.97	0.956	0.955	0.954	0.949	0.94	0.934	0.904	0.933	0.917	0.885	0.896	0.893	0.869	0.848	0.852	0.86	0.829	0.811	0.818	0.815	0.777	0.801	0.766	0.763	0.732	0.739	0.735	0.746	0.72	0.697	0.71	0.65	0.676	0.68	0.651	0.635	0.623	0.656	0.609	0.605	0.575	0.593	0.571	0.586	0.535	0.535	0.54	0.508	0.513	0.492	0.504	0.484	0.436	0.456	0.441	0.42	0.441	0.424	0.424	0.397	0.377	0.416	0.383	
1	1	1	1	1	1	1	1	1	1	1	1	1	1	1	1	1	1	1	1	1	1	1	1	1	1	1	1	1	1	1	1	1	1	1	1	1	1	1	1	1	1	1	1	1	1	1	1	1	1	1	1	1	1	0.999	0.999	1	0.999	0.999	0.994	0.999	0.997	0.996	0.994	0.991	0.995	0.992	0.991	0.988	0.98	0.985	0.981	0.967	0.963	0.947	0.955	0.947	0.927	0.923	0.897	0.885	0.882	0.873	0.845	0.846	0.826	0.801	0.8	0.759	0.747	0.732	0.673	0.65	0.634	0.581	0.584	0.551	0.513	0.49	0.466	
0.801	0.776	0.8	0.778	0.777	0.757	0.771	0.758	0.734	0.737	0.75	0.736	0.717	0.732	0.727	0.706	0.727	0.735	0.677	0.714	0.695	0.687	0.705	0.689	0.693	0.671	0.679	0.684	0.654	0.683	0.687	0.644	0.663	0.658	0.637	0.658	0.622	0.657	0.634	0.614	0.618	0.653	0.65	0.661	0.618	0.637	0.65	0.672	0.658	0.657	0.653	0.667	0.644	0.658	0.664	0.669	0.676	0.662	0.669	0.7	0.675	0.693	0.675	0.694	0.679	0.716	0.705	0.688	0.704	0.719	0.725	0.722	0.728	0.749	0.737	0.755	0.753	0.765	0.755	0.768	0.743	0.775	0.774	0.764	0.774	0.785	0.809	0.784	0.809	0.812	0.808	0.818	0.823	0.821	0.816	0.835	0.815	0.808	0.802	0.834	
0.173	0.163	0.151	0.119	0.098	0.102	0.085	0.064	0.061	0.05	0.053	0.034	0.052	0.036	0.04	0.025	0.028	0.034	0.033	0.031	0.026	0.023	0.019	0.017	0.02	0.024	0.021	0.02	0.018	0.018	0.017	0.019	0.01	0.009	0.01	0.011	0.012	0.012	0.013	0.007	0.006	0.008	0.007	0.013	0.007	0.01	0.005	0.011	0.009	0.006	0.002	0	0.009	0.001	0.001	0.005	0.003	0.002	0.003	0.002	0.002	0.001	0.001	0.002	0.001	0.001	0.001	0	0.001	0	0	0.001	0.001	0.001	0	0	0	0	0	0	0.001	0	0	0	0.001	0	0	0	0	0	0	0	0	0	0	0	0	0	0	0	
1	0.999	1	0.999	0.999	0.996	0.998	0.99	0.986	0.979	0.969	0.972	0.963	0.959	0.933	0.922	0.904	0.875	0.841	0.812	0.789	0.761	0.717	0.699	0.68	0.619	0.587	0.543	0.552	0.504	0.465	0.391	0.398	0.373	0.339	0.328	0.276	0.248	0.247	0.236	0.193	0.191	0.137	0.17	0.139	0.149	0.117	0.126	0.097	0.097	0.081	0.075	0.07	0.073	0.063	0.068	0.043	0.051	0.041	0.041	0.043	0.044	0.034	0.038	0.046	0.022	0.027	0.026	0.021	0.021	0.026	0.031	0.022	0.02	0.022	0.016	0.026	0.01	0.015	0.015	0.007	0.011	0.006	0.009	0.005	0.007	0.006	0.005	0.005	0.005	0.004	0.005	0.003	0.004	0.003	0.003	0.001	0.002	0.004	0.004	
1	1	1	1	1	1	1	1	1	1	1	1	1	1	1	1	1	1	1	1	1	1	1	1	1	1	1	1	1	1	1	1	1	1	1	1	1	1	1	1	1	1	1	1	1	1	1	1	1	1	1	1	0.999	1	1	0.998	0.994	0.994	0.991	0.989	0.985	0.991	0.987	0.981	0.978	0.979	0.985	0.98	0.971	0.955	0.955	0.949	0.948	0.942	0.946	0.926	0.918	0.916	0.9	0.885	0.897	0.87	0.874	0.886	0.856	0.866	0.827	0.822	0.82	0.798	0.822	0.793	0.784	0.766	0.772	0.761	0.782	0.747	0.726	0.709	
1	1	1	1	1	1	1	1	1	1	1	1	1	1	1	1	0.999	1	0.999	0.999	0.999	0.998	0.999	0.997	0.996	0.994	0.997	1	0.994	0.992	0.997	0.994	0.99	0.988	0.985	0.99	0.992	0.98	0.988	0.976	0.982	0.977	0.969	0.97	0.962	0.972	0.959	0.966	0.958	0.942	0.955	0.942	0.933	0.928	0.918	0.927	0.911	0.915	0.901	0.881	0.876	0.86	0.866	0.868	0.835	0.837	0.831	0.807	0.769	0.787	0.77	0.736	0.775	0.747	0.699	0.697	0.652	0.656	0.63	0.588	0.552	0.567	0.536	0.525	0.493	0.455	0.448	0.445	0.407	0.387	0.319	0.324	0.302	0.305	0.247	0.243	0.211	0.18	0.175	0.146	
1	1	1	1	1	1	1	1	1	1	1	1	1	1	1	1	1	1	1	1	1	1	1	0.999	1	1	0.999	0.999	1	1	0.997	0.996	0.998	0.999	0.999	0.997	0.997	0.994	0.992	0.987	0.985	0.982	0.972	0.973	0.967	0.947	0.954	0.948	0.931	0.936	0.933	0.913	0.9	0.861	0.872	0.852	0.807	0.813	0.785	0.773	0.763	0.733	0.709	0.705	0.661	0.602	0.602	0.556	0.532	0.531	0.496	0.482	0.484	0.428	0.419	0.4	0.377	0.353	0.356	0.342	0.302	0.28	0.263	0.242	0.228	0.237	0.207	0.168	0.203	0.187	0.149	0.171	0.139	0.122	0.108	0.103	0.111	0.119	0.069	0.09	
1	1	1	1	1	1	1	1	1	1	1	1	1	1	1	1	1	1	1	1	1	1	1	1	1	1	1	1	1	1	1	1	0.999	1	0.999	1	1	1	1	1	0.999	1	0.999	0.999	0.997	0.998	0.996	0.996	0.995	0.992	0.99	0.981	0.989	0.99	0.979	0.98	0.967	0.978	0.961	0.962	0.952	0.924	0.949	0.924	0.907	0.875	0.876	0.853	0.83	0.839	0.793	0.795	0.745	0.729	0.713	0.683	0.624	0.606	0.556	0.552	0.485	0.434	0.422	0.41	0.365	0.314	0.281	0.251	0.242	0.199	0.198	0.167	0.148	0.115	0.099	0.087	0.061	0.06	0.044	0.042	
1	1	1	1	1	1	1	1	1	1	1	1	1	1	1	1	1	1	1	1	1	1	1	1	1	1	1	1	0.999	0.997	0.998	1	0.998	0.998	0.995	0.993	0.992	0.988	0.991	0.99	0.985	0.98	0.972	0.971	0.961	0.965	0.949	0.935	0.935	0.926	0.937	0.904	0.89	0.889	0.893	0.866	0.842	0.842	0.807	0.812	0.757	0.762	0.712	0.709	0.711	0.674	0.628	0.613	0.579	0.584	0.552	0.523	0.501	0.452	0.488	0.426	0.461	0.409	0.392	0.38	0.371	0.368	0.312	0.283	0.317	0.29	0.248	0.272	0.245	0.241	0.21	0.207	0.207	0.184	0.18	0.159	0.167	0.168	0.136	0.143	
1	1	1	1	1	1	1	1	1	1	1	1	1	1	1	1	1	1	1	1	1	1	1	1	1	1	1	1	1	1	1	1	1	0.999	0.999	1	1	0.999	1	1	0.997	0.999	0.998	0.996	0.997	0.992	0.988	0.994	0.991	0.983	0.983	0.979	0.979	0.97	0.958	0.96	0.956	0.953	0.943	0.923	0.909	0.919	0.904	0.887	0.877	0.879	0.854	0.82	0.807	0.791	0.778	0.766	0.752	0.713	0.696	0.712	0.635	0.628	0.622	0.601	0.544	0.552	0.537	0.493	0.454	0.439	0.437	0.387	0.384	0.344	0.33	0.308	0.255	0.257	0.232	0.228	0.185	0.164	0.153	0.145	
1	1	1	1	0.999	0.999	0.999	0.999	0.999	0.998	0.998	0.999	0.999	0.999	0.999	1	0.997	0.998	0.998	0.996	0.993	0.996	0.994	0.992	0.992	0.99	0.987	0.987	0.991	0.981	0.99	0.965	0.972	0.975	0.967	0.965	0.954	0.963	0.952	0.945	0.937	0.926	0.943	0.93	0.915	0.93	0.915	0.908	0.91	0.899	0.903	0.868	0.889	0.886	0.874	0.872	0.869	0.839	0.836	0.838	0.848	0.817	0.821	0.816	0.806	0.808	0.818	0.787	0.781	0.79	0.766	0.751	0.76	0.752	0.739	0.737	0.718	0.71	0.707	0.725	0.682	0.702	0.689	0.696	0.701	0.651	0.664	0.646	0.629	0.605	0.616	0.613	0.587	0.551	0.56	0.548	0.504	0.52	0.5	0.507	
0.919	0.902	0.868	0.856	0.845	0.823	0.81	0.764	0.747	0.744	0.724	0.697	0.657	0.63	0.611	0.58	0.602	0.581	0.562	0.536	0.517	0.489	0.457	0.481	0.437	0.42	0.387	0.356	0.358	0.394	0.343	0.311	0.296	0.286	0.286	0.266	0.257	0.237	0.216	0.24	0.188	0.198	0.171	0.157	0.17	0.155	0.132	0.13	0.108	0.101	0.085	0.094	0.084	0.066	0.082	0.056	0.046	0.047	0.053	0.037	0.031	0.027	0.032	0.021	0.025	0.024	0.015	0.023	0.014	0.014	0.01	0.006	0.003	0.007	0.003	0.007	0.004	0.002	0.001	0.001	0.002	0.002	0.003	0.001	0	0.001	0.001	0	0.001	0.003	0	0	0	0	0	0	0	0	0	0	
1	0.998	1	1	1	1	0.999	1	0.997	0.998	0.996	0.991	0.993	0.997	0.986	0.982	0.973	0.974	0.974	0.971	0.961	0.951	0.945	0.932	0.923	0.903	0.9	0.897	0.885	0.864	0.859	0.823	0.824	0.795	0.794	0.747	0.76	0.74	0.702	0.683	0.654	0.642	0.629	0.615	0.598	0.56	0.563	0.509	0.491	0.471	0.485	0.442	0.421	0.421	0.405	0.394	0.367	0.367	0.336	0.371	0.318	0.308	0.314	0.318	0.273	0.315	0.294	0.289	0.272	0.272	0.263	0.271	0.295	0.258	0.26	0.275	0.273	0.26	0.247	0.292	0.271	0.286	0.265	0.254	0.289	0.239	0.265	0.256	0.253	0.274	0.267	0.258	0.255	0.274	0.29	0.277	0.261	0.271	0.272	0.253	
1	1	1	1	1	1	1	1	1	1	1	1	1	1	1	1	1	1	1	1	1	1	1	1	1	0.999	1	1	1	1	1	1	1	1	1	0.999	1	1	1	0.998	1	0.999	0.999	0.997	1	0.995	0.998	0.996	0.998	0.995	0.993	0.993	0.994	0.995	0.987	0.995	0.994	0.991	0.988	0.987	0.99	0.991	0.989	0.986	0.986	0.979	0.984	0.986	0.984	0.984	0.982	0.974	0.978	0.971	0.965	0.963	0.967	0.975	0.967	0.97	0.96	0.967	0.96	0.968	0.958	0.951	0.948	0.959	0.954	0.953	0.938	0.937	0.934	0.936	0.927	0.928	0.929	0.926	0.926	0.931	
0.758	0.785	0.722	0.694	0.662	0.667	0.641	0.625	0.604	0.583	0.597	0.543	0.52	0.495	0.476	0.441	0.434	0.411	0.387	0.38	0.348	0.343	0.325	0.303	0.292	0.276	0.279	0.263	0.271	0.262	0.242	0.235	0.217	0.22	0.197	0.187	0.175	0.209	0.168	0.162	0.173	0.161	0.137	0.151	0.177	0.142	0.159	0.159	0.168	0.14	0.136	0.141	0.126	0.121	0.136	0.147	0.127	0.111	0.125	0.145	0.127	0.118	0.11	0.108	0.146	0.115	0.104	0.09	0.111	0.101	0.097	0.104	0.087	0.086	0.086	0.074	0.095	0.079	0.072	0.094	0.077	0.071	0.064	0.055	0.063	0.056	0.068	0.056	0.054	0.045	0.047	0.04	0.041	0.037	0.037	0.036	0.032	0.036	0.034	0.018	
0.024	0.012	0.012	0.012	0.009	0.019	0.016	0.019	0.01	0.012	0.009	0.008	0.013	0.008	0.01	0.012	0.008	0.013	0.006	0.016	0.01	0.008	0.014	0.014	0.009	0.014	0.011	0.006	0.013	0.015	0.01	0.013	0.015	0.006	0.018	0.016	0.017	0.014	0.016	0.017	0.02	0.021	0.016	0.027	0.033	0.031	0.027	0.021	0.035	0.039	0.048	0.04	0.064	0.055	0.063	0.062	0.064	0.074	0.061	0.08	0.074	0.08	0.075	0.097	0.1	0.099	0.105	0.114	0.101	0.103	0.122	0.133	0.124	0.148	0.137	0.149	0.139	0.163	0.152	0.171	0.169	0.174	0.147	0.168	0.183	0.174	0.165	0.158	0.173	0.176	0.195	0.156	0.178	0.156	0.159	0.162	0.155	0.152	0.166	0.163	
1	1	1	1	1	1	1	1	1	1	1	1	1	1	1	1	1	1	1	1	1	1	1	1	1	1	1	1	0.999	1	1	1	1	0.999	0.999	1	0.998	1	0.998	0.992	0.997	1	0.998	0.995	0.997	0.995	0.995	0.986	0.997	0.989	0.99	0.994	0.989	0.991	0.982	0.981	0.97	0.972	0.964	0.969	0.976	0.944	0.953	0.939	0.932	0.925	0.915	0.902	0.894	0.907	0.883	0.874	0.883	0.848	0.833	0.842	0.811	0.791	0.785	0.769	0.77	0.729	0.733	0.673	0.685	0.683	0.65	0.628	0.602	0.608	0.591	0.547	0.553	0.539	0.476	0.491	0.462	0.424	0.437	0.424	
1	1	1	1	1	1	1	1	1	1	1	1	1	1	1	1	1	1	1	1	1	1	1	1	1	1	1	1	1	1	1	1	1	1	1	1	1	1	1	1	1	1	1	1	1	1	1	1	1	0.999	1	0.998	1	0.999	1	0.999	1	1	0.997	0.998	0.997	0.997	0.998	0.998	0.995	0.992	0.996	0.996	0.986	0.986	0.988	0.984	0.98	0.979	0.981	0.975	0.97	0.972	0.964	0.955	0.965	0.958	0.939	0.956	0.954	0.954	0.956	0.94	0.938	0.931	0.928	0.934	0.933	0.918	0.929	0.91	0.923	0.926	0.909	0.909	
1	0.999	0.998	0.999	1	0.998	0.997	0.994	0.989	0.992	0.991	0.994	0.985	0.979	0.985	0.981	0.98	0.975	0.969	0.967	0.973	0.953	0.945	0.952	0.938	0.929	0.928	0.908	0.908	0.896	0.888	0.881	0.878	0.853	0.867	0.82	0.809	0.813	0.82	0.775	0.758	0.738	0.703	0.724	0.69	0.691	0.675	0.634	0.601	0.613	0.601	0.559	0.563	0.532	0.479	0.457	0.43	0.415	0.398	0.396	0.359	0.345	0.341	0.339	0.285	0.291	0.269	0.251	0.287	0.236	0.25	0.216	0.187	0.198	0.201	0.206	0.201	0.183	0.188	0.183	0.176	0.166	0.173	0.176	0.175	0.16	0.139	0.167	0.167	0.157	0.139	0.138	0.16	0.177	0.158	0.168	0.174	0.167	0.147	0.156	
0.99	0.991	0.972	0.968	0.974	0.971	0.936	0.915	0.9	0.876	0.833	0.828	0.77	0.752	0.712	0.678	0.607	0.591	0.573	0.556	0.498	0.464	0.457	0.447	0.395	0.381	0.372	0.336	0.321	0.315	0.275	0.288	0.247	0.244	0.216	0.235	0.211	0.21	0.206	0.182	0.203	0.188	0.2	0.199	0.189	0.18	0.204	0.21	0.193	0.178	0.198	0.193	0.189	0.176	0.188	0.206	0.193	0.199	0.21	0.194	0.23	0.201	0.23	0.213	0.232	0.226	0.241	0.248	0.244	0.256	0.253	0.249	0.284	0.287	0.331	0.272	0.313	0.275	0.302	0.298	0.28	0.311	0.286	0.28	0.318	0.315	0.334	0.358	0.326	0.329	0.323	0.358	0.35	0.352	0.331	0.366	0.325	0.354	0.338	0.328	
1	1	1	1	1	1	1	1	1	1	1	0.998	0.999	0.997	0.998	0.998	0.997	0.991	0.995	0.992	0.981	0.984	0.969	0.959	0.958	0.954	0.932	0.935	0.933	0.929	0.928	0.901	0.909	0.888	0.871	0.856	0.866	0.857	0.827	0.802	0.802	0.794	0.78	0.746	0.722	0.725	0.717	0.727	0.686	0.652	0.665	0.644	0.633	0.618	0.576	0.602	0.56	0.546	0.528	0.535	0.503	0.495	0.467	0.448	0.435	0.436	0.383	0.377	0.359	0.349	0.349	0.33	0.31	0.291	0.28	0.279	0.277	0.255	0.219	0.208	0.208	0.191	0.176	0.165	0.151	0.15	0.129	0.133	0.12	0.108	0.085	0.089	0.085	0.078	0.078	0.071	0.068	0.063	0.055	0.041	
0.643	0.612	0.622	0.57	0.565	0.566	0.539	0.528	0.548	0.502	0.528	0.517	0.488	0.503	0.487	0.495	0.463	0.473	0.46	0.442	0.464	0.419	0.438	0.429	0.421	0.413	0.405	0.422	0.418	0.391	0.376	0.362	0.373	0.371	0.368	0.356	0.367	0.372	0.323	0.31	0.337	0.325	0.329	0.332	0.308	0.32	0.336	0.341	0.324	0.338	0.338	0.306	0.318	0.316	0.336	0.327	0.351	0.346	0.34	0.327	0.329	0.326	0.329	0.369	0.366	0.386	0.408	0.396	0.407	0.423	0.423	0.435	0.432	0.45	0.469	0.484	0.479	0.505	0.503	0.491	0.491	0.529	0.51	0.537	0.519	0.551	0.533	0.589	0.57	0.598	0.583	0.617	0.593	0.601	0.63	0.596	0.619	0.653	0.654	0.61	
0.157	0.165	0.149	0.142	0.123	0.128	0.128	0.128	0.13	0.142	0.118	0.122	0.109	0.141	0.12	0.094	0.112	0.107	0.129	0.112	0.111	0.11	0.109	0.11	0.117	0.129	0.116	0.104	0.081	0.112	0.113	0.09	0.114	0.114	0.108	0.103	0.09	0.108	0.094	0.101	0.094	0.108	0.096	0.104	0.092	0.09	0.085	0.088	0.064	0.096	0.068	0.077	0.079	0.062	0.058	0.052	0.06	0.062	0.065	0.062	0.057	0.051	0.048	0.054	0.055	0.033	0.048	0.042	0.056	0.036	0.039	0.047	0.047	0.039	0.044	0.045	0.044	0.05	0.048	0.053	0.058	0.054	0.057	0.067	0.063	0.082	0.062	0.081	0.086	0.098	0.097	0.102	0.114	0.127	0.118	0.12	0.139	0.132	0.134	0.147	
0.89	0.876	0.848	0.843	0.857	0.849	0.829	0.816	0.802	0.768	0.767	0.768	0.771	0.76	0.719	0.743	0.724	0.691	0.682	0.688	0.655	0.633	0.631	0.632	0.59	0.596	0.565	0.571	0.546	0.52	0.469	0.49	0.457	0.459	0.461	0.431	0.401	0.379	0.389	0.368	0.345	0.344	0.312	0.334	0.313	0.298	0.281	0.247	0.244	0.215	0.226	0.197	0.219	0.174	0.163	0.188	0.163	0.155	0.128	0.123	0.123	0.085	0.09	0.101	0.088	0.08	0.086	0.071	0.053	0.062	0.055	0.05	0.042	0.051	0.047	0.039	0.04	0.03	0.042	0.027	0.035	0.031	0.028	0.032	0.031	0.026	0.026	0.029	0.026	0.026	0.02	0.028	0.03	0.03	0.027	0.03	0.04	0.033	0.029	0.036	
1	1	1	1	1	1	1	1	1	1	1	1	1	1	1	1	1	1	1	1	1	1	1	1	1	1	1	1	1	1	1	1	1	1	1	1	1	1	1	1	1	1	1	1	1	1	1	1	1	1	0.999	1	1	1	0.999	1	0.999	0.999	1	0.998	0.997	0.995	0.998	0.996	0.994	0.99	0.993	0.989	0.982	0.982	0.979	0.984	0.977	0.96	0.965	0.949	0.952	0.94	0.94	0.914	0.91	0.897	0.876	0.851	0.829	0.787	0.786	0.769	0.736	0.71	0.703	0.654	0.609	0.589	0.547	0.496	0.49	0.456	0.415	0.386	
0.258	0.23	0.209	0.202	0.183	0.19	0.17	0.165	0.144	0.131	0.142	0.119	0.101	0.116	0.086	0.095	0.086	0.105	0.08	0.075	0.08	0.058	0.066	0.063	0.067	0.043	0.042	0.035	0.041	0.034	0.031	0.03	0.028	0.03	0.02	0.024	0.02	0.016	0.015	0.014	0.011	0.014	0.011	0.012	0.019	0.009	0.008	0.004	0.007	0.007	0.007	0.004	0.002	0.004	0.007	0.003	0.002	0	0.002	0.001	0.001	0	0.001	0.003	0.002	0.001	0	0.004	0	0.001	0.001	0.001	0	0	0	0	0	0	0	0	0	0	0	0.001	0	0.001	0	0	0	0	0	0	0	0	0	0	0	0	0	0	
1	1	0.999	0.996	0.993	0.994	0.997	0.99	0.995	0.992	0.988	0.993	0.989	0.988	0.996	0.982	0.985	0.978	0.983	0.978	0.988	0.978	0.975	0.966	0.965	0.962	0.961	0.932	0.948	0.953	0.934	0.928	0.934	0.91	0.903	0.889	0.874	0.864	0.863	0.849	0.835	0.804	0.814	0.817	0.797	0.766	0.764	0.759	0.75	0.731	0.735	0.711	0.7	0.702	0.697	0.654	0.66	0.672	0.686	0.635	0.625	0.635	0.622	0.606	0.623	0.637	0.585	0.615	0.613	0.612	0.6	0.569	0.613	0.581	0.597	0.601	0.585	0.597	0.622	0.582	0.615	0.583	0.612	0.579	0.585	0.578	0.638	0.604	0.596	0.597	0.597	0.599	0.61	0.594	0.6	0.603	0.605	0.62	0.64	0.63	
1	1	1	1	1	1	1	1	1	1	1	1	1	1	1	1	1	1	1	1	1	1	1	1	1	1	1	1	1	1	1	1	1	1	1	1	1	1	0.997	0.999	0.997	0.998	0.998	0.998	0.994	0.996	0.996	0.996	0.993	0.995	0.992	0.992	0.987	0.99	0.983	0.979	0.985	0.985	0.981	0.971	0.964	0.955	0.951	0.957	0.938	0.95	0.922	0.918	0.918	0.886	0.895	0.88	0.876	0.863	0.839	0.844	0.791	0.793	0.762	0.797	0.749	0.722	0.698	0.668	0.685	0.626	0.602	0.603	0.554	0.537	0.56	0.497	0.496	0.446	0.424	0.425	0.393	0.406	0.36	0.325	
1	1	1	1	1	1	1	1	1	1	1	1	1	0.999	1	1	0.996	0.999	0.999	0.992	0.988	0.992	0.983	0.98	0.978	0.971	0.969	0.959	0.947	0.932	0.907	0.916	0.893	0.904	0.865	0.866	0.844	0.841	0.813	0.81	0.802	0.791	0.748	0.752	0.719	0.734	0.705	0.696	0.702	0.619	0.658	0.604	0.614	0.588	0.552	0.55	0.551	0.528	0.509	0.499	0.456	0.491	0.446	0.448	0.41	0.44	0.39	0.368	0.365	0.344	0.307	0.302	0.288	0.281	0.283	0.275	0.213	0.233	0.216	0.193	0.172	0.177	0.163	0.139	0.136	0.115	0.129	0.097	0.099	0.093	0.077	0.059	0.073	0.077	0.049	0.053	0.028	0.039	0.036	0.027	
1	1	1	1	1	1	1	1	1	1	1	1	1	1	1	1	1	1	1	1	1	1	0.996	0.997	0.999	0.999	0.998	0.995	0.991	0.992	0.992	0.998	0.994	0.987	0.982	0.98	0.973	0.974	0.98	0.971	0.963	0.961	0.956	0.952	0.95	0.95	0.955	0.939	0.94	0.944	0.922	0.923	0.926	0.917	0.897	0.908	0.888	0.906	0.883	0.892	0.891	0.869	0.873	0.861	0.858	0.841	0.877	0.851	0.834	0.815	0.827	0.812	0.822	0.804	0.803	0.81	0.791	0.784	0.794	0.758	0.774	0.757	0.754	0.737	0.741	0.735	0.74	0.712	0.737	0.689	0.685	0.694	0.699	0.711	0.672	0.674	0.664	0.704	0.668	0.662	
1	1	1	1	1	1	1	1	1	1	1	1	1	1	1	1	1	1	1	0.999	1	1	1	0.999	0.999	0.998	0.998	1	0.998	0.999	0.999	0.997	0.996	0.997	0.997	0.994	0.995	0.992	0.99	0.989	0.995	0.986	0.973	0.981	0.971	0.965	0.963	0.958	0.955	0.946	0.931	0.913	0.898	0.906	0.908	0.889	0.866	0.856	0.838	0.8	0.795	0.777	0.757	0.735	0.701	0.687	0.663	0.643	0.615	0.614	0.532	0.541	0.522	0.503	0.455	0.438	0.402	0.359	0.36	0.339	0.295	0.292	0.287	0.228	0.226	0.209	0.171	0.175	0.127	0.149	0.136	0.101	0.107	0.111	0.089	0.078	0.064	0.053	0.06	0.05	
0.749	0.725	0.706	0.667	0.624	0.575	0.539	0.498	0.472	0.426	0.41	0.381	0.332	0.304	0.294	0.249	0.221	0.215	0.215	0.163	0.148	0.154	0.135	0.109	0.131	0.097	0.092	0.093	0.076	0.072	0.062	0.07	0.051	0.051	0.066	0.044	0.046	0.034	0.021	0.026	0.026	0.025	0.036	0.023	0.021	0.012	0.015	0.011	0.014	0.008	0.009	0.009	0.004	0.003	0.008	0.009	0.002	0.004	0.004	0.001	0.001	0.002	0.006	0.002	0.002	0.001	0.002	0	0	0.001	0	0.002	0	0.001	0	0.001	0	0	0	0.001	0.001	0	0	0	0	0	0	0	0	0	0	0	0	0	0	0	0	0	0	0	
0.841	0.807	0.777	0.77	0.743	0.726	0.68	0.676	0.669	0.671	0.65	0.665	0.646	0.607	0.601	0.627	0.569	0.567	0.602	0.566	0.549	0.528	0.587	0.551	0.56	0.554	0.588	0.579	0.593	0.584	0.555	0.593	0.607	0.616	0.601	0.621	0.632	0.641	0.64	0.654	0.636	0.663	0.65	0.663	0.688	0.71	0.731	0.712	0.709	0.739	0.756	0.763	0.761	0.783	0.804	0.782	0.797	0.808	0.799	0.822	0.801	0.857	0.843	0.857	0.849	0.858	0.877	0.868	0.893	0.888	0.905	0.9	0.91	0.876	0.922	0.903	0.907	0.906	0.913	0.9	0.896	0.895	0.886	0.897	0.891	0.883	0.892	0.882	0.86	0.842	0.837	0.828	0.82	0.812	0.796	0.749	0.753	0.72	0.711	0.682	
1	1	1	1	1	1	1	1	1	1	1	1	1	1	1	1	1	1	1	1	1	1	1	0.999	1	1	1	0.998	0.999	0.999	0.997	0.993	0.994	0.991	0.992	0.99	0.986	0.98	0.974	0.973	0.969	0.966	0.961	0.965	0.941	0.941	0.909	0.925	0.907	0.893	0.877	0.851	0.839	0.832	0.811	0.804	0.779	0.77	0.764	0.75	0.692	0.666	0.663	0.622	0.603	0.587	0.569	0.526	0.5	0.497	0.479	0.434	0.398	0.383	0.355	0.317	0.288	0.269	0.272	0.213	0.217	0.165	0.166	0.15	0.134	0.114	0.087	0.078	0.046	0.045	0.051	0.045	0.042	0.026	0.021	0.012	0.014	0.01	0.008	0.003	
1	0.999	0.998	0.998	0.994	0.987	0.982	0.963	0.959	0.955	0.927	0.922	0.881	0.872	0.84	0.789	0.776	0.777	0.74	0.721	0.674	0.634	0.612	0.606	0.562	0.544	0.545	0.513	0.463	0.457	0.455	0.42	0.387	0.383	0.356	0.347	0.306	0.303	0.299	0.297	0.27	0.253	0.223	0.232	0.201	0.206	0.206	0.201	0.167	0.193	0.171	0.179	0.147	0.145	0.149	0.15	0.147	0.152	0.131	0.132	0.114	0.086	0.121	0.097	0.1	0.097	0.093	0.09	0.096	0.092	0.087	0.093	0.088	0.085	0.084	0.069	0.077	0.092	0.075	0.098	0.072	0.07	0.073	0.067	0.07	0.072	0.056	0.08	0.054	0.052	0.082	0.067	0.056	0.054	0.057	0.071	0.076	0.058	0.051	0.052	
0.793	0.778	0.793	0.81	0.796	0.814	0.812	0.807	0.806	0.823	0.797	0.816	0.795	0.794	0.779	0.8	0.775	0.779	0.795	0.801	0.797	0.812	0.802	0.779	0.806	0.797	0.797	0.781	0.778	0.78	0.799	0.805	0.791	0.787	0.782	0.791	0.768	0.769	0.755	0.775	0.778	0.78	0.764	0.767	0.761	0.733	0.749	0.743	0.761	0.758	0.747	0.755	0.743	0.751	0.744	0.763	0.732	0.715	0.73	0.709	0.73	0.722	0.683	0.655	0.664	0.672	0.664	0.67	0.641	0.629	0.615	0.629	0.625	0.58	0.584	0.591	0.548	0.553	0.521	0.5	0.509	0.495	0.463	0.455	0.449	0.425	0.404	0.372	0.348	0.345	0.315	0.287	0.28	0.283	0.267	0.256	0.214	0.217	0.215	0.193	
1	1	1	1	1	1	1	1	1	1	1	1	0.999	0.999	1	0.997	0.996	0.991	0.991	0.988	0.981	0.981	0.972	0.958	0.955	0.948	0.916	0.907	0.908	0.866	0.861	0.83	0.798	0.772	0.756	0.741	0.726	0.695	0.627	0.648	0.616	0.564	0.576	0.565	0.541	0.488	0.477	0.48	0.48	0.439	0.432	0.43	0.386	0.393	0.355	0.367	0.374	0.353	0.333	0.318	0.32	0.295	0.302	0.286	0.311	0.283	0.275	0.258	0.29	0.26	0.267	0.257	0.249	0.292	0.26	0.244	0.268	0.288	0.292	0.256	0.277	0.258	0.28	0.285	0.293	0.248	0.305	0.308	0.29	0.301	0.314	0.343	0.371	0.372	0.357	0.406	0.377	0.4	0.42	0.41	
1	1	1	1	1	1	1	1	1	1	1	1	1	1	1	1	1	1	1	1	1	1	1	1	1	1	1	1	1	1	1	0.999	1	1	0.998	1	0.999	0.997	0.994	0.998	0.994	0.998	0.991	0.994	0.984	0.984	0.99	0.976	0.99	0.977	0.98	0.962	0.97	0.955	0.946	0.963	0.932	0.951	0.926	0.918	0.918	0.915	0.899	0.876	0.9	0.865	0.846	0.858	0.861	0.801	0.811	0.804	0.789	0.756	0.775	0.785	0.723	0.722	0.726	0.701	0.677	0.692	0.655	0.633	0.639	0.612	0.611	0.605	0.566	0.581	0.583	0.582	0.521	0.515	0.522	0.527	0.49	0.481	0.454	0.481	
1	1	1	1	1	1	1	1	1	1	1	1	1	1	1	1	1	1	1	1	1	1	1	1	1	1	1	1	1	1	1	1	1	1	1	1	1	1	1	1	1	1	1	1	1	1	1	1	1	1	0.998	0.999	0.999	0.998	0.999	0.996	0.997	0.995	0.994	0.991	0.991	0.989	0.99	0.986	0.982	0.973	0.971	0.972	0.962	0.957	0.957	0.953	0.927	0.923	0.906	0.911	0.901	0.888	0.883	0.864	0.863	0.829	0.824	0.83	0.816	0.833	0.775	0.804	0.784	0.79	0.778	0.766	0.757	0.741	0.764	0.753	0.749	0.724	0.709	0.724	
1	1	1	1	1	1	1	1	1	1	1	1	1	1	1	1	1	1	1	1	1	1	1	1	1	1	1	1	1	1	1	0.997	0.998	0.998	0.994	0.993	0.993	0.985	0.987	0.984	0.981	0.965	0.96	0.949	0.924	0.928	0.895	0.885	0.852	0.82	0.796	0.759	0.754	0.676	0.654	0.617	0.607	0.55	0.511	0.434	0.404	0.379	0.354	0.289	0.298	0.248	0.245	0.201	0.188	0.166	0.122	0.12	0.113	0.092	0.077	0.075	0.048	0.035	0.035	0.022	0.023	0.022	0.016	0.011	0.011	0.005	0	0.001	0.003	0.004	0.002	0.001	0.001	0.002	0.001	0	0	0.001	0	0	
0.996	0.994	0.997	0.996	0.995	0.995	0.981	0.98	0.967	0.949	0.961	0.935	0.938	0.908	0.871	0.863	0.853	0.832	0.809	0.788	0.791	0.756	0.735	0.728	0.703	0.672	0.655	0.639	0.639	0.621	0.603	0.596	0.556	0.551	0.53	0.515	0.513	0.502	0.475	0.477	0.445	0.46	0.463	0.443	0.428	0.407	0.4	0.372	0.4	0.398	0.372	0.386	0.342	0.352	0.337	0.353	0.33	0.332	0.289	0.309	0.296	0.318	0.305	0.292	0.308	0.286	0.298	0.281	0.263	0.296	0.275	0.287	0.265	0.295	0.263	0.263	0.265	0.291	0.275	0.277	0.314	0.298	0.287	0.279	0.303	0.301	0.283	0.33	0.324	0.32	0.339	0.342	0.311	0.311	0.361	0.343	0.338	0.343	0.373	0.334	
1	1	1	1	1	1	1	1	1	1	1	1	1	1	1	1	1	1	1	1	0.999	0.999	1	1	1	1	0.998	0.998	0.995	0.998	0.996	0.99	0.997	0.995	0.991	0.992	0.986	0.992	0.981	0.982	0.98	0.976	0.966	0.968	0.961	0.961	0.962	0.934	0.936	0.92	0.925	0.9	0.882	0.876	0.867	0.857	0.818	0.825	0.793	0.759	0.762	0.725	0.692	0.694	0.671	0.641	0.612	0.591	0.549	0.535	0.503	0.467	0.445	0.417	0.37	0.349	0.327	0.291	0.29	0.262	0.232	0.222	0.215	0.195	0.154	0.127	0.112	0.095	0.105	0.085	0.084	0.06	0.062	0.041	0.034	0.039	0.024	0.029	0.021	0.014	
1	1	1	1	1	1	1	1	1	1	1	1	1	1	0.999	0.998	0.998	0.999	0.999	0.999	0.998	0.998	0.996	0.996	0.998	0.995	0.99	0.997	0.997	0.984	0.989	0.98	0.986	0.982	0.971	0.97	0.976	0.973	0.963	0.964	0.952	0.947	0.954	0.959	0.939	0.936	0.916	0.914	0.906	0.908	0.896	0.879	0.854	0.863	0.835	0.822	0.805	0.81	0.795	0.776	0.737	0.725	0.671	0.696	0.668	0.645	0.624	0.609	0.543	0.533	0.553	0.5	0.514	0.427	0.44	0.429	0.39	0.38	0.323	0.312	0.287	0.275	0.272	0.231	0.194	0.187	0.174	0.154	0.159	0.128	0.123	0.105	0.107	0.076	0.092	0.077	0.067	0.077	0.053	0.059	
0.998	0.993	0.992	0.996	0.99	0.991	0.997	0.989	0.992	0.987	0.993	0.989	0.991	0.989	0.995	0.986	0.99	0.987	0.984	0.994	0.979	0.991	0.981	0.981	0.986	0.99	0.977	0.979	0.979	0.968	0.971	0.968	0.964	0.958	0.959	0.946	0.959	0.947	0.949	0.946	0.94	0.944	0.924	0.927	0.898	0.921	0.914	0.892	0.909	0.888	0.863	0.875	0.866	0.885	0.853	0.851	0.852	0.82	0.832	0.837	0.807	0.821	0.793	0.774	0.778	0.75	0.746	0.751	0.732	0.739	0.716	0.725	0.685	0.682	0.647	0.618	0.637	0.611	0.587	0.586	0.546	0.542	0.518	0.522	0.468	0.471	0.467	0.462	0.451	0.392	0.369	0.389	0.345	0.341	0.297	0.322	0.279	0.278	0.273	0.252	
1	1	1	1	1	1	1	1	1	0.999	0.999	1	0.999	0.999	0.997	0.99	0.998	0.99	0.994	0.994	0.989	0.979	0.978	0.977	0.968	0.963	0.958	0.963	0.953	0.939	0.941	0.927	0.911	0.913	0.896	0.889	0.886	0.849	0.858	0.833	0.813	0.821	0.79	0.746	0.725	0.691	0.681	0.668	0.644	0.611	0.596	0.599	0.538	0.53	0.479	0.477	0.444	0.424	0.414	0.384	0.382	0.356	0.317	0.283	0.287	0.263	0.285	0.255	0.227	0.223	0.196	0.199	0.189	0.173	0.18	0.174	0.151	0.136	0.154	0.152	0.156	0.141	0.135	0.13	0.141	0.126	0.152	0.132	0.132	0.119	0.14	0.141	0.138	0.138	0.143	0.143	0.143	0.155	0.156	0.158	
1	1	1	1	1	1	1	1	1	1	1	1	1	0.999	1	1	1	1	1	1	1	1	1	1	1	1	0.999	1	1	1	1	0.999	0.999	1	0.999	1	1	1	1	1	1	1	1	1	1	1	1	1	1	1	1	1	1	0.998	1	0.999	1	1	1	0.997	1	0.999	0.999	0.998	0.998	0.998	0.995	0.996	1	0.996	0.996	0.996	0.992	0.995	0.998	0.991	0.992	0.984	0.985	0.985	0.979	0.974	0.968	0.97	0.963	0.964	0.947	0.947	0.924	0.922	0.91	0.897	0.89	0.893	0.857	0.847	0.84	0.818	0.807	0.804	
1	1	1	1	1	1	1	1	1	1	1	1	0.999	1	1	1	1	1	0.999	0.999	0.998	1	0.999	0.996	0.997	0.999	0.996	0.998	0.998	0.994	0.993	0.995	0.995	0.995	0.993	0.996	0.989	0.99	0.993	0.988	0.987	0.986	0.992	0.98	0.982	0.989	0.988	0.98	0.987	0.986	0.981	0.988	0.978	0.976	0.976	0.981	0.978	0.978	0.966	0.976	0.975	0.963	0.958	0.95	0.964	0.965	0.953	0.957	0.949	0.938	0.94	0.93	0.948	0.92	0.906	0.913	0.902	0.898	0.884	0.89	0.866	0.859	0.852	0.853	0.837	0.79	0.789	0.801	0.776	0.766	0.735	0.736	0.707	0.693	0.653	0.675	0.627	0.589	0.608	0.566	
1	1	1	1	1	1	1	1	1	1	1	1	1	1	1	1	1	1	1	1	1	1	1	1	1	1	1	1	1	1	1	1	1	1	1	1	1	1	1	1	1	1	0.999	0.999	0.999	1	0.999	1	0.996	1	0.997	0.997	0.996	0.994	0.993	0.995	0.989	0.994	0.996	0.995	0.993	0.977	0.981	0.971	0.966	0.966	0.968	0.967	0.939	0.945	0.918	0.916	0.908	0.901	0.904	0.883	0.86	0.867	0.835	0.81	0.785	0.781	0.754	0.744	0.71	0.705	0.697	0.655	0.594	0.6	0.591	0.541	0.502	0.459	0.448	0.426	0.412	0.366	0.313	0.325	
1	1	1	1	1	1	1	1	1	1	1	1	1	1	1	0.998	0.998	0.999	0.993	0.996	0.996	0.995	0.988	0.989	0.982	0.982	0.97	0.972	0.976	0.981	0.97	0.952	0.939	0.957	0.929	0.917	0.919	0.906	0.897	0.888	0.899	0.871	0.848	0.869	0.843	0.819	0.813	0.802	0.789	0.805	0.795	0.763	0.777	0.744	0.731	0.751	0.723	0.695	0.664	0.689	0.661	0.663	0.617	0.619	0.619	0.589	0.582	0.603	0.557	0.518	0.523	0.516	0.513	0.496	0.485	0.468	0.446	0.434	0.418	0.411	0.41	0.379	0.373	0.359	0.309	0.294	0.309	0.271	0.246	0.234	0.232	0.179	0.197	0.183	0.157	0.141	0.132	0.113	0.081	0.09	
1	1	1	1	1	1	1	1	1	1	1	1	1	0.997	0.999	1	1	0.999	0.998	0.999	0.998	0.995	0.997	0.991	0.99	0.987	0.986	0.978	0.97	0.974	0.975	0.96	0.96	0.961	0.941	0.935	0.939	0.903	0.917	0.891	0.873	0.853	0.835	0.835	0.794	0.793	0.758	0.74	0.715	0.659	0.669	0.667	0.622	0.589	0.567	0.571	0.517	0.489	0.446	0.41	0.385	0.362	0.357	0.333	0.273	0.263	0.248	0.206	0.183	0.171	0.168	0.135	0.111	0.1	0.096	0.086	0.074	0.058	0.044	0.04	0.037	0.031	0.02	0.019	0.021	0.013	0.011	0.007	0.008	0.01	0.006	0.004	0.006	0.003	0	0.003	0.002	0.001	0	0	
0.011	0.02	0.018	0.021	0.034	0.042	0.039	0.034	0.05	0.053	0.053	0.086	0.08	0.081	0.092	0.101	0.121	0.123	0.155	0.141	0.141	0.172	0.179	0.183	0.21	0.207	0.222	0.226	0.237	0.265	0.265	0.306	0.308	0.299	0.298	0.352	0.367	0.38	0.361	0.403	0.383	0.442	0.435	0.437	0.477	0.462	0.481	0.506	0.494	0.561	0.529	0.552	0.532	0.586	0.564	0.588	0.602	0.622	0.62	0.625	0.637	0.612	0.638	0.624	0.583	0.599	0.606	0.598	0.59	0.617	0.574	0.549	0.539	0.524	0.551	0.489	0.506	0.479	0.477	0.434	0.421	0.427	0.425	0.366	0.376	0.324	0.302	0.309	0.287	0.278	0.206	0.204	0.21	0.178	0.154	0.164	0.141	0.1	0.113	0.105	
1	1	1	1	1	1	1	1	1	1	1	0.998	1	0.999	0.998	1	0.993	0.991	0.997	0.996	0.985	0.988	0.988	0.991	0.972	0.974	0.97	0.962	0.958	0.958	0.948	0.937	0.935	0.931	0.931	0.918	0.917	0.88	0.884	0.892	0.833	0.835	0.832	0.824	0.776	0.777	0.767	0.741	0.735	0.673	0.651	0.628	0.618	0.575	0.572	0.492	0.52	0.496	0.458	0.415	0.404	0.336	0.332	0.289	0.267	0.273	0.217	0.172	0.165	0.146	0.12	0.123	0.072	0.089	0.086	0.056	0.044	0.036	0.041	0.036	0.021	0.014	0.023	0.008	0.007	0.005	0.003	0.003	0.003	0	0.001	0.001	0	0	0.001	0	0	0	0.001	0.001	
0.876	0.832	0.829	0.807	0.802	0.802	0.778	0.8	0.762	0.759	0.736	0.741	0.736	0.723	0.72	0.748	0.704	0.673	0.693	0.652	0.673	0.657	0.617	0.622	0.619	0.599	0.6	0.587	0.587	0.544	0.512	0.506	0.503	0.511	0.476	0.5	0.466	0.462	0.412	0.416	0.403	0.378	0.388	0.354	0.34	0.342	0.303	0.283	0.297	0.258	0.266	0.237	0.246	0.228	0.19	0.198	0.19	0.16	0.16	0.139	0.113	0.124	0.106	0.098	0.073	0.083	0.082	0.078	0.067	0.045	0.05	0.04	0.033	0.033	0.027	0.027	0.023	0.018	0.016	0.018	0.009	0.006	0.007	0.011	0.005	0.005	0.001	0	0.004	0.004	0.003	0	0.001	0.002	0.003	0	0.001	0	0	0	
1	1	1	1	1	0.999	1	1	1	1	1	1	0.999	0.999	1	1	0.999	1	1	1	1	1	0.998	1	1	1	0.998	0.999	0.999	1	0.999	0.995	0.996	0.995	0.997	0.993	0.996	0.994	0.998	0.997	0.998	0.996	0.993	0.993	0.991	0.98	0.985	0.985	0.982	0.975	0.974	0.971	0.973	0.96	0.959	0.964	0.954	0.959	0.95	0.953	0.938	0.942	0.935	0.931	0.924	0.922	0.944	0.902	0.908	0.922	0.912	0.91	0.894	0.892	0.902	0.878	0.873	0.882	0.866	0.881	0.883	0.874	0.862	0.863	0.852	0.856	0.844	0.847	0.864	0.841	0.845	0.835	0.857	0.842	0.836	0.852	0.839	0.842	0.834	0.834	
1	1	1	1	1	1	1	1	1	1	1	1	1	0.999	0.999	0.999	0.999	1	0.997	0.997	0.996	0.995	0.99	0.987	0.977	0.98	0.97	0.966	0.964	0.959	0.949	0.924	0.902	0.902	0.871	0.872	0.853	0.831	0.818	0.808	0.79	0.771	0.746	0.711	0.702	0.696	0.673	0.604	0.647	0.626	0.563	0.539	0.534	0.508	0.492	0.466	0.48	0.425	0.407	0.414	0.39	0.35	0.361	0.324	0.311	0.316	0.285	0.253	0.254	0.232	0.228	0.194	0.205	0.182	0.175	0.159	0.159	0.127	0.137	0.134	0.111	0.099	0.097	0.09	0.066	0.087	0.076	0.059	0.063	0.057	0.058	0.051	0.04	0.046	0.038	0.034	0.033	0.03	0.021	0.021	
1	1	1	1	1	0.999	1	1	0.996	0.999	0.998	0.996	0.992	0.994	0.994	0.989	0.984	0.98	0.971	0.97	0.965	0.947	0.943	0.931	0.915	0.898	0.897	0.869	0.858	0.848	0.809	0.793	0.787	0.795	0.749	0.732	0.711	0.724	0.673	0.638	0.661	0.612	0.609	0.614	0.575	0.546	0.546	0.538	0.529	0.522	0.496	0.496	0.479	0.43	0.452	0.432	0.453	0.409	0.374	0.398	0.379	0.36	0.351	0.351	0.321	0.318	0.306	0.297	0.276	0.294	0.251	0.258	0.251	0.23	0.193	0.192	0.162	0.161	0.167	0.14	0.123	0.101	0.121	0.11	0.073	0.076	0.064	0.061	0.06	0.047	0.052	0.039	0.024	0.027	0.019	0.011	0.02	0.008	0.014	0.008	
0.774	0.785	0.719	0.724	0.685	0.667	0.621	0.581	0.591	0.547	0.546	0.549	0.509	0.487	0.464	0.421	0.429	0.412	0.406	0.365	0.359	0.325	0.325	0.292	0.306	0.269	0.301	0.247	0.234	0.207	0.209	0.186	0.184	0.154	0.165	0.154	0.154	0.141	0.151	0.13	0.109	0.112	0.112	0.093	0.11	0.092	0.077	0.07	0.059	0.075	0.068	0.057	0.042	0.067	0.051	0.044	0.041	0.037	0.041	0.046	0.043	0.02	0.037	0.027	0.027	0.035	0.033	0.029	0.021	0.016	0.018	0.022	0.02	0.01	0.01	0.014	0.018	0.009	0.01	0.011	0.01	0.01	0.006	0.006	0.004	0.007	0.005	0.007	0.004	0.003	0.006	0.005	0	0.002	0.002	0.001	0	0	0.003	0	
1	1	1	1	1	1	1	1	1	1	1	1	1	1	1	1	1	1	1	1	1	0.999	1	1	1	1	1	1	1	1	1	1	1	0.999	0.998	0.998	1	0.999	0.998	0.998	1	0.998	0.999	0.996	0.994	0.994	0.995	0.993	0.986	0.992	0.986	0.986	0.987	0.98	0.984	0.978	0.984	0.981	0.97	0.967	0.963	0.949	0.952	0.938	0.924	0.919	0.917	0.928	0.904	0.893	0.884	0.853	0.846	0.834	0.822	0.818	0.809	0.786	0.757	0.748	0.734	0.695	0.69	0.656	0.636	0.629	0.618	0.561	0.544	0.528	0.498	0.484	0.431	0.405	0.402	0.336	0.367	0.316	0.309	0.298	
0.99	0.987	0.974	0.982	0.97	0.954	0.953	0.965	0.955	0.94	0.939	0.931	0.929	0.913	0.89	0.902	0.886	0.872	0.876	0.862	0.852	0.841	0.846	0.831	0.829	0.78	0.783	0.77	0.773	0.755	0.744	0.714	0.718	0.718	0.719	0.69	0.665	0.663	0.654	0.63	0.621	0.619	0.631	0.59	0.597	0.589	0.582	0.583	0.555	0.552	0.516	0.515	0.506	0.51	0.511	0.489	0.474	0.457	0.449	0.463	0.435	0.425	0.41	0.396	0.403	0.389	0.348	0.341	0.337	0.328	0.338	0.312	0.341	0.313	0.299	0.277	0.285	0.275	0.269	0.234	0.239	0.228	0.252	0.223	0.205	0.18	0.196	0.168	0.19	0.174	0.153	0.165	0.147	0.148	0.141	0.116	0.12	0.109	0.105	0.109	
1	1	1	1	1	1	1	1	1	1	0.999	0.998	1	1	0.997	0.998	0.997	0.996	0.994	0.986	0.986	0.985	0.985	0.98	0.983	0.965	0.966	0.957	0.96	0.94	0.937	0.945	0.942	0.918	0.912	0.904	0.895	0.889	0.875	0.87	0.853	0.84	0.82	0.803	0.784	0.76	0.76	0.734	0.732	0.659	0.685	0.637	0.611	0.579	0.574	0.526	0.47	0.453	0.429	0.401	0.383	0.35	0.36	0.32	0.256	0.269	0.246	0.198	0.18	0.181	0.145	0.135	0.14	0.1	0.084	0.072	0.067	0.058	0.036	0.036	0.053	0.024	0.02	0.019	0.018	0.019	0.008	0.015	0.007	0.002	0.004	0.005	0.003	0.002	0	0.001	0.001	0.001	0.002	0	
1	1	1	1	1	1	1	1	1	1	1	1	1	1	1	1	1	1	1	1	1	1	1	1	1	1	1	1	1	1	1	1	1	1	1	1	1	1	1	0.998	0.998	0.999	0.999	0.999	0.998	0.997	0.996	0.991	0.993	0.992	0.989	0.997	0.994	0.995	0.984	0.989	0.988	0.984	0.98	0.965	0.972	0.966	0.949	0.958	0.96	0.963	0.951	0.96	0.943	0.933	0.939	0.93	0.917	0.916	0.913	0.91	0.901	0.882	0.913	0.88	0.889	0.879	0.875	0.85	0.85	0.853	0.841	0.835	0.79	0.793	0.789	0.759	0.742	0.751	0.721	0.717	0.711	0.65	0.654	0.644	
1	1	1	1	1	1	1	1	1	1	1	1	0.998	0.999	0.997	0.996	0.997	0.995	0.995	0.994	0.991	0.99	0.981	0.97	0.979	0.971	0.968	0.957	0.955	0.955	0.942	0.933	0.93	0.925	0.917	0.91	0.91	0.897	0.89	0.856	0.852	0.855	0.852	0.823	0.838	0.801	0.815	0.797	0.782	0.772	0.761	0.737	0.722	0.72	0.733	0.695	0.673	0.699	0.644	0.644	0.628	0.592	0.616	0.593	0.596	0.524	0.499	0.473	0.469	0.444	0.436	0.405	0.39	0.323	0.373	0.301	0.292	0.27	0.231	0.236	0.201	0.197	0.156	0.169	0.14	0.122	0.101	0.095	0.077	0.063	0.068	0.048	0.067	0.048	0.032	0.021	0.019	0.02	0.013	0.013	
1	1	1	1	1	1	1	1	1	1	1	1	1	1	1	1	1	1	1	1	1	1	1	1	1	1	1	1	1	1	1	0.999	1	0.999	1	1	0.997	0.999	0.999	0.997	0.997	0.996	0.997	0.995	0.994	0.989	0.979	0.988	0.981	0.974	0.971	0.963	0.962	0.95	0.936	0.92	0.908	0.899	0.88	0.874	0.861	0.827	0.818	0.816	0.788	0.741	0.721	0.707	0.703	0.648	0.639	0.614	0.576	0.555	0.503	0.488	0.434	0.411	0.394	0.348	0.308	0.287	0.254	0.238	0.222	0.216	0.194	0.164	0.127	0.133	0.087	0.073	0.062	0.069	0.036	0.047	0.037	0.034	0.026	0.014	
1	1	1	1	1	1	1	1	1	1	1	1	1	1	1	1	1	0.999	1	0.999	0.999	0.997	1	0.996	0.993	0.992	0.986	0.979	0.987	0.972	0.973	0.973	0.954	0.952	0.947	0.938	0.915	0.897	0.87	0.883	0.847	0.852	0.817	0.787	0.781	0.765	0.728	0.681	0.682	0.679	0.625	0.595	0.575	0.551	0.496	0.472	0.453	0.427	0.391	0.383	0.352	0.307	0.279	0.23	0.271	0.2	0.183	0.169	0.141	0.157	0.111	0.108	0.085	0.094	0.064	0.049	0.045	0.036	0.028	0.024	0.03	0.018	0.012	0.016	0.007	0.005	0.006	0.002	0.004	0.002	0.003	0	0	0.001	0.001	0	0	0	0	0	
1	1	1	1	1	1	1	1	1	1	1	1	1	1	1	1	1	1	1	1	1	0.999	0.998	1	0.993	0.99	0.986	0.985	0.985	0.978	0.975	0.964	0.954	0.95	0.924	0.924	0.92	0.9	0.875	0.851	0.83	0.801	0.795	0.764	0.752	0.713	0.666	0.647	0.579	0.547	0.538	0.476	0.453	0.438	0.414	0.366	0.332	0.29	0.266	0.229	0.202	0.221	0.154	0.155	0.124	0.119	0.103	0.086	0.086	0.064	0.054	0.047	0.037	0.032	0.03	0.026	0.03	0.013	0.012	0.014	0.006	0.011	0.007	0.007	0.007	0.001	0.002	0.001	0.001	0	0.003	0	0	0	0	0	0	0	0	0	
1	1	1	1	1	1	1	1	1	1	1	1	1	1	1	1	1	1	1	1	1	1	1	1	1	1	1	1	1	1	1	1	1	1	1	1	1	1	1	1	1	1	1	1	1	1	1	1	1	1	1	1	1	1	1	1	1	0.999	1	1	1	1	1	1	1	0.999	0.999	1	0.997	0.998	0.999	0.993	1	0.996	0.994	0.996	0.993	0.992	0.994	0.988	0.989	0.987	0.985	0.985	0.982	0.98	0.97	0.982	0.956	0.961	0.955	0.969	0.957	0.949	0.967	0.952	0.948	0.956	0.944	0.941	
0.966	0.956	0.961	0.961	0.969	0.961	0.968	0.968	0.958	0.944	0.963	0.957	0.958	0.957	0.95	0.956	0.959	0.939	0.941	0.947	0.932	0.947	0.933	0.934	0.944	0.924	0.932	0.926	0.918	0.934	0.91	0.922	0.911	0.927	0.915	0.903	0.912	0.908	0.89	0.903	0.888	0.877	0.875	0.889	0.877	0.872	0.883	0.858	0.856	0.841	0.857	0.866	0.857	0.833	0.839	0.829	0.826	0.819	0.802	0.8	0.791	0.787	0.767	0.765	0.757	0.764	0.751	0.704	0.714	0.702	0.666	0.672	0.679	0.634	0.616	0.634	0.576	0.574	0.6	0.535	0.501	0.507	0.489	0.452	0.44	0.429	0.413	0.349	0.35	0.352	0.318	0.302	0.278	0.274	0.246	0.243	0.196	0.189	0.188	0.158	
1	1	1	1	1	1	1	1	1	1	1	1	1	1	1	1	1	1	0.998	0.998	1	0.998	0.997	1	0.998	0.996	0.989	0.996	0.989	0.989	0.989	0.982	0.983	0.98	0.968	0.961	0.965	0.974	0.969	0.967	0.944	0.949	0.942	0.921	0.918	0.909	0.901	0.888	0.871	0.886	0.874	0.85	0.83	0.826	0.823	0.815	0.796	0.767	0.744	0.749	0.714	0.67	0.704	0.666	0.646	0.632	0.64	0.584	0.584	0.555	0.542	0.541	0.516	0.484	0.463	0.428	0.44	0.372	0.386	0.383	0.308	0.334	0.342	0.319	0.29	0.278	0.249	0.238	0.22	0.215	0.195	0.185	0.168	0.179	0.142	0.133	0.125	0.117	0.116	0.114	
0.997	0.997	0.988	0.976	0.972	0.957	0.932	0.896	0.863	0.821	0.826	0.803	0.745	0.706	0.688	0.646	0.635	0.591	0.558	0.57	0.527	0.493	0.456	0.437	0.466	0.392	0.387	0.36	0.348	0.341	0.364	0.337	0.316	0.284	0.3	0.26	0.267	0.272	0.228	0.223	0.2	0.214	0.189	0.165	0.166	0.157	0.174	0.167	0.142	0.119	0.118	0.116	0.115	0.101	0.091	0.083	0.089	0.085	0.067	0.05	0.067	0.049	0.044	0.042	0.034	0.029	0.033	0.033	0.028	0.018	0.022	0.013	0.02	0.016	0.013	0.014	0.013	0.009	0.007	0.008	0.008	0.006	0.004	0.002	0.005	0.003	0.003	0	0.002	0.001	0	0.001	0.001	0	0.002	0.001	0	0.001	0	0	
1	1	1	1	1	1	1	1	0.999	1	1	0.999	1	0.998	0.999	0.993	0.999	0.996	0.995	0.994	0.991	0.991	0.993	0.987	0.985	0.976	0.978	0.973	0.96	0.97	0.971	0.96	0.947	0.941	0.925	0.9	0.915	0.902	0.913	0.879	0.867	0.858	0.837	0.815	0.822	0.815	0.787	0.749	0.76	0.76	0.698	0.689	0.67	0.643	0.627	0.591	0.55	0.558	0.526	0.519	0.476	0.497	0.438	0.428	0.412	0.366	0.351	0.331	0.302	0.297	0.266	0.24	0.225	0.222	0.215	0.184	0.181	0.12	0.139	0.124	0.124	0.101	0.087	0.096	0.079	0.075	0.07	0.056	0.053	0.045	0.043	0.043	0.026	0.03	0.031	0.021	0.019	0.016	0.025	0.023	
0.996	0.995	0.99	0.991	0.989	0.984	0.983	0.973	0.962	0.965	0.95	0.951	0.929	0.915	0.89	0.897	0.848	0.854	0.833	0.806	0.796	0.781	0.758	0.742	0.716	0.685	0.662	0.652	0.617	0.645	0.61	0.599	0.591	0.572	0.545	0.536	0.533	0.507	0.497	0.484	0.466	0.449	0.458	0.44	0.383	0.383	0.43	0.393	0.375	0.388	0.361	0.331	0.345	0.325	0.311	0.31	0.302	0.286	0.276	0.267	0.264	0.27	0.261	0.231	0.224	0.215	0.2	0.204	0.175	0.185	0.165	0.174	0.179	0.147	0.149	0.143	0.138	0.146	0.134	0.103	0.121	0.086	0.11	0.102	0.095	0.071	0.068	0.082	0.05	0.061	0.063	0.055	0.048	0.056	0.048	0.036	0.037	0.029	0.033	0.033	
0.985	0.987	0.985	0.982	0.987	0.985	0.978	0.973	0.978	0.97	0.977	0.969	0.985	0.967	0.965	0.972	0.954	0.959	0.954	0.959	0.952	0.943	0.946	0.937	0.938	0.955	0.946	0.946	0.926	0.948	0.939	0.93	0.92	0.919	0.922	0.921	0.898	0.901	0.902	0.9	0.893	0.878	0.887	0.864	0.907	0.883	0.886	0.87	0.863	0.845	0.859	0.843	0.84	0.862	0.82	0.812	0.815	0.809	0.823	0.806	0.792	0.789	0.779	0.771	0.773	0.763	0.744	0.759	0.751	0.732	0.734	0.731	0.708	0.697	0.698	0.674	0.704	0.701	0.676	0.677	0.661	0.613	0.656	0.601	0.559	0.585	0.583	0.543	0.568	0.553	0.524	0.526	0.506	0.443	0.429	0.434	0.423	0.409	0.406	0.348	
1	1	1	1	1	1	1	1	1	1	1	1	1	1	1	1	1	1	1	1	1	1	1	1	1	1	1	1	1	1	1	1	1	1	1	1	1	1	0.999	1	1	1	1	1	0.999	1	1	1	1	0.997	1	0.998	0.997	0.996	0.992	0.993	0.996	0.993	0.984	0.985	0.983	0.977	0.978	0.969	0.967	0.965	0.961	0.945	0.931	0.939	0.922	0.915	0.871	0.876	0.867	0.853	0.833	0.804	0.776	0.778	0.725	0.706	0.705	0.66	0.64	0.585	0.598	0.565	0.516	0.515	0.486	0.437	0.384	0.366	0.346	0.344	0.309	0.27	0.227	0.205	
0.531	0.531	0.497	0.481	0.444	0.453	0.428	0.414	0.387	0.384	0.38	0.325	0.376	0.32	0.329	0.29	0.307	0.315	0.258	0.259	0.269	0.265	0.246	0.234	0.225	0.23	0.215	0.185	0.183	0.179	0.182	0.159	0.152	0.132	0.157	0.14	0.136	0.119	0.137	0.124	0.137	0.116	0.12	0.122	0.115	0.118	0.13	0.129	0.137	0.132	0.11	0.125	0.105	0.123	0.119	0.124	0.125	0.127	0.13	0.136	0.146	0.158	0.149	0.138	0.137	0.163	0.159	0.158	0.182	0.202	0.197	0.187	0.225	0.21	0.239	0.242	0.265	0.261	0.255	0.267	0.261	0.275	0.285	0.3	0.308	0.328	0.334	0.341	0.326	0.365	0.388	0.392	0.379	0.397	0.399	0.397	0.441	0.451	0.448	0.466	
1	1	1	1	1	1	1	1	1	1	1	1	1	1	1	1	1	1	1	1	1	1	1	1	1	1	1	1	1	1	1	1	1	1	1	1	1	1	1	1	1	1	1	1	1	1	1	1	1	1	1	1	1	1	1	0.999	1	1	1	0.999	1	0.999	1	0.998	0.998	0.997	0.999	0.999	0.995	0.998	0.998	0.999	0.999	0.995	0.995	0.989	0.993	0.985	0.981	0.986	0.98	0.98	0.974	0.975	0.959	0.961	0.962	0.953	0.941	0.933	0.938	0.922	0.902	0.9	0.885	0.877	0.848	0.841	0.834	0.814	
1	1	1	1	1	1	1	1	1	1	1	1	1	1	1	1	1	1	1	1	1	1	1	1	1	1	1	1	1	0.999	0.998	1	1	0.999	0.997	0.998	0.993	0.991	0.991	0.994	0.978	0.982	0.965	0.969	0.97	0.943	0.932	0.936	0.898	0.895	0.881	0.845	0.832	0.797	0.781	0.743	0.727	0.672	0.671	0.615	0.593	0.599	0.544	0.507	0.487	0.439	0.413	0.386	0.363	0.305	0.281	0.27	0.233	0.238	0.202	0.164	0.147	0.155	0.131	0.118	0.084	0.079	0.054	0.051	0.036	0.033	0.031	0.023	0.022	0.01	0.009	0.01	0.008	0.007	0.006	0.002	0.002	0.002	0.003	0	
