0.805	0.789	0.791	0.796	0.745	0.709	0.706	0.669	0.66	0.636	0.598	0.575	0.538	0.527	0.499	0.489	0.48	0.455	0.443	0.396	0.398	0.361	0.359	0.373	0.32	0.319	0.319	0.301	0.287	0.262	0.272	0.243	0.263	0.24	0.233	0.204	0.198	0.207	0.192	0.204	0.174	0.178	0.158	0.173	0.176	0.136	0.142	0.145	0.142	0.131	0.135	0.131	0.12	0.11	0.114	0.125	0.086	0.103	0.108	0.081	0.092	0.086	0.096	0.078	0.083	0.075	0.069	0.081	0.071	0.069	0.074	0.048	0.048	0.055	0.045	0.055	0.044	0.054	0.041	0.04	0.044	0.038	0.036	0.026	0.033	0.03	0.026	0.025	0.037	0.017	0.02	0.018	0.008	0.015	0.016	0.015	0.012	0.008	0.011	0.008	
1	1	1	1	1	1	1	1	1	1	1	1	1	1	1	0.998	1	0.999	0.998	0.999	0.997	0.995	0.994	0.997	0.994	0.993	0.986	0.991	0.991	0.987	0.988	0.981	0.965	0.971	0.97	0.958	0.956	0.955	0.946	0.951	0.933	0.944	0.919	0.902	0.916	0.89	0.891	0.864	0.858	0.844	0.842	0.821	0.843	0.798	0.775	0.781	0.747	0.759	0.722	0.717	0.709	0.714	0.679	0.697	0.63	0.631	0.611	0.598	0.591	0.58	0.56	0.545	0.572	0.549	0.522	0.506	0.498	0.52	0.485	0.475	0.484	0.439	0.423	0.44	0.458	0.44	0.448	0.409	0.429	0.441	0.372	0.397	0.431	0.382	0.402	0.417	0.358	0.353	0.363	0.393	
0.923	0.922	0.897	0.896	0.895	0.889	0.846	0.87	0.841	0.821	0.849	0.838	0.816	0.802	0.794	0.801	0.816	0.777	0.762	0.78	0.772	0.764	0.736	0.752	0.708	0.689	0.693	0.691	0.686	0.677	0.646	0.665	0.648	0.644	0.613	0.592	0.602	0.568	0.569	0.596	0.581	0.553	0.551	0.514	0.532	0.514	0.518	0.506	0.463	0.474	0.458	0.455	0.473	0.424	0.441	0.433	0.42	0.399	0.387	0.386	0.403	0.367	0.376	0.398	0.387	0.395	0.378	0.32	0.349	0.34	0.352	0.315	0.317	0.308	0.31	0.324	0.305	0.312	0.338	0.307	0.307	0.304	0.282	0.303	0.287	0.309	0.301	0.286	0.274	0.284	0.286	0.29	0.271	0.267	0.249	0.268	0.253	0.268	0.275	0.279	
0.991	0.989	0.97	0.965	0.953	0.951	0.909	0.897	0.893	0.867	0.851	0.84	0.811	0.81	0.763	0.739	0.742	0.734	0.717	0.689	0.661	0.669	0.621	0.615	0.622	0.58	0.6	0.584	0.546	0.537	0.51	0.539	0.482	0.476	0.43	0.434	0.426	0.395	0.376	0.394	0.358	0.318	0.313	0.299	0.259	0.256	0.28	0.242	0.217	0.225	0.173	0.189	0.176	0.148	0.151	0.125	0.109	0.117	0.104	0.101	0.082	0.073	0.073	0.041	0.046	0.044	0.046	0.041	0.033	0.036	0.03	0.024	0.025	0.019	0.014	0.012	0.019	0.012	0.012	0.012	0.008	0.01	0.005	0.006	0.004	0.003	0.002	0.006	0.002	0.001	0.003	0.002	0.001	0	0.002	0.001	0.001	0	0.002	0.001	
1	1	0.999	0.999	1	1	1	0.999	0.998	0.999	0.998	0.999	0.998	0.995	0.995	0.994	0.995	0.995	0.994	0.993	0.988	0.985	0.991	0.985	0.979	0.989	0.984	0.979	0.983	0.984	0.972	0.964	0.979	0.975	0.966	0.97	0.977	0.955	0.956	0.949	0.962	0.944	0.95	0.939	0.949	0.937	0.948	0.932	0.932	0.933	0.92	0.899	0.91	0.888	0.902	0.899	0.906	0.876	0.884	0.87	0.87	0.874	0.887	0.857	0.843	0.834	0.844	0.838	0.807	0.793	0.77	0.789	0.771	0.779	0.764	0.72	0.74	0.73	0.709	0.679	0.684	0.694	0.632	0.639	0.625	0.626	0.583	0.586	0.553	0.582	0.535	0.532	0.52	0.502	0.463	0.489	0.448	0.431	0.446	0.391	
1	1	1	1	1	1	1	1	1	1	1	1	1	1	1	1	1	1	1	0.999	1	1	1	1	1	1	1	0.997	0.999	0.999	0.995	0.997	0.991	0.985	0.994	0.988	0.988	0.988	0.988	0.986	0.975	0.978	0.981	0.975	0.979	0.97	0.978	0.961	0.97	0.956	0.954	0.946	0.959	0.938	0.942	0.948	0.939	0.944	0.94	0.931	0.935	0.938	0.926	0.916	0.924	0.933	0.939	0.92	0.905	0.922	0.893	0.913	0.902	0.908	0.898	0.904	0.911	0.874	0.871	0.888	0.869	0.875	0.888	0.838	0.861	0.837	0.86	0.857	0.819	0.821	0.805	0.798	0.791	0.806	0.767	0.771	0.758	0.715	0.707	0.708	
0.96	0.963	0.932	0.906	0.918	0.89	0.85	0.82	0.797	0.749	0.709	0.698	0.665	0.63	0.58	0.555	0.499	0.478	0.449	0.429	0.399	0.358	0.342	0.294	0.284	0.241	0.232	0.208	0.212	0.167	0.167	0.176	0.147	0.142	0.152	0.119	0.125	0.111	0.099	0.113	0.089	0.086	0.076	0.075	0.08	0.066	0.061	0.069	0.065	0.071	0.054	0.058	0.05	0.065	0.042	0.047	0.047	0.042	0.054	0.047	0.058	0.042	0.052	0.049	0.04	0.043	0.042	0.035	0.047	0.041	0.037	0.041	0.031	0.043	0.028	0.037	0.036	0.034	0.039	0.03	0.033	0.034	0.041	0.024	0.033	0.022	0.026	0.037	0.034	0.04	0.027	0.034	0.035	0.026	0.036	0.026	0.029	0.038	0.021	0.028	
1	1	1	1	1	1	1	0.998	1	0.998	0.999	0.998	0.996	0.986	0.989	0.98	0.98	0.981	0.975	0.954	0.958	0.944	0.934	0.918	0.917	0.89	0.866	0.865	0.829	0.815	0.82	0.756	0.772	0.768	0.695	0.703	0.653	0.642	0.571	0.568	0.541	0.51	0.468	0.454	0.461	0.387	0.366	0.359	0.317	0.282	0.25	0.24	0.176	0.181	0.163	0.152	0.126	0.102	0.105	0.109	0.072	0.056	0.065	0.04	0.035	0.03	0.022	0.022	0.019	0.016	0.008	0.011	0.009	0.005	0.005	0.008	0.005	0.002	0.005	0.005	0	0.001	0.002	0.001	0	0.003	0	0.001	0	0	0	0	0	0	0	0	0	0	0	0	
1	1	1	1	1	1	1	1	1	1	1	1	1	1	1	1	1	1	1	1	1	1	1	1	1	1	0.999	1	1	1	1	1	1	1	1	1	0.999	1	1	1	0.999	1	1	1	0.997	0.999	0.996	0.999	0.996	0.993	0.994	0.988	0.987	0.993	0.982	0.979	0.982	0.966	0.956	0.949	0.96	0.937	0.905	0.907	0.903	0.864	0.861	0.841	0.813	0.803	0.784	0.759	0.715	0.707	0.651	0.645	0.611	0.589	0.529	0.501	0.499	0.46	0.424	0.369	0.357	0.289	0.307	0.278	0.228	0.21	0.184	0.156	0.148	0.111	0.088	0.094	0.077	0.064	0.071	0.042	
0.997	1	1	0.994	0.997	0.994	0.999	0.992	0.984	0.981	0.987	0.976	0.968	0.968	0.932	0.936	0.921	0.913	0.908	0.87	0.863	0.856	0.845	0.818	0.795	0.771	0.746	0.712	0.727	0.702	0.695	0.649	0.627	0.617	0.591	0.599	0.564	0.525	0.549	0.478	0.497	0.44	0.467	0.441	0.41	0.423	0.407	0.384	0.39	0.37	0.343	0.32	0.35	0.339	0.322	0.271	0.301	0.293	0.273	0.264	0.267	0.26	0.237	0.225	0.234	0.218	0.211	0.239	0.216	0.221	0.205	0.202	0.209	0.183	0.172	0.179	0.16	0.162	0.163	0.168	0.134	0.146	0.14	0.125	0.129	0.113	0.108	0.104	0.11	0.086	0.086	0.074	0.073	0.073	0.067	0.057	0.058	0.052	0.043	0.029	
1	1	1	1	1	1	1	1	1	1	1	1	1	1	1	1	1	1	1	1	1	1	1	1	1	1	1	1	1	1	1	1	1	1	1	1	1	1	0.998	1	1	0.999	1	0.997	1	0.999	0.996	0.997	0.994	0.992	0.996	0.995	0.992	0.981	0.976	0.971	0.964	0.968	0.955	0.931	0.909	0.92	0.905	0.862	0.86	0.863	0.856	0.788	0.761	0.723	0.712	0.709	0.637	0.635	0.569	0.562	0.496	0.494	0.44	0.417	0.385	0.337	0.301	0.291	0.264	0.181	0.191	0.179	0.15	0.112	0.093	0.098	0.067	0.073	0.044	0.05	0.038	0.027	0.018	0.021	
1	1	1	1	1	1	1	1	1	1	1	1	1	0.999	0.997	0.992	0.987	0.985	0.983	0.979	0.971	0.966	0.943	0.937	0.937	0.922	0.908	0.9	0.898	0.866	0.85	0.828	0.822	0.796	0.785	0.755	0.73	0.724	0.71	0.696	0.643	0.667	0.648	0.614	0.583	0.578	0.58	0.546	0.544	0.52	0.526	0.505	0.49	0.442	0.477	0.439	0.443	0.427	0.397	0.377	0.362	0.372	0.37	0.377	0.358	0.356	0.35	0.328	0.323	0.313	0.302	0.287	0.274	0.267	0.303	0.272	0.269	0.272	0.265	0.276	0.243	0.25	0.244	0.237	0.243	0.247	0.251	0.249	0.252	0.234	0.244	0.248	0.258	0.225	0.254	0.25	0.257	0.264	0.303	0.309	
1	1	1	1	1	0.999	1	1	1	1	1	1	0.999	1	1	1	0.999	1	0.997	0.997	0.994	0.997	0.993	0.99	0.992	0.989	0.986	0.984	0.977	0.991	0.981	0.977	0.974	0.963	0.959	0.943	0.943	0.933	0.937	0.907	0.904	0.891	0.898	0.864	0.862	0.866	0.832	0.809	0.814	0.799	0.779	0.761	0.747	0.745	0.713	0.704	0.701	0.655	0.679	0.615	0.625	0.605	0.565	0.561	0.56	0.541	0.526	0.514	0.479	0.476	0.463	0.446	0.469	0.435	0.445	0.395	0.356	0.367	0.373	0.334	0.308	0.279	0.303	0.273	0.234	0.257	0.249	0.229	0.22	0.21	0.201	0.174	0.173	0.173	0.129	0.127	0.135	0.111	0.125	0.111	
1	1	1	1	1	1	1	1	1	1	1	1	1	1	1	1	1	1	1	1	1	1	1	1	1	1	1	1	1	1	1	1	1	1	0.999	0.999	0.998	0.999	1	0.998	0.996	0.995	0.992	0.992	0.99	0.987	0.981	0.981	0.977	0.973	0.961	0.957	0.95	0.932	0.907	0.923	0.902	0.882	0.877	0.88	0.825	0.811	0.823	0.762	0.781	0.736	0.722	0.689	0.64	0.66	0.639	0.559	0.585	0.519	0.495	0.44	0.472	0.4	0.378	0.356	0.341	0.348	0.279	0.262	0.262	0.251	0.233	0.208	0.181	0.165	0.141	0.142	0.114	0.106	0.105	0.074	0.078	0.063	0.042	0.049	
1	1	1	1	1	1	1	1	1	1	1	1	1	1	1	1	0.999	1	0.999	0.999	0.999	0.999	0.998	0.999	0.997	0.996	0.999	0.995	0.997	0.994	0.996	0.996	0.998	0.99	0.993	0.988	0.989	0.988	0.985	0.978	0.977	0.978	0.97	0.965	0.956	0.945	0.955	0.936	0.945	0.926	0.924	0.913	0.904	0.898	0.881	0.866	0.848	0.856	0.84	0.807	0.803	0.781	0.74	0.717	0.7	0.665	0.652	0.66	0.607	0.591	0.601	0.539	0.503	0.488	0.466	0.414	0.403	0.407	0.325	0.349	0.3	0.269	0.243	0.22	0.189	0.19	0.176	0.132	0.148	0.121	0.102	0.078	0.08	0.067	0.048	0.055	0.041	0.027	0.028	0.015	
1	1	1	1	1	0.999	1	1	1	1	1	0.999	1	0.997	0.994	0.997	0.994	0.99	0.99	0.982	0.983	0.975	0.976	0.964	0.964	0.954	0.949	0.956	0.923	0.921	0.902	0.9	0.884	0.86	0.877	0.86	0.844	0.84	0.823	0.814	0.788	0.806	0.759	0.758	0.767	0.736	0.712	0.736	0.704	0.687	0.671	0.693	0.637	0.621	0.647	0.63	0.609	0.565	0.6	0.559	0.549	0.559	0.544	0.525	0.52	0.505	0.538	0.514	0.53	0.47	0.487	0.493	0.486	0.472	0.47	0.481	0.476	0.467	0.464	0.443	0.431	0.428	0.437	0.464	0.43	0.428	0.411	0.456	0.431	0.44	0.407	0.432	0.443	0.437	0.454	0.435	0.446	0.484	0.464	0.457	
0.495	0.426	0.391	0.361	0.325	0.32	0.281	0.257	0.26	0.22	0.257	0.224	0.212	0.176	0.164	0.166	0.149	0.131	0.136	0.141	0.123	0.107	0.103	0.105	0.087	0.104	0.105	0.081	0.083	0.074	0.074	0.075	0.072	0.061	0.053	0.048	0.055	0.063	0.058	0.042	0.051	0.057	0.047	0.047	0.035	0.039	0.047	0.047	0.053	0.039	0.039	0.045	0.031	0.037	0.039	0.039	0.035	0.04	0.025	0.04	0.029	0.029	0.031	0.039	0.034	0.027	0.032	0.028	0.021	0.023	0.025	0.019	0.021	0.024	0.019	0.024	0.02	0.018	0.016	0.014	0.016	0.019	0.02	0.014	0.018	0.016	0.014	0.011	0.008	0.009	0.007	0.004	0.003	0.006	0.004	0.005	0.007	0.005	0.002	0.001	
1	1	1	1	1	1	1	1	1	1	1	1	1	1	1	1	1	1	1	1	1	1	1	1	1	1	1	1	1	1	0.999	1	1	1	1	0.997	0.999	1	0.998	1	0.998	0.996	1	0.997	0.994	0.996	0.996	0.989	0.986	0.98	0.988	0.983	0.976	0.981	0.966	0.977	0.972	0.971	0.954	0.948	0.944	0.944	0.938	0.932	0.897	0.893	0.892	0.871	0.834	0.861	0.838	0.807	0.785	0.76	0.758	0.714	0.711	0.677	0.644	0.623	0.62	0.575	0.55	0.549	0.52	0.488	0.43	0.396	0.368	0.35	0.321	0.284	0.273	0.237	0.212	0.206	0.197	0.143	0.147	0.132	
1	1	1	1	1	1	1	1	1	1	1	1	1	1	1	1	1	1	1	1	1	1	1	1	1	1	1	1	1	1	1	1	1	1	1	1	1	1	0.998	0.998	1	1	0.999	0.999	0.999	0.997	1	0.999	1	0.998	0.996	0.995	0.993	0.993	0.99	0.994	0.992	0.987	0.983	0.987	0.977	0.982	0.975	0.974	0.962	0.965	0.961	0.958	0.961	0.948	0.922	0.93	0.933	0.91	0.918	0.9	0.902	0.877	0.895	0.858	0.86	0.862	0.85	0.835	0.84	0.795	0.795	0.779	0.729	0.741	0.739	0.713	0.693	0.642	0.654	0.642	0.619	0.6	0.568	0.55	
1	1	1	1	1	1	1	1	1	1	1	1	0.999	1	1	1	0.999	0.998	0.996	0.999	0.999	0.995	1	0.997	0.994	0.991	0.991	0.99	0.986	0.987	0.985	0.981	0.979	0.977	0.963	0.962	0.971	0.964	0.956	0.958	0.937	0.949	0.941	0.922	0.93	0.908	0.89	0.892	0.896	0.868	0.873	0.852	0.85	0.833	0.821	0.819	0.812	0.749	0.792	0.734	0.715	0.724	0.692	0.686	0.641	0.626	0.617	0.637	0.578	0.55	0.537	0.543	0.498	0.492	0.466	0.461	0.438	0.387	0.386	0.393	0.329	0.33	0.309	0.304	0.271	0.264	0.23	0.228	0.227	0.198	0.179	0.163	0.157	0.14	0.127	0.124	0.104	0.092	0.075	0.077	
1	1	1	0.999	0.998	0.999	0.999	0.996	0.999	0.994	0.996	0.998	0.992	0.987	0.985	0.98	0.981	0.966	0.953	0.948	0.938	0.929	0.914	0.922	0.902	0.874	0.861	0.84	0.839	0.841	0.794	0.773	0.778	0.76	0.716	0.683	0.694	0.668	0.653	0.605	0.625	0.578	0.532	0.528	0.487	0.48	0.462	0.427	0.419	0.376	0.376	0.342	0.312	0.282	0.294	0.234	0.234	0.188	0.184	0.177	0.163	0.142	0.105	0.141	0.094	0.087	0.073	0.067	0.047	0.06	0.038	0.03	0.041	0.029	0.021	0.02	0.015	0.009	0.011	0.005	0.007	0.005	0.002	0.004	0.002	0.005	0.003	0	0.001	0	0.001	0	0.001	0	0.001	0	0	0	0	0	
1	1	1	1	1	1	1	1	1	1	1	1	1	1	1	1	1	1	1	1	1	0.999	1	1	1	0.999	0.998	0.999	0.998	0.997	0.999	0.999	0.998	0.995	0.991	0.995	0.991	0.984	0.989	0.991	0.979	0.978	0.982	0.981	0.978	0.976	0.97	0.969	0.943	0.958	0.956	0.955	0.941	0.945	0.918	0.9	0.931	0.927	0.904	0.912	0.916	0.9	0.899	0.89	0.894	0.857	0.867	0.868	0.853	0.869	0.859	0.853	0.815	0.828	0.842	0.829	0.815	0.807	0.812	0.813	0.799	0.792	0.777	0.785	0.807	0.791	0.796	0.786	0.769	0.787	0.777	0.77	0.775	0.769	0.751	0.765	0.778	0.776	0.779	0.772	
0.46	0.408	0.432	0.364	0.327	0.342	0.336	0.32	0.292	0.295	0.274	0.274	0.276	0.23	0.245	0.23	0.237	0.244	0.235	0.205	0.212	0.229	0.187	0.192	0.208	0.186	0.2	0.177	0.165	0.172	0.188	0.158	0.156	0.151	0.151	0.145	0.139	0.154	0.157	0.156	0.162	0.144	0.134	0.166	0.143	0.141	0.132	0.156	0.142	0.142	0.135	0.153	0.148	0.139	0.142	0.121	0.152	0.131	0.122	0.155	0.139	0.155	0.14	0.155	0.156	0.15	0.149	0.164	0.172	0.174	0.172	0.161	0.187	0.218	0.191	0.21	0.179	0.195	0.2	0.215	0.212	0.23	0.25	0.233	0.243	0.257	0.258	0.274	0.299	0.297	0.307	0.311	0.33	0.335	0.355	0.364	0.364	0.367	0.405	0.416	
0.994	0.989	0.991	0.977	0.969	0.967	0.96	0.945	0.936	0.917	0.901	0.876	0.873	0.864	0.816	0.81	0.792	0.77	0.762	0.758	0.734	0.688	0.721	0.692	0.665	0.637	0.635	0.627	0.611	0.579	0.556	0.557	0.54	0.544	0.519	0.512	0.51	0.488	0.493	0.491	0.458	0.452	0.454	0.44	0.45	0.426	0.415	0.435	0.431	0.403	0.426	0.39	0.38	0.36	0.364	0.368	0.334	0.368	0.37	0.372	0.349	0.362	0.361	0.335	0.369	0.329	0.343	0.311	0.319	0.326	0.328	0.316	0.303	0.306	0.289	0.303	0.239	0.254	0.253	0.285	0.241	0.228	0.234	0.253	0.207	0.215	0.18	0.182	0.175	0.195	0.15	0.153	0.138	0.159	0.136	0.129	0.126	0.111	0.095	0.099	
1	1	1	1	1	1	1	1	1	1	1	1	1	1	1	1	1	1	1	1	0.999	1	0.999	0.996	0.998	0.998	0.998	0.996	0.999	0.987	0.981	0.982	0.981	0.977	0.965	0.954	0.943	0.947	0.939	0.926	0.92	0.903	0.881	0.877	0.86	0.827	0.83	0.785	0.781	0.761	0.726	0.745	0.678	0.678	0.616	0.632	0.586	0.582	0.568	0.504	0.503	0.468	0.485	0.431	0.416	0.424	0.356	0.338	0.34	0.328	0.305	0.278	0.258	0.217	0.208	0.196	0.176	0.172	0.141	0.142	0.114	0.117	0.097	0.089	0.082	0.095	0.076	0.058	0.057	0.064	0.046	0.041	0.036	0.029	0.028	0.03	0.02	0.02	0.017	0.012	
1	1	1	1	1	1	1	1	1	1	1	1	1	1	1	1	1	1	1	1	1	1	1	1	1	1	1	1	1	1	1	1	1	1	1	1	1	1	1	1	1	1	0.999	0.999	0.999	1	1	0.999	0.999	0.998	0.997	0.998	0.997	0.998	0.993	0.996	0.992	0.991	0.992	0.984	0.988	0.986	0.985	0.977	0.978	0.977	0.984	0.97	0.978	0.957	0.965	0.959	0.954	0.946	0.95	0.949	0.929	0.942	0.943	0.929	0.929	0.916	0.893	0.899	0.897	0.891	0.893	0.886	0.888	0.876	0.889	0.866	0.875	0.867	0.876	0.846	0.859	0.868	0.858	0.857	
1	1	1	1	1	1	1	1	1	1	1	1	1	1	1	1	1	1	1	1	1	1	1	1	1	1	1	1	1	1	1	0.999	1	1	1	0.999	1	1	1	0.998	0.999	0.997	0.998	0.998	0.998	0.997	0.999	0.992	0.992	0.995	0.989	0.994	0.981	0.982	0.985	0.968	0.969	0.965	0.962	0.955	0.945	0.958	0.944	0.951	0.925	0.926	0.892	0.918	0.895	0.894	0.875	0.86	0.83	0.83	0.835	0.802	0.8	0.781	0.747	0.758	0.71	0.726	0.696	0.656	0.625	0.616	0.566	0.575	0.535	0.529	0.532	0.463	0.459	0.44	0.422	0.395	0.384	0.356	0.327	0.29	
1	1	1	1	1	1	1	1	1	1	1	1	1	1	1	1	1	1	1	1	1	1	1	1	1	1	1	1	1	1	0.999	0.999	0.998	1	0.999	0.996	0.997	0.997	0.998	0.992	0.99	0.991	0.986	0.988	0.986	0.982	0.976	0.972	0.976	0.962	0.962	0.949	0.948	0.943	0.917	0.913	0.905	0.892	0.884	0.887	0.858	0.845	0.84	0.813	0.816	0.785	0.773	0.772	0.73	0.734	0.721	0.69	0.68	0.651	0.621	0.622	0.587	0.552	0.523	0.518	0.506	0.455	0.472	0.404	0.414	0.384	0.368	0.36	0.313	0.317	0.283	0.301	0.255	0.262	0.223	0.199	0.202	0.176	0.151	0.152	
0.999	0.985	0.978	0.978	0.976	0.967	0.956	0.927	0.93	0.925	0.923	0.894	0.882	0.861	0.877	0.827	0.821	0.82	0.801	0.797	0.774	0.732	0.732	0.708	0.725	0.696	0.709	0.672	0.662	0.646	0.64	0.625	0.592	0.589	0.567	0.554	0.537	0.563	0.532	0.505	0.482	0.489	0.489	0.459	0.47	0.456	0.443	0.451	0.428	0.414	0.407	0.443	0.397	0.374	0.414	0.385	0.374	0.4	0.365	0.354	0.351	0.354	0.33	0.347	0.319	0.339	0.309	0.324	0.314	0.31	0.325	0.306	0.298	0.311	0.28	0.275	0.324	0.3	0.305	0.321	0.296	0.316	0.295	0.3	0.31	0.341	0.294	0.304	0.321	0.323	0.293	0.334	0.318	0.295	0.294	0.329	0.335	0.321	0.31	0.35	
1	1	1	1	1	1	0.999	1	1	1	1	1	1	1	0.999	1	0.999	0.999	1	1	0.997	1	0.998	0.999	0.996	0.999	0.998	0.998	0.997	0.996	0.997	0.992	0.989	0.989	0.994	0.994	0.991	0.989	0.989	0.989	0.993	0.989	0.987	0.983	0.985	0.982	0.979	0.98	0.976	0.976	0.959	0.971	0.959	0.967	0.95	0.938	0.929	0.938	0.93	0.93	0.915	0.916	0.89	0.877	0.889	0.857	0.86	0.872	0.852	0.844	0.805	0.814	0.782	0.784	0.743	0.73	0.729	0.711	0.67	0.67	0.658	0.633	0.609	0.603	0.572	0.547	0.539	0.508	0.458	0.469	0.423	0.401	0.386	0.365	0.347	0.32	0.279	0.29	0.236	0.249	
1	1	1	1	1	1	1	1	1	1	1	1	1	1	1	1	1	1	1	1	1	1	1	1	1	1	1	1	1	1	1	1	1	1	1	1	1	1	1	1	1	1	1	1	1	1	1	1	1	1	1	1	1	1	0.999	1	1	1	1	1	1	0.999	1	0.998	1	0.999	0.999	0.999	0.999	0.995	0.999	0.992	0.993	0.995	0.988	0.989	0.992	0.988	0.994	0.991	0.987	0.982	0.984	0.986	0.982	0.979	0.986	0.98	0.971	0.963	0.973	0.97	0.965	0.967	0.967	0.97	0.953	0.96	0.954	0.956	
0.939	0.919	0.909	0.873	0.864	0.844	0.803	0.786	0.76	0.755	0.733	0.713	0.69	0.658	0.663	0.651	0.611	0.623	0.573	0.567	0.514	0.544	0.51	0.514	0.53	0.474	0.494	0.468	0.466	0.439	0.404	0.402	0.407	0.356	0.371	0.335	0.359	0.362	0.321	0.31	0.34	0.313	0.299	0.298	0.298	0.27	0.272	0.269	0.243	0.248	0.248	0.223	0.208	0.204	0.216	0.215	0.191	0.221	0.177	0.164	0.175	0.165	0.164	0.141	0.133	0.134	0.137	0.124	0.134	0.108	0.097	0.084	0.088	0.066	0.074	0.073	0.056	0.056	0.055	0.049	0.035	0.031	0.02	0.018	0.015	0.022	0.009	0.018	0.015	0.01	0.009	0.006	0.005	0.004	0.002	0.002	0.002	0	0.003	0	
1	1	1	1	1	1	1	1	1	1	1	1	1	1	1	1	1	1	1	1	1	1	1	1	1	1	1	1	1	0.999	1	1	1	1	1	1	0.998	1	1	1	0.995	1	0.998	0.998	1	0.997	0.998	0.996	0.996	0.994	0.996	0.993	0.994	0.996	0.992	0.987	0.99	0.984	0.987	0.989	0.981	0.977	0.977	0.971	0.972	0.969	0.954	0.954	0.95	0.94	0.957	0.954	0.934	0.935	0.915	0.931	0.907	0.9	0.908	0.895	0.903	0.883	0.881	0.873	0.86	0.832	0.868	0.862	0.831	0.828	0.811	0.819	0.816	0.816	0.802	0.805	0.788	0.775	0.795	0.77	
0.037	0.04	0.045	0.036	0.035	0.034	0.032	0.043	0.025	0.038	0.033	0.046	0.053	0.048	0.033	0.052	0.041	0.042	0.042	0.051	0.053	0.046	0.06	0.055	0.055	0.061	0.075	0.054	0.071	0.087	0.083	0.073	0.095	0.103	0.099	0.114	0.106	0.142	0.129	0.12	0.145	0.163	0.154	0.18	0.168	0.177	0.191	0.182	0.209	0.206	0.201	0.231	0.226	0.236	0.241	0.266	0.268	0.266	0.288	0.282	0.279	0.336	0.308	0.323	0.309	0.337	0.334	0.356	0.36	0.348	0.365	0.37	0.37	0.352	0.371	0.375	0.378	0.404	0.4	0.375	0.404	0.395	0.384	0.395	0.389	0.394	0.397	0.394	0.413	0.423	0.378	0.37	0.39	0.397	0.395	0.388	0.398	0.374	0.371	0.357	
0.999	1	0.999	1	0.998	0.998	0.998	0.998	1	0.999	0.997	0.995	1	0.998	0.997	0.998	0.994	0.997	0.993	0.993	0.994	0.993	0.983	0.983	0.983	0.988	0.977	0.983	0.975	0.974	0.973	0.969	0.974	0.971	0.956	0.946	0.956	0.951	0.939	0.956	0.941	0.936	0.935	0.914	0.928	0.905	0.895	0.912	0.906	0.887	0.886	0.88	0.863	0.855	0.875	0.843	0.829	0.829	0.812	0.79	0.787	0.783	0.743	0.776	0.734	0.737	0.723	0.701	0.699	0.642	0.645	0.622	0.62	0.611	0.603	0.585	0.543	0.525	0.511	0.483	0.515	0.483	0.433	0.458	0.4	0.387	0.371	0.39	0.352	0.338	0.338	0.287	0.312	0.314	0.299	0.262	0.225	0.205	0.201	0.201	
1	1	1	1	1	1	1	1	1	1	1	1	1	1	1	1	1	1	1	1	1	1	1	1	1	1	1	1	1	1	1	1	1	1	1	1	1	1	1	1	1	1	0.999	1	0.999	1	0.999	0.995	0.999	0.997	0.999	0.994	0.991	0.994	0.994	0.985	0.99	0.989	0.981	0.984	0.967	0.956	0.963	0.955	0.955	0.934	0.943	0.923	0.93	0.911	0.898	0.885	0.864	0.86	0.844	0.838	0.788	0.807	0.769	0.743	0.745	0.685	0.71	0.696	0.616	0.643	0.555	0.561	0.559	0.499	0.523	0.477	0.423	0.416	0.389	0.357	0.342	0.318	0.321	0.25	
0.999	0.998	0.996	0.99	0.987	0.976	0.983	0.979	0.972	0.967	0.957	0.951	0.941	0.941	0.944	0.939	0.916	0.902	0.904	0.903	0.898	0.899	0.902	0.899	0.88	0.858	0.886	0.88	0.853	0.874	0.851	0.841	0.829	0.831	0.835	0.82	0.781	0.804	0.771	0.77	0.745	0.763	0.767	0.761	0.742	0.721	0.678	0.686	0.713	0.681	0.655	0.671	0.688	0.644	0.656	0.628	0.624	0.605	0.632	0.591	0.577	0.574	0.543	0.569	0.556	0.549	0.56	0.531	0.518	0.524	0.494	0.468	0.461	0.474	0.446	0.462	0.436	0.459	0.435	0.449	0.444	0.433	0.397	0.421	0.372	0.422	0.417	0.401	0.386	0.392	0.38	0.396	0.406	0.399	0.377	0.386	0.403	0.384	0.396	0.4	
1	1	1	1	1	1	1	1	0.998	0.999	1	0.998	0.995	0.996	0.994	0.996	0.989	0.988	0.983	0.983	0.976	0.976	0.966	0.96	0.938	0.934	0.93	0.924	0.917	0.893	0.901	0.876	0.861	0.869	0.84	0.844	0.821	0.792	0.801	0.774	0.739	0.749	0.717	0.692	0.704	0.676	0.654	0.653	0.623	0.607	0.595	0.579	0.575	0.503	0.498	0.494	0.47	0.458	0.448	0.422	0.4	0.371	0.364	0.346	0.313	0.294	0.3	0.237	0.219	0.221	0.197	0.189	0.163	0.16	0.121	0.119	0.116	0.113	0.093	0.083	0.076	0.051	0.069	0.051	0.042	0.044	0.028	0.033	0.023	0.021	0.022	0.014	0.01	0.014	0.01	0.007	0.002	0.001	0.007	0.001	
1	1	1	1	1	1	1	0.999	0.999	1	0.998	0.997	0.997	0.999	0.998	0.992	0.995	0.996	0.992	0.992	0.98	0.985	0.991	0.978	0.978	0.973	0.967	0.958	0.961	0.946	0.962	0.934	0.946	0.946	0.916	0.921	0.921	0.889	0.869	0.855	0.867	0.84	0.793	0.823	0.797	0.798	0.766	0.779	0.728	0.709	0.698	0.65	0.641	0.614	0.602	0.608	0.576	0.588	0.545	0.517	0.507	0.471	0.436	0.424	0.418	0.412	0.391	0.371	0.36	0.338	0.296	0.3	0.28	0.264	0.255	0.231	0.229	0.193	0.194	0.197	0.159	0.177	0.151	0.148	0.134	0.113	0.1	0.105	0.096	0.094	0.086	0.082	0.07	0.057	0.043	0.057	0.036	0.038	0.032	0.033	
1	1	1	1	1	1	1	1	1	1	1	1	1	1	0.999	1	0.999	1	0.999	0.996	0.994	0.995	0.992	0.981	0.976	0.968	0.973	0.956	0.938	0.948	0.9	0.889	0.859	0.847	0.822	0.796	0.764	0.752	0.719	0.69	0.644	0.645	0.62	0.586	0.539	0.539	0.463	0.442	0.439	0.407	0.385	0.322	0.343	0.264	0.269	0.244	0.24	0.228	0.205	0.199	0.163	0.133	0.128	0.12	0.124	0.093	0.099	0.098	0.073	0.062	0.057	0.061	0.047	0.049	0.043	0.034	0.034	0.027	0.026	0.022	0.017	0.013	0.023	0.01	0.008	0.008	0.011	0.004	0.004	0.004	0.004	0.001	0	0	0	0	0.001	0	0	0	
1	1	1	1	1	1	1	1	1	1	1	1	1	1	1	1	1	1	1	1	1	1	1	1	0.999	0.999	1	0.998	0.999	1	0.998	0.997	0.998	0.995	0.993	0.997	0.991	0.994	0.984	0.984	0.981	0.984	0.975	0.987	0.971	0.97	0.965	0.969	0.961	0.951	0.94	0.95	0.937	0.934	0.921	0.914	0.917	0.908	0.888	0.893	0.864	0.846	0.848	0.839	0.816	0.81	0.797	0.786	0.765	0.741	0.748	0.731	0.72	0.712	0.691	0.683	0.685	0.654	0.625	0.605	0.615	0.591	0.605	0.576	0.551	0.6	0.555	0.543	0.533	0.533	0.508	0.519	0.481	0.483	0.484	0.486	0.439	0.438	0.464	0.418	
1	1	1	1	1	1	1	1	1	1	1	1	0.999	1	1	0.999	0.998	1	0.998	0.997	0.997	0.999	0.996	0.997	0.996	0.997	0.991	0.994	0.982	0.981	0.975	0.97	0.968	0.97	0.958	0.958	0.954	0.932	0.937	0.911	0.913	0.881	0.899	0.886	0.863	0.864	0.83	0.824	0.799	0.776	0.76	0.748	0.703	0.723	0.687	0.658	0.651	0.612	0.584	0.6	0.533	0.518	0.486	0.458	0.44	0.41	0.368	0.321	0.301	0.308	0.284	0.276	0.255	0.224	0.217	0.176	0.17	0.15	0.143	0.123	0.101	0.096	0.094	0.09	0.087	0.071	0.06	0.048	0.038	0.043	0.027	0.021	0.026	0.017	0.018	0.021	0.014	0.01	0.012	0.011	
1	1	1	1	1	1	1	1	1	1	1	1	1	1	1	1	1	1	0.999	0.999	1	0.998	0.999	0.999	0.996	0.998	0.999	0.995	0.993	0.997	0.993	0.989	0.991	0.981	0.982	0.968	0.978	0.961	0.96	0.941	0.939	0.926	0.914	0.895	0.907	0.879	0.86	0.854	0.83	0.842	0.817	0.806	0.808	0.775	0.753	0.726	0.747	0.697	0.675	0.645	0.638	0.648	0.591	0.585	0.589	0.515	0.504	0.495	0.499	0.439	0.447	0.418	0.427	0.404	0.368	0.336	0.322	0.297	0.283	0.265	0.246	0.255	0.242	0.199	0.215	0.169	0.175	0.148	0.134	0.115	0.11	0.112	0.074	0.085	0.076	0.065	0.079	0.051	0.04	0.038	
1	1	1	1	1	1	1	1	1	1	1	1	1	1	0.999	0.999	0.999	0.998	0.998	1	0.998	0.997	0.998	0.995	0.996	0.997	0.999	0.997	0.996	0.988	0.992	0.992	0.981	0.979	0.982	0.976	0.974	0.962	0.966	0.94	0.947	0.957	0.946	0.929	0.898	0.906	0.885	0.913	0.876	0.859	0.861	0.855	0.845	0.804	0.8	0.76	0.766	0.762	0.742	0.728	0.724	0.699	0.665	0.682	0.625	0.612	0.624	0.616	0.607	0.601	0.55	0.526	0.537	0.508	0.493	0.474	0.439	0.431	0.47	0.403	0.417	0.395	0.372	0.341	0.341	0.287	0.294	0.268	0.246	0.247	0.236	0.2	0.191	0.195	0.166	0.153	0.157	0.142	0.116	0.123	
1	1	1	1	1	1	1	1	1	1	1	1	1	1	1	1	1	1	1	1	1	1	1	1	1	0.999	1	1	1	1	0.998	1	0.999	1	0.999	0.999	0.997	0.997	0.998	0.997	0.991	0.995	0.995	0.985	0.988	0.991	0.981	0.98	0.976	0.973	0.979	0.976	0.964	0.967	0.966	0.956	0.939	0.94	0.928	0.922	0.932	0.915	0.909	0.895	0.879	0.88	0.879	0.835	0.827	0.827	0.818	0.798	0.757	0.769	0.745	0.725	0.697	0.657	0.64	0.647	0.611	0.585	0.532	0.516	0.491	0.453	0.431	0.425	0.387	0.362	0.332	0.323	0.291	0.244	0.227	0.21	0.209	0.167	0.145	0.147	
0.956	0.944	0.944	0.934	0.939	0.917	0.917	0.906	0.914	0.909	0.907	0.891	0.889	0.877	0.879	0.875	0.832	0.865	0.825	0.854	0.841	0.816	0.836	0.802	0.811	0.839	0.8	0.794	0.796	0.769	0.766	0.769	0.753	0.767	0.748	0.738	0.743	0.708	0.718	0.712	0.695	0.684	0.648	0.688	0.694	0.652	0.6	0.625	0.651	0.606	0.623	0.598	0.568	0.565	0.565	0.572	0.554	0.5	0.531	0.53	0.532	0.491	0.497	0.491	0.466	0.484	0.478	0.441	0.472	0.439	0.416	0.424	0.413	0.415	0.395	0.385	0.393	0.37	0.382	0.366	0.357	0.384	0.349	0.34	0.362	0.334	0.317	0.335	0.311	0.34	0.316	0.323	0.318	0.312	0.286	0.284	0.318	0.29	0.313	0.332	
1	1	1	1	1	1	1	1	1	1	1	1	1	1	1	1	1	1	1	1	1	1	1	1	1	1	1	1	1	1	0.998	0.998	0.998	0.999	1	1	0.999	0.999	0.998	0.996	0.996	0.998	0.99	0.986	0.988	0.986	0.977	0.976	0.977	0.976	0.948	0.956	0.943	0.948	0.932	0.938	0.922	0.898	0.884	0.875	0.854	0.854	0.819	0.826	0.766	0.756	0.753	0.702	0.726	0.684	0.616	0.639	0.614	0.603	0.537	0.552	0.499	0.476	0.436	0.386	0.404	0.354	0.327	0.281	0.271	0.231	0.231	0.194	0.179	0.167	0.145	0.113	0.087	0.093	0.081	0.083	0.049	0.034	0.04	0.039	
1	1	1	1	1	1	1	1	0.999	1	0.999	0.998	0.996	0.998	0.999	0.997	0.996	0.998	0.997	0.993	0.994	0.99	0.989	0.986	0.99	0.982	0.976	0.979	0.972	0.974	0.981	0.969	0.96	0.97	0.957	0.947	0.937	0.954	0.934	0.944	0.924	0.927	0.928	0.915	0.913	0.885	0.891	0.88	0.886	0.857	0.859	0.865	0.841	0.824	0.779	0.812	0.804	0.761	0.77	0.741	0.717	0.714	0.72	0.685	0.652	0.634	0.62	0.615	0.557	0.567	0.545	0.541	0.537	0.505	0.477	0.459	0.429	0.447	0.439	0.404	0.368	0.341	0.331	0.294	0.28	0.274	0.243	0.237	0.213	0.182	0.172	0.169	0.177	0.156	0.125	0.115	0.088	0.104	0.087	0.075	
1	0.999	0.997	0.999	0.995	0.992	0.985	0.987	0.983	0.975	0.96	0.966	0.952	0.939	0.925	0.931	0.918	0.93	0.898	0.913	0.898	0.88	0.871	0.881	0.847	0.86	0.869	0.809	0.82	0.796	0.783	0.779	0.766	0.772	0.783	0.748	0.722	0.699	0.709	0.69	0.671	0.68	0.654	0.635	0.629	0.619	0.587	0.589	0.549	0.551	0.501	0.489	0.501	0.453	0.436	0.416	0.404	0.349	0.358	0.343	0.325	0.275	0.263	0.237	0.25	0.2	0.2	0.172	0.142	0.15	0.126	0.117	0.097	0.094	0.07	0.059	0.052	0.059	0.046	0.035	0.028	0.028	0.028	0.02	0.007	0.011	0.009	0.007	0.007	0.003	0.003	0.001	0.002	0.001	0.001	0.001	0.001	0	0.001	0	
1	1	1	1	1	1	1	1	1	1	1	1	1	1	1	1	1	1	1	1	1	1	1	1	1	1	1	1	1	1	1	1	1	1	1	1	1	1	1	1	1	1	1	1	1	1	1	1	1	1	1	1	0.999	0.999	1	0.999	0.997	0.998	1	0.995	0.996	0.996	0.99	0.985	0.984	0.979	0.97	0.983	0.972	0.959	0.949	0.944	0.941	0.918	0.913	0.893	0.892	0.865	0.857	0.818	0.815	0.798	0.749	0.728	0.721	0.671	0.643	0.626	0.565	0.549	0.532	0.48	0.465	0.433	0.378	0.357	0.312	0.261	0.226	0.227	
1	1	1	1	1	1	1	1	1	1	1	1	1	1	1	1	1	1	1	1	1	1	1	1	1	1	1	1	1	1	1	1	1	1	1	1	1	1	1	1	1	1	1	0.999	0.999	0.999	0.999	0.999	0.999	0.999	1	0.996	0.996	0.997	0.996	0.995	0.993	0.995	0.985	0.984	0.982	0.984	0.977	0.968	0.954	0.971	0.944	0.949	0.94	0.904	0.906	0.901	0.867	0.86	0.841	0.83	0.83	0.792	0.763	0.733	0.721	0.686	0.632	0.608	0.59	0.546	0.482	0.465	0.422	0.404	0.367	0.376	0.302	0.296	0.272	0.258	0.194	0.159	0.167	0.128	
0.999	0.989	0.993	0.971	0.974	0.951	0.926	0.889	0.875	0.83	0.804	0.772	0.751	0.685	0.678	0.644	0.628	0.596	0.541	0.491	0.516	0.448	0.43	0.403	0.406	0.399	0.358	0.34	0.355	0.347	0.326	0.306	0.287	0.286	0.269	0.268	0.257	0.245	0.273	0.239	0.217	0.23	0.195	0.218	0.194	0.208	0.203	0.187	0.186	0.193	0.206	0.182	0.18	0.181	0.194	0.189	0.16	0.19	0.196	0.191	0.171	0.179	0.174	0.18	0.192	0.196	0.175	0.176	0.211	0.197	0.201	0.194	0.198	0.201	0.199	0.223	0.203	0.201	0.198	0.199	0.199	0.193	0.208	0.242	0.219	0.226	0.241	0.232	0.253	0.232	0.244	0.258	0.25	0.273	0.239	0.298	0.273	0.305	0.282	0.293	
0.995	0.995	0.996	0.988	0.984	0.984	0.98	0.982	0.953	0.954	0.949	0.941	0.946	0.932	0.917	0.914	0.894	0.907	0.871	0.865	0.848	0.842	0.817	0.831	0.794	0.778	0.748	0.744	0.744	0.74	0.703	0.674	0.676	0.671	0.623	0.619	0.631	0.606	0.592	0.557	0.566	0.512	0.528	0.485	0.451	0.468	0.459	0.431	0.412	0.386	0.406	0.368	0.37	0.356	0.299	0.331	0.291	0.281	0.26	0.251	0.252	0.22	0.218	0.219	0.187	0.18	0.189	0.16	0.169	0.167	0.124	0.127	0.121	0.115	0.109	0.103	0.102	0.091	0.1	0.083	0.082	0.066	0.066	0.068	0.038	0.052	0.037	0.036	0.042	0.031	0.032	0.019	0.021	0.027	0.017	0.014	0.013	0.014	0.013	0.013	
1	1	1	1	1	1	1	1	1	1	1	1	1	1	1	1	0.998	0.998	0.999	0.997	0.997	0.998	0.999	0.993	1	0.991	0.994	0.991	0.995	0.992	0.992	0.987	0.987	0.984	0.98	0.977	0.979	0.968	0.97	0.971	0.965	0.961	0.953	0.966	0.948	0.949	0.958	0.949	0.945	0.939	0.942	0.939	0.933	0.93	0.942	0.919	0.926	0.921	0.925	0.924	0.911	0.917	0.907	0.907	0.892	0.884	0.896	0.905	0.883	0.889	0.878	0.889	0.884	0.848	0.859	0.827	0.855	0.85	0.827	0.843	0.862	0.834	0.823	0.828	0.822	0.812	0.817	0.793	0.793	0.794	0.766	0.749	0.786	0.738	0.736	0.745	0.726	0.721	0.682	0.692	
1	1	1	1	1	1	1	1	1	1	1	1	1	1	1	1	1	1	1	1	1	1	1	1	1	1	1	1	1	1	1	1	1	0.999	1	1	1	1	1	1	0.999	0.999	0.999	0.998	0.994	0.996	0.997	0.996	0.996	0.993	0.991	0.996	0.994	0.982	0.972	0.973	0.975	0.973	0.949	0.963	0.962	0.944	0.951	0.943	0.928	0.906	0.902	0.894	0.889	0.873	0.88	0.875	0.885	0.859	0.827	0.833	0.834	0.824	0.79	0.804	0.786	0.784	0.764	0.758	0.731	0.722	0.73	0.707	0.694	0.678	0.667	0.66	0.673	0.651	0.666	0.633	0.629	0.623	0.602	0.619	
1	1	1	1	1	1	1	1	1	1	1	1	1	1	1	1	1	1	1	1	1	1	1	1	1	1	1	1	1	1	1	1	1	1	1	1	1	1	1	1	0.999	1	1	0.999	0.998	0.998	1	0.997	0.997	0.999	0.993	0.994	0.993	0.992	0.984	0.989	0.986	0.976	0.983	0.974	0.971	0.974	0.968	0.965	0.965	0.951	0.944	0.951	0.936	0.943	0.913	0.917	0.898	0.904	0.885	0.853	0.858	0.85	0.835	0.824	0.818	0.806	0.758	0.779	0.72	0.714	0.666	0.674	0.649	0.607	0.584	0.592	0.576	0.521	0.513	0.487	0.45	0.39	0.392	0.388	
1	1	1	1	1	0.999	1	1	0.999	0.998	0.999	0.996	0.998	0.993	0.991	0.982	0.984	0.978	0.961	0.955	0.969	0.956	0.947	0.93	0.929	0.92	0.903	0.911	0.888	0.852	0.88	0.852	0.84	0.817	0.797	0.796	0.79	0.741	0.726	0.725	0.737	0.681	0.64	0.659	0.604	0.611	0.593	0.575	0.548	0.538	0.477	0.502	0.446	0.463	0.466	0.418	0.408	0.371	0.372	0.322	0.327	0.317	0.311	0.26	0.253	0.231	0.206	0.237	0.189	0.162	0.161	0.154	0.143	0.138	0.142	0.101	0.097	0.105	0.097	0.073	0.089	0.061	0.044	0.056	0.048	0.037	0.037	0.028	0.033	0.038	0.027	0.022	0.02	0.014	0.008	0.007	0.009	0.004	0.009	0.005	
0.976	0.975	0.98	0.979	0.957	0.959	0.97	0.949	0.937	0.93	0.917	0.907	0.897	0.902	0.884	0.889	0.876	0.867	0.866	0.849	0.83	0.82	0.821	0.838	0.804	0.8	0.809	0.773	0.756	0.765	0.772	0.756	0.748	0.725	0.73	0.739	0.714	0.739	0.702	0.707	0.693	0.685	0.657	0.695	0.685	0.671	0.681	0.694	0.658	0.638	0.65	0.625	0.648	0.616	0.613	0.617	0.605	0.632	0.623	0.601	0.643	0.639	0.609	0.627	0.652	0.607	0.615	0.605	0.618	0.632	0.615	0.648	0.664	0.638	0.633	0.649	0.667	0.66	0.643	0.674	0.655	0.683	0.673	0.668	0.695	0.685	0.687	0.681	0.708	0.697	0.725	0.713	0.703	0.73	0.74	0.718	0.717	0.729	0.734	0.724	
1	1	1	1	1	1	1	1	1	1	1	1	1	1	1	1	1	1	1	1	1	0.999	1	0.998	0.999	0.999	0.999	0.999	0.998	0.997	1	0.999	0.996	0.996	0.994	0.998	0.996	0.989	0.993	0.988	0.989	0.99	0.985	0.985	0.98	0.986	0.974	0.97	0.978	0.97	0.959	0.956	0.958	0.956	0.941	0.943	0.948	0.927	0.926	0.921	0.918	0.927	0.903	0.902	0.901	0.896	0.854	0.869	0.861	0.837	0.843	0.84	0.832	0.808	0.824	0.764	0.788	0.726	0.739	0.723	0.727	0.726	0.678	0.689	0.654	0.664	0.636	0.61	0.603	0.551	0.553	0.557	0.511	0.504	0.488	0.464	0.437	0.439	0.418	0.373	
1	1	1	1	1	1	1	0.999	1	1	1	1	0.999	0.999	0.998	1	0.998	0.999	0.999	0.997	0.999	0.996	0.99	0.996	0.99	0.992	0.983	0.98	0.985	0.982	0.974	0.973	0.964	0.965	0.959	0.954	0.94	0.943	0.918	0.92	0.913	0.91	0.897	0.889	0.885	0.87	0.85	0.836	0.826	0.802	0.796	0.778	0.732	0.724	0.727	0.7	0.672	0.626	0.628	0.571	0.565	0.553	0.522	0.515	0.489	0.434	0.421	0.376	0.354	0.363	0.306	0.31	0.265	0.238	0.229	0.206	0.198	0.159	0.157	0.157	0.147	0.096	0.1	0.077	0.071	0.078	0.054	0.047	0.049	0.033	0.026	0.025	0.017	0.01	0.016	0.013	0.004	0.009	0.005	0.002	
0.993	0.996	0.988	0.99	0.989	0.989	0.992	0.988	0.986	0.985	0.985	0.986	0.986	0.984	0.987	0.99	0.986	0.978	0.983	0.98	0.976	0.968	0.968	0.972	0.962	0.969	0.968	0.977	0.974	0.967	0.96	0.959	0.949	0.957	0.957	0.956	0.949	0.953	0.949	0.933	0.955	0.939	0.943	0.924	0.921	0.91	0.927	0.927	0.933	0.933	0.913	0.904	0.902	0.907	0.883	0.896	0.876	0.875	0.87	0.868	0.882	0.852	0.855	0.865	0.845	0.819	0.819	0.792	0.793	0.774	0.779	0.78	0.754	0.741	0.722	0.706	0.709	0.688	0.659	0.652	0.628	0.629	0.6	0.573	0.572	0.541	0.521	0.51	0.501	0.458	0.474	0.45	0.411	0.41	0.37	0.329	0.338	0.294	0.292	0.265	
1	1	1	1	0.998	0.997	0.997	0.998	0.992	0.992	0.994	0.991	0.98	0.968	0.984	0.962	0.96	0.959	0.953	0.943	0.938	0.929	0.918	0.905	0.903	0.883	0.887	0.862	0.862	0.831	0.831	0.825	0.79	0.825	0.814	0.8	0.761	0.751	0.755	0.767	0.747	0.748	0.72	0.701	0.688	0.693	0.683	0.692	0.638	0.621	0.623	0.611	0.601	0.607	0.593	0.568	0.542	0.527	0.521	0.494	0.491	0.501	0.452	0.415	0.423	0.382	0.383	0.343	0.364	0.314	0.31	0.27	0.257	0.254	0.215	0.219	0.219	0.185	0.162	0.158	0.135	0.119	0.108	0.092	0.07	0.06	0.072	0.056	0.043	0.036	0.027	0.028	0.03	0.017	0.013	0.017	0.007	0.005	0.003	0.009	
1	1	1	1	1	1	1	1	1	1	1	1	1	1	1	1	1	1	1	1	1	1	1	1	1	1	1	1	1	1	1	1	1	0.999	1	0.999	0.999	0.998	0.998	0.998	0.997	0.998	0.993	0.995	0.991	0.995	0.982	0.977	0.979	0.973	0.963	0.948	0.941	0.934	0.932	0.908	0.902	0.877	0.861	0.848	0.833	0.78	0.759	0.767	0.7	0.714	0.665	0.622	0.594	0.559	0.513	0.505	0.466	0.445	0.405	0.368	0.338	0.28	0.244	0.213	0.172	0.176	0.155	0.126	0.109	0.1	0.074	0.064	0.052	0.044	0.033	0.027	0.015	0.011	0.015	0.009	0.006	0.006	0.008	0.005	
1	1	1	1	1	1	1	1	1	1	1	1	1	1	0.999	1	0.998	0.999	1	0.996	0.998	0.997	1	0.993	0.996	0.993	0.987	0.983	0.991	0.972	0.975	0.965	0.963	0.954	0.934	0.926	0.91	0.909	0.878	0.879	0.873	0.82	0.811	0.787	0.775	0.735	0.717	0.7	0.681	0.655	0.616	0.604	0.591	0.525	0.546	0.507	0.498	0.443	0.433	0.392	0.375	0.373	0.328	0.316	0.3	0.285	0.267	0.263	0.218	0.198	0.217	0.187	0.167	0.136	0.142	0.134	0.104	0.086	0.091	0.081	0.09	0.055	0.069	0.055	0.046	0.038	0.043	0.03	0.031	0.03	0.013	0.015	0.009	0.022	0.008	0.006	0.01	0.005	0.004	0.005	
0.193	0.182	0.207	0.198	0.191	0.178	0.206	0.205	0.181	0.198	0.191	0.195	0.186	0.194	0.169	0.171	0.183	0.187	0.172	0.189	0.174	0.169	0.155	0.177	0.171	0.181	0.162	0.16	0.147	0.159	0.157	0.163	0.136	0.137	0.133	0.123	0.132	0.132	0.129	0.108	0.119	0.115	0.111	0.123	0.11	0.115	0.1	0.089	0.107	0.106	0.106	0.105	0.1	0.089	0.064	0.078	0.083	0.063	0.077	0.065	0.074	0.056	0.067	0.054	0.054	0.054	0.047	0.045	0.041	0.033	0.047	0.054	0.03	0.025	0.033	0.043	0.033	0.024	0.025	0.024	0.014	0.02	0.019	0.017	0.016	0.016	0.012	0.006	0.009	0.008	0.013	0.005	0.011	0.006	0.004	0.006	0.008	0.006	0.002	0.004	
1	1	1	1	1	1	1	1	1	1	1	1	1	1	1	1	1	1	1	1	1	1	1	1	1	1	1	1	1	1	1	1	1	1	1	1	0.999	1	1	1	1	1	1	1	0.999	1	1	1	0.999	1	1	1	1	0.999	0.999	0.999	0.996	1	0.998	0.998	0.995	0.996	0.995	0.993	0.986	0.992	0.985	0.988	0.982	0.97	0.981	0.971	0.972	0.968	0.967	0.967	0.953	0.929	0.939	0.935	0.917	0.914	0.902	0.893	0.881	0.875	0.86	0.844	0.81	0.795	0.765	0.742	0.716	0.691	0.677	0.663	0.656	0.6	0.548	0.545	
0.199	0.165	0.13	0.123	0.074	0.068	0.072	0.056	0.044	0.031	0.022	0.025	0.025	0.02	0.012	0.019	0.007	0.008	0.01	0.007	0.007	0.007	0.002	0.003	0.001	0.002	0.008	0.003	0	0.001	0.001	0.002	0.001	0.001	0.001	0.002	0.002	0.001	0.001	0.001	0	0.001	0	0	0	0.004	0	0	0	0	0.001	0.001	0	0	0	0	0	0	0	0	0	0	0	0	0	0	0	0	0	0	0	0.001	0	0	0.001	0	0	0	0	0	0	0	0	0	0.001	0	0	0	0	0	0	0	0	0	0	0	0	0	0	0	
0.997	0.998	0.994	0.991	0.963	0.973	0.964	0.953	0.929	0.907	0.874	0.856	0.795	0.8	0.741	0.694	0.664	0.638	0.604	0.586	0.541	0.524	0.465	0.46	0.433	0.377	0.389	0.354	0.327	0.323	0.284	0.267	0.256	0.23	0.204	0.208	0.187	0.196	0.176	0.172	0.159	0.146	0.153	0.138	0.127	0.118	0.124	0.133	0.116	0.107	0.118	0.108	0.109	0.095	0.109	0.127	0.096	0.09	0.092	0.092	0.091	0.105	0.1	0.088	0.102	0.103	0.079	0.108	0.1	0.106	0.118	0.13	0.115	0.129	0.124	0.13	0.131	0.128	0.114	0.132	0.148	0.133	0.165	0.152	0.151	0.166	0.157	0.159	0.161	0.184	0.178	0.188	0.19	0.181	0.226	0.203	0.21	0.21	0.215	0.23	
1	1	1	1	1	0.999	1	1	0.998	0.999	1	0.999	0.997	0.997	0.997	0.997	0.995	0.999	0.997	0.988	0.995	0.995	0.993	0.992	0.996	0.992	0.989	0.983	0.987	0.987	0.983	0.981	0.979	0.987	0.976	0.979	0.967	0.982	0.972	0.965	0.973	0.961	0.963	0.96	0.963	0.943	0.954	0.949	0.933	0.947	0.929	0.927	0.929	0.933	0.918	0.93	0.912	0.922	0.905	0.914	0.895	0.877	0.854	0.869	0.865	0.849	0.842	0.843	0.844	0.824	0.835	0.82	0.809	0.787	0.782	0.769	0.776	0.743	0.76	0.734	0.703	0.718	0.695	0.651	0.684	0.657	0.635	0.646	0.638	0.607	0.597	0.571	0.543	0.525	0.515	0.52	0.474	0.502	0.458	0.442	
1	1	1	1	1	1	1	1	1	1	1	1	1	1	1	1	1	1	1	1	1	1	1	1	1	1	1	1	1	1	1	1	1	1	1	1	1	0.999	1	0.999	1	0.999	1	0.999	1	0.999	0.997	0.998	0.997	1	0.998	0.994	0.992	0.991	0.993	0.98	0.982	0.984	0.986	0.968	0.971	0.963	0.966	0.961	0.955	0.941	0.943	0.932	0.923	0.909	0.914	0.911	0.872	0.865	0.848	0.826	0.831	0.819	0.784	0.776	0.771	0.76	0.705	0.717	0.699	0.668	0.651	0.605	0.6	0.576	0.529	0.515	0.517	0.482	0.45	0.415	0.384	0.382	0.355	0.323	
1	1	1	1	1	1	1	1	0.999	0.998	1	0.996	1	0.994	0.999	0.993	0.994	0.994	0.99	0.982	0.991	0.978	0.977	0.974	0.973	0.968	0.966	0.954	0.952	0.947	0.949	0.936	0.922	0.921	0.934	0.92	0.915	0.907	0.895	0.901	0.904	0.854	0.873	0.837	0.851	0.867	0.827	0.842	0.834	0.797	0.827	0.81	0.797	0.796	0.793	0.793	0.774	0.784	0.737	0.758	0.733	0.743	0.719	0.724	0.727	0.722	0.681	0.714	0.706	0.683	0.654	0.675	0.629	0.643	0.642	0.642	0.639	0.632	0.625	0.595	0.589	0.604	0.592	0.596	0.576	0.56	0.557	0.552	0.572	0.569	0.547	0.535	0.544	0.53	0.552	0.56	0.563	0.537	0.531	0.539	
1	1	1	1	1	1	1	1	1	1	1	1	1	1	1	1	0.999	1	1	1	0.997	0.998	1	0.999	0.999	0.995	0.998	0.997	0.994	0.993	0.988	0.991	0.997	0.993	0.988	0.982	0.986	0.983	0.984	0.979	0.973	0.97	0.966	0.974	0.963	0.946	0.943	0.95	0.934	0.936	0.93	0.911	0.907	0.905	0.895	0.888	0.869	0.872	0.867	0.858	0.832	0.792	0.793	0.808	0.77	0.78	0.747	0.743	0.743	0.716	0.7	0.686	0.676	0.657	0.645	0.631	0.599	0.586	0.552	0.538	0.542	0.506	0.492	0.475	0.439	0.436	0.397	0.386	0.382	0.37	0.332	0.319	0.312	0.299	0.288	0.262	0.243	0.232	0.208	0.198	
1	1	1	1	1	1	1	1	1	1	1	1	1	1	1	1	1	1	0.999	1	1	1	1	0.997	1	1	0.998	1	0.998	0.996	0.996	0.999	0.997	0.999	0.998	0.994	0.994	0.995	0.998	0.996	0.996	0.994	0.99	0.991	0.993	0.989	0.995	0.996	0.992	0.991	0.988	0.99	0.992	0.987	0.989	0.986	0.985	0.989	0.989	0.986	0.986	0.99	0.983	0.983	0.984	0.985	0.98	0.973	0.974	0.979	0.972	0.979	0.978	0.977	0.977	0.967	0.982	0.969	0.962	0.962	0.963	0.951	0.961	0.958	0.95	0.956	0.945	0.93	0.931	0.938	0.917	0.92	0.901	0.895	0.896	0.897	0.887	0.892	0.846	0.848	
1	1	1	1	1	1	1	1	1	1	1	1	1	1	1	1	1	1	1	1	1	1	1	1	1	1	1	1	1	1	1	1	1	1	1	1	1	1	1	1	1	1	1	1	1	0.998	1	1	0.999	0.998	0.999	0.999	1	0.997	0.997	0.998	0.999	0.993	0.994	0.988	0.991	0.992	0.994	0.99	0.988	0.984	0.982	0.986	0.991	0.975	0.98	0.968	0.963	0.973	0.964	0.957	0.963	0.953	0.947	0.951	0.95	0.942	0.945	0.933	0.942	0.935	0.914	0.907	0.914	0.919	0.907	0.898	0.883	0.912	0.89	0.898	0.868	0.877	0.895	0.869	
1	1	1	1	1	1	1	1	1	1	1	1	1	1	1	1	1	1	1	1	1	1	1	1	1	1	1	1	1	0.999	1	1	1	1	0.999	0.998	0.999	0.999	0.999	0.999	0.999	0.999	0.998	1	0.997	0.995	0.995	0.998	0.996	0.994	0.988	0.99	0.995	0.981	0.989	0.981	0.984	0.976	0.969	0.976	0.962	0.969	0.95	0.967	0.95	0.943	0.924	0.926	0.923	0.912	0.884	0.884	0.864	0.866	0.839	0.806	0.812	0.763	0.778	0.725	0.692	0.677	0.654	0.628	0.598	0.56	0.546	0.498	0.457	0.451	0.401	0.399	0.357	0.362	0.293	0.299	0.247	0.233	0.221	0.189	
1	1	1	1	1	1	1	1	1	1	1	1	1	1	1	1	1	1	1	1	1	0.998	0.999	0.999	0.998	0.993	0.996	0.997	0.994	0.994	0.991	0.989	0.987	0.985	0.987	0.969	0.969	0.966	0.958	0.966	0.943	0.94	0.921	0.915	0.903	0.909	0.878	0.874	0.869	0.86	0.841	0.81	0.821	0.781	0.77	0.772	0.737	0.728	0.725	0.702	0.705	0.682	0.669	0.664	0.629	0.622	0.589	0.541	0.572	0.555	0.547	0.54	0.489	0.501	0.472	0.474	0.436	0.436	0.423	0.395	0.401	0.381	0.377	0.349	0.364	0.316	0.305	0.315	0.287	0.263	0.249	0.254	0.244	0.237	0.22	0.209	0.194	0.166	0.15	0.125	
1	1	1	1	1	1	1	1	1	1	1	1	0.999	1	0.999	1	0.999	0.997	1	0.995	0.994	0.995	0.995	0.99	0.995	0.993	0.99	0.987	0.98	0.984	0.983	0.976	0.966	0.968	0.961	0.943	0.924	0.934	0.929	0.9	0.902	0.878	0.868	0.846	0.848	0.821	0.783	0.802	0.797	0.73	0.762	0.708	0.715	0.661	0.663	0.641	0.627	0.588	0.563	0.565	0.541	0.487	0.479	0.451	0.437	0.411	0.383	0.375	0.337	0.3	0.325	0.282	0.281	0.263	0.246	0.212	0.176	0.167	0.154	0.154	0.138	0.124	0.112	0.106	0.095	0.073	0.075	0.065	0.056	0.051	0.041	0.031	0.027	0.031	0.022	0.014	0.013	0.013	0.012	0.007	
1	1	1	1	1	1	1	1	1	1	1	1	1	1	1	1	1	0.999	1	1	1	1	0.997	1	0.999	0.998	0.996	0.998	0.99	0.993	0.984	0.993	0.985	0.973	0.973	0.965	0.956	0.955	0.946	0.918	0.924	0.889	0.88	0.874	0.871	0.82	0.797	0.763	0.718	0.698	0.675	0.675	0.6	0.578	0.57	0.499	0.473	0.428	0.418	0.355	0.339	0.301	0.295	0.247	0.225	0.193	0.165	0.14	0.164	0.124	0.103	0.086	0.083	0.063	0.047	0.041	0.039	0.035	0.019	0.018	0.012	0.014	0.009	0.009	0.005	0.003	0.005	0.002	0.002	0.001	0	0	0.001	0	0	0	0	0	0	0	
1	1	1	1	1	1	1	1	1	1	1	1	1	1	1	0.999	0.999	0.999	0.998	0.997	0.998	0.993	0.993	0.988	0.996	0.986	0.981	0.983	0.977	0.97	0.969	0.972	0.966	0.948	0.953	0.947	0.924	0.941	0.922	0.926	0.927	0.896	0.897	0.874	0.863	0.86	0.846	0.834	0.846	0.829	0.829	0.818	0.782	0.775	0.798	0.743	0.763	0.733	0.72	0.72	0.709	0.685	0.664	0.657	0.652	0.636	0.613	0.632	0.598	0.59	0.603	0.585	0.558	0.566	0.562	0.529	0.567	0.541	0.515	0.513	0.494	0.507	0.513	0.497	0.535	0.479	0.478	0.47	0.477	0.478	0.442	0.473	0.45	0.464	0.461	0.489	0.463	0.458	0.44	0.473	
1	1	1	1	1	1	1	1	1	1	1	1	1	1	1	1	1	1	1	0.999	0.999	1	1	0.998	0.991	0.997	0.991	0.986	0.979	0.979	0.98	0.975	0.952	0.948	0.965	0.932	0.921	0.911	0.893	0.879	0.863	0.863	0.849	0.83	0.814	0.792	0.784	0.759	0.722	0.704	0.691	0.675	0.634	0.607	0.59	0.565	0.533	0.538	0.476	0.481	0.457	0.414	0.368	0.397	0.369	0.328	0.305	0.283	0.295	0.246	0.243	0.201	0.198	0.171	0.143	0.125	0.131	0.089	0.089	0.072	0.08	0.052	0.047	0.043	0.037	0.026	0.032	0.024	0.016	0.013	0.007	0.009	0.008	0.004	0.001	0.003	0.005	0.002	0	0.002	
1	1	1	1	1	1	1	1	1	1	1	1	1	1	1	1	1	1	1	1	1	1	1	1	1	1	1	1	1	1	1	1	1	1	1	1	0.997	1	0.999	1	0.999	0.999	0.999	0.999	0.994	0.992	0.993	0.993	0.99	0.991	0.987	0.986	0.98	0.973	0.967	0.957	0.97	0.965	0.951	0.952	0.935	0.935	0.922	0.94	0.903	0.897	0.912	0.908	0.879	0.874	0.846	0.854	0.822	0.806	0.795	0.796	0.78	0.737	0.712	0.689	0.661	0.646	0.63	0.617	0.585	0.548	0.525	0.47	0.476	0.457	0.439	0.393	0.354	0.348	0.299	0.303	0.259	0.235	0.205	0.16	
1	1	1	1	1	1	1	1	0.997	0.999	0.998	0.995	0.996	0.997	0.992	0.989	0.985	0.99	0.984	0.967	0.966	0.953	0.94	0.945	0.921	0.899	0.883	0.895	0.852	0.816	0.818	0.791	0.754	0.736	0.727	0.685	0.655	0.638	0.616	0.566	0.558	0.53	0.507	0.454	0.454	0.368	0.403	0.398	0.354	0.336	0.289	0.28	0.268	0.248	0.218	0.189	0.178	0.165	0.161	0.133	0.142	0.133	0.102	0.116	0.094	0.079	0.075	0.062	0.055	0.057	0.036	0.044	0.038	0.036	0.028	0.018	0.029	0.015	0.014	0.026	0.016	0.012	0.014	0.006	0.004	0.004	0.002	0.01	0.003	0.001	0.001	0.005	0.001	0.001	0.002	0.001	0.002	0	0	0.001	
1	0.995	0.996	0.999	0.999	0.994	0.996	0.994	0.992	0.992	0.989	0.984	0.989	0.99	0.988	0.986	0.985	0.988	0.985	0.988	0.982	0.984	0.988	0.974	0.981	0.991	0.978	0.984	0.978	0.985	0.978	0.981	0.981	0.979	0.981	0.978	0.979	0.976	0.975	0.983	0.976	0.977	0.979	0.99	0.979	0.98	0.981	0.972	0.984	0.973	0.979	0.981	0.979	0.975	0.973	0.978	0.985	0.978	0.977	0.978	0.975	0.98	0.979	0.973	0.968	0.976	0.971	0.959	0.957	0.957	0.966	0.955	0.961	0.945	0.944	0.95	0.931	0.938	0.936	0.934	0.917	0.917	0.927	0.911	0.913	0.911	0.893	0.907	0.898	0.864	0.859	0.878	0.865	0.847	0.845	0.806	0.829	0.832	0.805	0.789	
1	1	1	1	1	1	1	1	1	1	1	1	1	1	1	1	1	1	1	1	1	0.997	0.998	0.995	0.995	0.994	0.989	0.987	0.986	0.981	0.984	0.972	0.976	0.972	0.965	0.957	0.957	0.945	0.937	0.948	0.928	0.917	0.907	0.909	0.912	0.89	0.868	0.873	0.868	0.859	0.851	0.848	0.82	0.837	0.813	0.796	0.785	0.778	0.763	0.761	0.746	0.719	0.692	0.682	0.66	0.652	0.624	0.611	0.569	0.572	0.569	0.556	0.521	0.476	0.468	0.455	0.447	0.384	0.376	0.327	0.321	0.333	0.302	0.279	0.265	0.243	0.229	0.207	0.199	0.168	0.163	0.148	0.116	0.13	0.109	0.113	0.089	0.074	0.082	0.067	
1	1	1	1	1	1	1	1	1	1	1	1	1	1	0.997	0.997	0.999	0.995	0.997	0.993	0.993	0.986	0.983	0.979	0.966	0.961	0.966	0.937	0.921	0.915	0.915	0.893	0.87	0.867	0.831	0.812	0.784	0.77	0.764	0.744	0.72	0.67	0.662	0.608	0.609	0.58	0.587	0.567	0.538	0.501	0.475	0.475	0.444	0.433	0.409	0.395	0.378	0.335	0.344	0.33	0.308	0.274	0.266	0.245	0.255	0.222	0.21	0.184	0.19	0.17	0.166	0.163	0.142	0.122	0.103	0.082	0.083	0.086	0.061	0.072	0.057	0.05	0.052	0.049	0.038	0.031	0.034	0.023	0.025	0.025	0.016	0.017	0.013	0.013	0.01	0.007	0.005	0.005	0.003	0.003	
1	1	1	1	1	1	1	1	1	1	1	1	1	1	1	1	1	0.998	1	0.999	1	0.998	0.999	0.992	0.998	0.997	0.996	0.992	0.993	0.989	0.981	0.984	0.973	0.969	0.968	0.959	0.954	0.951	0.944	0.929	0.929	0.922	0.912	0.912	0.889	0.867	0.859	0.883	0.828	0.831	0.827	0.808	0.816	0.789	0.772	0.738	0.714	0.711	0.693	0.681	0.681	0.645	0.648	0.616	0.619	0.603	0.582	0.552	0.53	0.537	0.52	0.46	0.511	0.495	0.415	0.425	0.415	0.406	0.367	0.374	0.361	0.341	0.33	0.322	0.291	0.276	0.249	0.262	0.226	0.198	0.212	0.189	0.17	0.176	0.127	0.156	0.145	0.131	0.135	0.112	
0.071	0.084	0.076	0.077	0.067	0.068	0.087	0.086	0.068	0.079	0.077	0.08	0.076	0.07	0.074	0.066	0.065	0.072	0.071	0.08	0.079	0.063	0.069	0.062	0.082	0.064	0.057	0.075	0.057	0.063	0.064	0.061	0.062	0.067	0.054	0.055	0.067	0.053	0.06	0.066	0.045	0.054	0.051	0.043	0.051	0.052	0.057	0.046	0.043	0.044	0.044	0.037	0.03	0.04	0.031	0.031	0.038	0.039	0.041	0.027	0.035	0.027	0.027	0.037	0.025	0.017	0.015	0.02	0.017	0.028	0.02	0.02	0.015	0.013	0.013	0.02	0.01	0.018	0.012	0.016	0.007	0.012	0.01	0.01	0.005	0.009	0.008	0.01	0.007	0.008	0.005	0.001	0.001	0.005	0.003	0.002	0.006	0.003	0.002	0	
1	1	1	1	1	1	1	1	1	1	1	1	1	1	1	1	1	1	1	1	1	1	1	1	0.999	1	1	0.998	1	0.995	1	0.997	0.997	0.997	0.995	0.995	0.992	0.988	0.991	0.983	0.985	0.981	0.971	0.971	0.973	0.965	0.958	0.969	0.945	0.938	0.93	0.94	0.926	0.921	0.903	0.896	0.88	0.874	0.864	0.838	0.848	0.84	0.806	0.804	0.797	0.763	0.755	0.723	0.734	0.687	0.671	0.625	0.65	0.605	0.577	0.567	0.581	0.535	0.493	0.493	0.442	0.438	0.41	0.395	0.425	0.359	0.352	0.32	0.275	0.281	0.258	0.232	0.215	0.171	0.193	0.19	0.16	0.148	0.118	0.111	
0.998	0.994	0.992	0.995	0.996	0.996	0.997	1	0.997	0.997	0.999	0.996	1	1	0.999	0.998	0.996	0.999	1	1	0.999	0.999	0.999	0.999	1	1	0.997	0.999	0.999	0.998	1	1	0.997	0.999	0.998	1	0.999	0.999	0.999	0.998	0.998	0.999	0.999	0.995	1	0.999	0.998	0.99	0.997	0.998	0.996	0.993	0.993	0.996	0.992	0.995	0.999	0.988	0.987	0.987	0.983	0.983	0.983	0.978	0.973	0.97	0.974	0.974	0.957	0.96	0.956	0.952	0.949	0.944	0.929	0.933	0.929	0.915	0.901	0.895	0.886	0.892	0.887	0.836	0.849	0.827	0.838	0.797	0.805	0.776	0.764	0.768	0.742	0.703	0.69	0.646	0.654	0.618	0.61	0.576	
1	1	1	1	1	1	1	1	1	1	1	1	1	1	1	1	1	1	1	1	1	1	1	1	1	1	1	1	1	1	1	1	1	1	0.999	0.999	0.999	0.996	0.996	0.996	0.995	0.994	0.993	0.993	0.982	0.974	0.978	0.96	0.953	0.956	0.941	0.922	0.915	0.894	0.88	0.86	0.825	0.813	0.796	0.762	0.756	0.706	0.686	0.666	0.627	0.605	0.555	0.568	0.537	0.491	0.477	0.423	0.413	0.404	0.325	0.316	0.281	0.291	0.228	0.218	0.172	0.206	0.174	0.159	0.135	0.104	0.086	0.072	0.073	0.07	0.054	0.039	0.041	0.02	0.018	0.027	0.016	0.007	0.008	0.006	
1	1	1	1	1	1	1	1	1	1	1	1	1	1	1	1	1	1	1	1	1	1	1	1	1	1	0.999	0.998	1	0.997	0.999	0.996	0.995	0.993	0.993	0.985	0.991	0.985	0.965	0.964	0.972	0.956	0.95	0.945	0.945	0.927	0.898	0.909	0.882	0.87	0.864	0.843	0.851	0.834	0.804	0.799	0.774	0.772	0.784	0.718	0.738	0.696	0.676	0.673	0.63	0.61	0.587	0.587	0.532	0.531	0.525	0.526	0.479	0.485	0.449	0.442	0.431	0.396	0.386	0.355	0.362	0.324	0.323	0.306	0.308	0.305	0.259	0.251	0.251	0.229	0.201	0.217	0.194	0.174	0.18	0.157	0.149	0.158	0.159	0.139	
1	1	1	1	1	1	1	0.999	1	0.999	1	0.998	1	0.996	0.997	0.997	0.992	0.988	0.995	0.992	0.994	0.987	0.982	0.982	0.977	0.964	0.958	0.97	0.951	0.952	0.94	0.917	0.929	0.912	0.882	0.867	0.867	0.852	0.829	0.836	0.793	0.777	0.77	0.759	0.704	0.688	0.676	0.664	0.648	0.593	0.594	0.537	0.534	0.509	0.485	0.48	0.415	0.412	0.406	0.38	0.344	0.31	0.283	0.272	0.257	0.226	0.204	0.199	0.179	0.172	0.127	0.142	0.125	0.089	0.093	0.103	0.064	0.062	0.063	0.047	0.05	0.035	0.025	0.029	0.028	0.017	0.019	0.016	0.015	0.006	0.012	0.01	0.006	0.005	0.004	0.005	0.005	0.006	0.004	0	
1	1	1	1	1	1	1	1	1	1	1	1	1	1	1	1	1	0.999	1	1	1	1	0.997	0.997	0.997	0.999	0.995	0.988	0.985	0.985	0.978	0.962	0.943	0.933	0.937	0.904	0.887	0.882	0.847	0.816	0.789	0.759	0.744	0.685	0.663	0.606	0.62	0.591	0.518	0.528	0.484	0.466	0.427	0.396	0.365	0.366	0.301	0.258	0.267	0.253	0.243	0.219	0.206	0.153	0.179	0.136	0.124	0.107	0.088	0.074	0.07	0.069	0.055	0.041	0.043	0.036	0.03	0.026	0.021	0.017	0.013	0.006	0.008	0.008	0.003	0.006	0.001	0.004	0.003	0	0.001	0	0.001	0	0	0	0	0	0.001	0	
0.272	0.241	0.212	0.188	0.173	0.164	0.144	0.137	0.133	0.121	0.098	0.091	0.09	0.098	0.085	0.075	0.1	0.077	0.085	0.084	0.088	0.077	0.069	0.076	0.089	0.073	0.093	0.086	0.089	0.094	0.096	0.08	0.081	0.081	0.1	0.106	0.108	0.108	0.095	0.106	0.105	0.112	0.101	0.132	0.121	0.111	0.122	0.13	0.138	0.131	0.14	0.135	0.122	0.127	0.148	0.15	0.119	0.137	0.15	0.147	0.162	0.155	0.159	0.152	0.166	0.149	0.16	0.174	0.159	0.147	0.164	0.165	0.161	0.147	0.173	0.171	0.165	0.171	0.186	0.187	0.161	0.157	0.169	0.14	0.146	0.157	0.141	0.141	0.142	0.125	0.145	0.123	0.12	0.115	0.131	0.117	0.103	0.098	0.086	0.084	
0.964	0.944	0.943	0.928	0.912	0.885	0.841	0.841	0.835	0.783	0.75	0.701	0.717	0.66	0.654	0.599	0.572	0.517	0.479	0.434	0.437	0.387	0.336	0.329	0.316	0.283	0.233	0.209	0.199	0.166	0.143	0.113	0.118	0.081	0.084	0.058	0.057	0.05	0.047	0.035	0.027	0.021	0.016	0.018	0.012	0.005	0.011	0.008	0.004	0.006	0.004	0.004	0.001	0.001	0.003	0.001	0	0.001	0	0	0.001	0	0	0.001	0.001	0	0	0	0	0	0	0	0	0	0	0	0	0	0	0	0	0	0	0	0	0	0	0	0	0	0	0	0	0	0	0	0	0	0	0	
1	1	1	1	1	1	1	1	1	1	1	1	1	1	1	1	1	1	1	1	1	1	0.999	1	1	1	1	1	1	1	1	1	0.999	0.999	1	1	1	1	1	1	0.998	0.997	0.998	0.997	0.997	0.994	0.993	0.985	0.989	0.989	0.987	0.978	0.986	0.973	0.974	0.962	0.966	0.956	0.947	0.955	0.943	0.923	0.919	0.919	0.889	0.895	0.883	0.87	0.854	0.825	0.822	0.787	0.794	0.755	0.759	0.75	0.706	0.717	0.664	0.632	0.621	0.59	0.582	0.516	0.527	0.482	0.514	0.465	0.418	0.4	0.372	0.321	0.315	0.285	0.263	0.24	0.227	0.196	0.185	0.174	
1	1	1	1	1	1	1	1	1	1	1	1	1	1	1	1	1	1	1	1	1	1	1	1	1	1	1	1	1	1	1	1	1	1	1	1	1	1	1	1	1	1	1	0.998	1	1	0.999	0.998	0.996	0.997	0.998	0.994	0.993	0.991	0.99	0.985	0.978	0.977	0.963	0.965	0.953	0.959	0.938	0.923	0.917	0.895	0.881	0.885	0.865	0.835	0.806	0.78	0.767	0.746	0.702	0.692	0.627	0.604	0.581	0.521	0.495	0.442	0.428	0.407	0.36	0.293	0.293	0.254	0.221	0.177	0.173	0.141	0.105	0.092	0.071	0.071	0.062	0.042	0.025	0.022	
1	1	1	1	1	1	1	1	0.999	0.999	1	0.999	1	0.998	0.995	0.997	0.992	0.986	0.983	0.972	0.968	0.971	0.96	0.948	0.94	0.92	0.888	0.89	0.872	0.868	0.862	0.819	0.796	0.782	0.79	0.721	0.734	0.72	0.676	0.683	0.676	0.614	0.614	0.559	0.523	0.561	0.541	0.478	0.46	0.453	0.432	0.388	0.384	0.361	0.332	0.332	0.299	0.256	0.258	0.241	0.238	0.216	0.197	0.159	0.177	0.16	0.129	0.116	0.115	0.087	0.11	0.077	0.059	0.059	0.063	0.04	0.045	0.044	0.043	0.02	0.022	0.017	0.017	0.015	0.01	0.015	0.008	0.011	0.004	0.006	0.001	0.002	0.004	0.001	0	0.001	0	0	0	0	
0.867	0.858	0.841	0.83	0.806	0.78	0.782	0.76	0.737	0.743	0.726	0.7	0.68	0.691	0.669	0.663	0.616	0.647	0.631	0.632	0.634	0.595	0.613	0.604	0.594	0.585	0.588	0.521	0.579	0.576	0.557	0.563	0.558	0.552	0.535	0.54	0.501	0.514	0.514	0.537	0.53	0.538	0.532	0.508	0.515	0.544	0.503	0.505	0.485	0.509	0.519	0.504	0.497	0.506	0.498	0.547	0.516	0.484	0.502	0.491	0.52	0.505	0.482	0.518	0.488	0.513	0.515	0.492	0.51	0.505	0.507	0.505	0.52	0.51	0.505	0.512	0.483	0.497	0.499	0.515	0.502	0.487	0.516	0.518	0.5	0.491	0.51	0.496	0.5	0.48	0.523	0.491	0.461	0.521	0.487	0.474	0.501	0.496	0.494	0.49	
1	1	1	1	1	1	1	1	1	1	1	1	1	1	1	1	1	1	1	1	1	1	1	1	1	1	1	1	1	0.999	1	1	0.999	1	0.999	0.997	0.998	0.999	0.998	0.995	0.997	0.986	0.984	0.992	0.981	0.984	0.968	0.967	0.962	0.961	0.941	0.945	0.905	0.899	0.862	0.875	0.858	0.836	0.775	0.778	0.752	0.708	0.694	0.673	0.649	0.596	0.576	0.537	0.483	0.443	0.413	0.385	0.364	0.3	0.287	0.255	0.244	0.201	0.197	0.164	0.129	0.124	0.103	0.085	0.074	0.049	0.041	0.041	0.034	0.026	0.024	0.01	0.009	0.011	0.013	0.006	0.004	0.003	0	0.001	
