1	1	0.973	0.892	0.786	0.691	0.576	0.486	0.393	0.321	0.269	0.188	0.179	0.138	0.1	0.074	0.063	0.043	0.042	0.026	0.013	0.01	0.007	0.005	0.002	0.002	0.001	0	0.001	0	0	0	0	0	0	0	0	0	0	0	0	0	0	0	0	0	0	0	0	0	0	0	0	0	0	0	0	0	0	0	0	0	0	0	0	0	0	0	0	0	0	0	0	0	0	0	0	0	0	0	0	0	0	0	0	0	0	0	0	0	0	0	0	0	0	0	0	0	0	0	
1	1	1	1	1	1	1	1	1	1	1	1	1	1	1	1	1	1	1	1	1	1	1	1	1	1	1	1	1	1	1	1	1	1	1	1	1	1	1	1	1	1	1	1	1	1	1	1	1	1	1	1	1	1	1	1	1	1	1	1	1	1	1	1	1	1	1	1	1	1	1	1	1	1	1	1	1	1	1	1	1	1	1	0.998	1	1	1	1	1	1	1	1	1	1	1	1	0.999	1	1	1	
1	1	1	1	1	1	1	1	1	1	1	0.998	0.999	0.992	0.968	0.922	0.853	0.768	0.607	0.485	0.335	0.248	0.184	0.106	0.076	0.048	0.036	0.02	0.007	0.005	0.003	0.002	0.001	0	0	0.001	0	0	0	0	0	0	0	0	0	0	0	0	0	0	0	0	0	0	0	0	0	0	0	0	0	0	0	0	0	0	0	0	0	0	0	0	0	0	0	0	0	0	0	0	0	0	0	0	0	0	0	0	0	0	0	0	0	0	0	0	0	0	0	0	
1	1	1	1	1	1	1	1	1	1	1	1	0.998	0.996	0.987	0.963	0.934	0.83	0.751	0.642	0.548	0.422	0.323	0.256	0.158	0.104	0.074	0.047	0.047	0.02	0.016	0.009	0.01	0.005	0.002	0	0.002	0.001	0	0	0	0	0	0	0	0	0	0	0	0	0	0	0	0	0	0	0	0	0	0	0	0	0	0	0	0	0	0	0	0	0	0	0	0	0	0	0	0	0	0	0	0	0	0	0	0	0	0	0	0	0	0	0	0	0	0	0	0	0	0	
1	1	1	1	1	1	1	1	1	1	1	1	1	1	1	1	1	1	1	1	1	1	1	1	1	1	1	1	1	1	1	1	1	1	1	1	1	1	1	0.999	1	0.999	0.991	0.987	0.96	0.943	0.904	0.835	0.767	0.706	0.601	0.507	0.438	0.373	0.271	0.211	0.156	0.109	0.097	0.057	0.04	0.03	0.022	0.012	0.004	0.004	0.004	0.001	0	0.001	0.001	0.001	0.001	0	0	0	0	0	0	0	0	0	0	0	0	0	0	0	0	0	0	0	0	0	0	0	0	0	0	0	
1	1	1	1	1	1	1	1	1	1	1	1	1	1	1	1	1	1	0.998	0.997	0.999	0.995	0.995	0.991	0.99	0.986	0.982	0.961	0.948	0.909	0.846	0.775	0.673	0.606	0.531	0.415	0.298	0.292	0.212	0.148	0.109	0.081	0.057	0.04	0.036	0.018	0.012	0.01	0.007	0.004	0.003	0.001	0	0.001	0	0	0	0	0	0	0	0	0	0	0	0	0	0	0	0	0	0	0	0	0	0	0	0	0	0	0	0	0	0	0	0	0	0	0	0	0	0	0	0	0	0	0	0	0	0	
1	1	1	1	1	1	1	1	1	1	1	1	1	1	1	1	1	1	1	1	1	1	1	1	1	1	1	1	1	1	1	1	1	1	1	1	1	1	1	1	1	1	1	1	1	1	1	1	1	1	1	1	1	1	1	1	1	1	1	1	1	1	1	1	1	1	1	1	1	1	1	1	1	1	1	1	1	1	1	1	1	1	1	1	1	1	1	1	1	1	1	1	1	1	1	1	1	1	1	1	
1	1	1	1	1	1	1	1	1	1	1	1	1	1	1	1	1	1	1	1	1	0.999	0.999	0.998	0.996	0.992	0.988	0.982	0.978	0.962	0.973	0.946	0.921	0.912	0.885	0.883	0.859	0.846	0.807	0.801	0.798	0.753	0.707	0.718	0.64	0.64	0.593	0.577	0.536	0.465	0.446	0.372	0.376	0.295	0.242	0.246	0.187	0.165	0.127	0.119	0.088	0.051	0.037	0.032	0.029	0.019	0.011	0.005	0.007	0.003	0.003	0	0	0	0	0	0	0	0	0	0	0	0	0	0	0	0	0	0	0	0	0	0	0	0	0	0	0	0	0	
1	1	1	1	1	1	1	1	1	1	1	0.987	0.982	0.922	0.845	0.725	0.629	0.483	0.387	0.287	0.21	0.131	0.106	0.062	0.041	0.021	0.014	0.013	0.004	0.002	0	0	0	0	0	0	0	0	0	0.001	0	0	0	0	0	0	0	0	0	0	0	0	0	0	0	0	0	0	0	0	0	0	0	0	0	0	0	0	0	0	0	0	0	0	0	0	0	0	0	0	0	0	0	0	0	0	0	0	0	0	0	0	0	0	0	0	0	0	0	0	
1	1	1	1	1	1	1	1	1	1	1	1	1	0.999	1	1	1	0.989	0.987	0.966	0.936	0.894	0.839	0.783	0.666	0.585	0.491	0.437	0.358	0.252	0.228	0.194	0.139	0.099	0.083	0.07	0.042	0.036	0.022	0.022	0.007	0.011	0.006	0.007	0.005	0.001	0.003	0.004	0	0.001	0	0	0	0	0	0	0	0	0	0	0	0	0	0	0	0	0	0	0	0	0	0	0	0	0	0	0	0	0	0	0	0	0	0	0	0	0	0	0	0	0	0	0	0	0	0	0	0	0	0	
1	1	1	1	1	1	1	1	1	1	1	1	1	1	1	1	1	1	1	1	1	1	1	1	1	1	1	1	1	1	1	1	1	0.999	1	0.996	0.99	0.951	0.91	0.851	0.757	0.614	0.515	0.409	0.279	0.179	0.113	0.079	0.052	0.028	0.016	0.01	0.003	0.004	0.003	0	0	0	0	0	0	0	0	0	0	0	0	0	0	0	0	0	0	0	0	0	0	0	0	0	0	0	0	0	0	0	0	0	0	0	0	0	0	0	0	0	0	0	0	0	
1	1	1	1	1	0.998	0.999	0.997	0.987	0.983	0.971	0.961	0.953	0.942	0.927	0.917	0.892	0.909	0.901	0.902	0.905	0.913	0.891	0.901	0.881	0.894	0.913	0.905	0.917	0.896	0.909	0.909	0.903	0.905	0.891	0.894	0.891	0.892	0.869	0.893	0.889	0.894	0.871	0.877	0.857	0.873	0.831	0.838	0.837	0.815	0.808	0.815	0.811	0.793	0.782	0.775	0.759	0.747	0.713	0.728	0.701	0.674	0.658	0.654	0.619	0.627	0.58	0.553	0.555	0.543	0.541	0.516	0.467	0.483	0.437	0.431	0.394	0.381	0.368	0.343	0.346	0.287	0.284	0.316	0.258	0.239	0.226	0.196	0.185	0.165	0.164	0.147	0.137	0.135	0.096	0.102	0.092	0.075	0.062	0.062	
1	1	1	1	1	1	1	0.998	0.998	0.998	0.997	0.998	0.996	0.994	0.995	0.996	0.998	0.999	0.999	0.997	0.998	0.998	1	1	1	1	1	1	0.999	0.999	0.999	1	1	1	0.999	1	1	1	1	1	1	1	1	1	1	0.999	1	1	1	1	1	1	1	1	1	1	1	1	1	1	1	1	1	1	1	1	1	1	1	1	1	1	1	1	1	1	1	1	1	1	1	1	1	1	1	1	1	1	1	1	1	1	1	1	1	1	1	1	1	1	
1	1	1	1	1	1	1	1	1	1	1	1	1	1	1	1	1	1	1	1	1	1	1	1	1	1	1	1	1	1	1	0.999	0.999	1	0.999	0.998	0.996	0.99	0.981	0.95	0.936	0.893	0.849	0.771	0.718	0.597	0.499	0.393	0.352	0.243	0.197	0.139	0.126	0.075	0.043	0.033	0.027	0.019	0.013	0.005	0.003	0.001	0.002	0.002	0	0.001	0	0	0	0	0	0	0	0	0	0	0	0	0	0	0	0	0	0	0	0	0	0	0	0	0	0	0	0	0	0	0	0	0	0	
1	1	0.998	0.99	0.988	0.977	0.98	0.978	0.98	0.965	0.985	0.972	0.97	0.966	0.969	0.959	0.959	0.967	0.95	0.945	0.934	0.923	0.908	0.872	0.846	0.802	0.749	0.688	0.617	0.481	0.386	0.354	0.247	0.177	0.159	0.095	0.065	0.04	0.021	0.015	0.009	0.006	0.001	0.001	0.001	0.001	0	0	0	0	0	0	0	0	0	0	0	0	0	0	0	0	0	0	0	0	0	0	0	0	0	0	0	0	0	0	0	0	0	0	0	0	0	0	0	0	0	0	0	0	0	0	0	0	0	0	0	0	0	0	
1	1	1	1	1	1	1	1	1	1	1	0.999	0.995	0.984	0.965	0.927	0.842	0.754	0.614	0.493	0.36	0.254	0.165	0.113	0.076	0.037	0.025	0.022	0.001	0.002	0.004	0	0.001	0	0	0	0	0	0	0	0	0	0	0	0	0	0	0	0	0	0	0	0	0	0	0	0	0	0	0	0	0	0	0	0	0	0	0	0	0	0	0	0	0	0	0	0	0	0	0	0	0	0	0	0	0	0	0	0	0	0	0	0	0	0	0	0	0	0	0	
1	1	1	1	1	1	1	1	1	1	1	0.99	0.981	0.95	0.947	0.907	0.883	0.82	0.816	0.769	0.761	0.718	0.651	0.634	0.581	0.57	0.529	0.489	0.43	0.437	0.358	0.309	0.251	0.213	0.211	0.129	0.084	0.071	0.051	0.038	0.031	0.018	0.004	0.005	0.003	0	0	0	0	0	0	0	0	0	0	0	0	0	0	0	0	0	0	0	0	0	0	0	0	0	0	0	0	0	0	0	0	0	0	0	0	0	0	0	0	0	0	0	0	0	0	0	0	0	0	0	0	0	0	0	
1	1	1	1	1	1	1	1	1	1	1	1	1	1	1	1	1	1	1	1	1	1	1	0.999	0.996	0.993	0.991	0.985	0.96	0.935	0.905	0.861	0.784	0.731	0.638	0.521	0.47	0.36	0.292	0.225	0.183	0.129	0.081	0.055	0.043	0.028	0.012	0.021	0.006	0.003	0.004	0.001	0	0	0	0	0	0	0	0	0	0	0	0	0	0	0	0	0	0	0	0	0	0	0	0	0	0	0	0	0	0	0	0	0	0	0	0	0	0	0	0	0	0	0	0	0	0	0	0	
1	1	1	1	1	1	1	1	1	1	1	1	1	1	1	1	1	1	1	1	1	1	1	1	1	1	1	1	1	1	0.999	0.999	0.997	0.996	0.99	0.978	0.963	0.954	0.89	0.834	0.763	0.685	0.627	0.538	0.429	0.331	0.279	0.193	0.147	0.118	0.078	0.046	0.039	0.014	0.022	0.007	0.006	0.004	0	0.003	0	0	0	0.001	0	0	0	0	0	0	0	0	0	0	0	0	0	0	0	0	0	0	0	0	0	0	0	0	0	0	0	0	0	0	0	0	0	0	0	0	
1	1	1	1	1	1	1	1	1	1	1	1	0.999	1	0.988	0.956	0.854	0.672	0.51	0.32	0.189	0.116	0.048	0.029	0.014	0.003	0.002	0	0.001	0	0	0	0	0	0	0	0	0	0	0	0	0	0	0	0	0	0	0	0	0	0	0	0	0	0	0	0	0	0	0	0	0	0	0	0	0	0	0	0	0	0	0	0	0	0	0	0	0	0	0	0	0	0	0	0	0	0	0	0	0	0	0	0	0	0	0	0	0	0	0	
1	1	1	1	1	1	0.999	0.992	0.979	0.951	0.906	0.892	0.847	0.78	0.73	0.648	0.593	0.544	0.465	0.427	0.359	0.311	0.234	0.2	0.154	0.12	0.079	0.046	0.034	0.015	0.008	0.01	0.007	0.003	0.002	0.001	0.001	0.002	0	0	0	0	0	0	0	0	0	0	0	0	0	0	0	0	0	0	0	0	0	0	0	0	0	0	0	0	0	0	0	0	0	0	0	0	0	0	0	0	0	0	0	0	0	0	0	0	0	0	0	0	0	0	0	0	0	0	0	0	0	0	
1	1	1	1	1	1	1	1	0.999	0.999	0.997	0.995	0.987	0.967	0.942	0.904	0.847	0.775	0.682	0.629	0.529	0.436	0.35	0.289	0.212	0.205	0.156	0.123	0.071	0.056	0.046	0.052	0.025	0.026	0.018	0.013	0.006	0.005	0.007	0	0.002	0.001	0.003	0.003	0.001	0.001	0	0.001	0.001	0.001	0	0	0	0	0	0	0	0	0	0	0	0	0	0	0	0	0	0	0	0	0.001	0	0	0	0	0	0	0	0	0	0	0	0.001	0	0	0	0	0	0.001	0	0.001	0	0	0	0	0.001	0	0	0	0	
1	1	1	1	1	1	1	1	1	1	1	1	1	1	1	1	1	1	1	1	1	1	1	0.999	1	0.999	0.999	0.998	0.997	0.994	0.994	0.982	0.975	0.971	0.962	0.955	0.935	0.921	0.89	0.852	0.864	0.826	0.785	0.779	0.767	0.71	0.695	0.671	0.64	0.591	0.57	0.528	0.522	0.496	0.467	0.433	0.45	0.387	0.389	0.356	0.369	0.343	0.332	0.294	0.311	0.28	0.288	0.274	0.278	0.249	0.244	0.213	0.244	0.235	0.211	0.181	0.176	0.172	0.181	0.156	0.172	0.185	0.153	0.141	0.14	0.123	0.13	0.109	0.119	0.099	0.098	0.113	0.101	0.081	0.076	0.068	0.077	0.084	0.06	0.058	
1	1	1	1	1	1	1	1	1	1	1	1	1	1	1	1	1	1	1	1	1	1	1	1	1	1	1	1	1	1	1	1	1	1	1	0.999	0.999	1	0.996	0.998	0.994	0.981	0.984	0.965	0.96	0.927	0.909	0.888	0.852	0.813	0.776	0.729	0.674	0.635	0.571	0.534	0.507	0.404	0.392	0.327	0.295	0.252	0.205	0.214	0.136	0.141	0.111	0.086	0.073	0.067	0.048	0.035	0.032	0.034	0.012	0.017	0.011	0.013	0.004	0.002	0.006	0.006	0.001	0.005	0.001	0.004	0	0.001	0	0	0	0	0	0	0	0	0	0	0	0	
1	1	1	1	1	1	1	1	1	1	1	1	1	1	1	1	1	1	1	1	1	1	1	1	1	1	1	1	1	1	1	1	1	1	1	1	1	1	1	1	1	1	1	1	0.999	1	1	0.999	0.998	0.998	0.999	0.998	0.999	0.989	0.988	0.989	0.987	0.978	0.984	0.965	0.96	0.948	0.94	0.921	0.901	0.893	0.856	0.848	0.797	0.762	0.719	0.706	0.664	0.628	0.581	0.543	0.479	0.441	0.402	0.368	0.324	0.286	0.27	0.209	0.2	0.197	0.156	0.128	0.117	0.096	0.072	0.071	0.059	0.055	0.038	0.03	0.024	0.018	0.017	0.008	
1	1	1	1	1	1	1	1	1	1	1	1	1	1	1	1	1	1	1	1	1	1	1	1	1	1	1	1	1	1	1	1	1	1	1	1	1	1	1	1	1	1	1	1	1	1	1	1	1	1	1	1	1	1	1	1	1	1	1	1	1	1	1	1	1	1	1	1	1	1	1	1	1	1	1	1	1	1	1	1	1	1	1	1	1	1	1	1	1	1	1	1	1	1	1	1	1	1	1	1	
1	0.993	0.988	0.991	0.994	0.988	0.994	0.998	0.994	0.996	0.998	0.996	0.993	0.994	0.993	0.99	0.996	0.997	0.989	0.992	0.982	0.984	0.973	0.964	0.96	0.954	0.918	0.906	0.888	0.836	0.755	0.694	0.627	0.542	0.463	0.34	0.287	0.219	0.141	0.12	0.064	0.044	0.036	0.023	0.012	0.004	0.005	0.004	0.001	0.001	0.003	0.001	0	0	0	0	0	0	0	0	0	0	0	0	0	0	0	0	0	0	0	0	0	0	0	0	0	0	0	0	0	0	0	0	0	0	0	0	0	0	0	0	0	0	0	0	0	0	0	0	
1	1	1	0.982	0.938	0.828	0.705	0.639	0.563	0.465	0.333	0.212	0.099	0.064	0.027	0.016	0.007	0.002	0	0.001	0	0	0	0	0	0	0	0	0	0	0	0	0	0	0	0	0	0	0	0	0	0	0	0	0	0	0	0	0	0	0	0	0	0	0	0	0	0	0	0	0	0	0	0	0	0	0	0	0	0	0	0	0	0	0	0	0	0	0	0	0	0	0	0	0	0	0	0	0	0	0	0	0	0	0	0	0	0	0	0	
1	1	1	1	1	1	1	1	0.996	0.968	0.897	0.778	0.617	0.445	0.367	0.23	0.166	0.132	0.072	0.056	0.058	0.026	0.029	0.013	0.022	0.007	0.01	0.005	0.007	0.003	0.003	0.006	0.005	0.004	0.002	0	0.003	0	0	0.003	0.001	0	0	0	0	0.001	0	0	0	0	0.001	0	0	0	0	0	0	0	0	0	0	0	0	0	0	0	0	0	0	0	0	0	0	0	0	0	0	0	0	0	0	0	0	0	0	0	0	0	0	0	0	0	0	0	0	0	0	0	0	0	
1	1	1	1	1	1	1	1	1	0.999	0.998	0.987	0.963	0.919	0.85	0.756	0.645	0.541	0.373	0.268	0.155	0.069	0.044	0.018	0.012	0.005	0	0	0	0	0	0	0	0	0	0	0	0	0	0	0	0	0	0	0	0	0	0	0	0	0	0	0	0	0	0	0	0	0	0	0	0	0	0	0	0	0	0	0	0	0	0	0	0	0	0	0	0	0	0	0	0	0	0	0	0	0	0	0	0	0	0	0	0	0	0	0	0	0	0	
1	1	1	1	1	1	1	1	1	0.999	0.988	0.916	0.82	0.671	0.468	0.337	0.185	0.12	0.056	0.041	0.023	0.011	0.003	0.003	0.009	0.002	0	0	0	0.002	0	0	0	0	0	0	0	0	0	0	0	0	0	0	0	0	0	0	0	0	0	0	0	0	0	0	0	0	0	0	0	0	0	0	0	0	0	0	0	0	0	0	0	0	0	0	0	0	0	0	0	0	0	0	0	0	0	0	0	0	0	0	0	0	0	0	0	0	0	0	
1	1	1	1	1	1	1	1	1	1	1	1	1	1	1	1	1	1	1	1	1	1	1	1	1	1	1	0.999	0.997	0.99	0.99	0.978	0.966	0.946	0.919	0.878	0.837	0.75	0.69	0.65	0.556	0.483	0.359	0.314	0.226	0.231	0.125	0.096	0.08	0.036	0.02	0.025	0.011	0.008	0.005	0.003	0.002	0.002	0	0.001	0	0	0	0	0	0	0	0	0	0	0	0	0	0	0	0	0	0	0	0	0	0	0	0	0	0	0	0	0	0	0	0	0	0	0	0	0	0	0	0	
1	0.974	0.842	0.683	0.507	0.408	0.314	0.281	0.239	0.233	0.219	0.209	0.21	0.233	0.235	0.247	0.271	0.294	0.316	0.351	0.362	0.367	0.422	0.454	0.461	0.517	0.504	0.51	0.518	0.54	0.527	0.489	0.503	0.482	0.441	0.372	0.283	0.28	0.235	0.183	0.152	0.133	0.086	0.056	0.042	0.026	0.01	0.008	0.005	0.006	0	0	0	0	0.002	0	0	0	0	0	0	0	0	0	0	0	0	0	0	0	0	0	0	0	0	0	0	0	0	0	0	0	0	0	0	0	0	0	0	0	0	0	0	0	0	0	0	0	0	0	
1	1	1	1	1	1	1	1	1	1	1	1	1	1	1	1	1	1	1	1	1	1	1	1	1	1	1	1	1	0.999	1	1	0.998	1	1	0.999	0.995	0.998	0.992	0.99	0.984	0.984	0.971	0.97	0.951	0.939	0.911	0.866	0.83	0.824	0.771	0.714	0.677	0.637	0.561	0.521	0.466	0.411	0.351	0.298	0.26	0.238	0.198	0.141	0.119	0.087	0.08	0.07	0.049	0.05	0.039	0.015	0.016	0.011	0.005	0.005	0.002	0.004	0.001	0.002	0.001	0	0	0	0	0	0.001	0	0	0	0	0	0	0	0	0	0	0	0	0	
1	1	1	1	1	1	1	1	1	1	1	1	1	1	1	1	1	1	1	1	1	1	1	1	1	1	1	1	1	1	1	1	1	1	1	1	1	1	1	1	1	1	1	1	1	1	1	1	1	1	1	1	1	1	1	1	1	1	1	1	1	1	1	1	1	1	1	1	1	1	1	1	1	1	1	1	1	1	0.999	1	1	1	1	1	1	1	1	1	1	1	1	1	1	1	1	1	1	1	1	1	
0.997	0.763	0.527	0.516	0.546	0.637	0.695	0.758	0.785	0.784	0.69	0.561	0.385	0.241	0.149	0.101	0.042	0.019	0.012	0.003	0.001	0.001	0	0	0	0.001	0	0	0	0	0	0	0	0	0	0	0	0	0	0	0	0	0	0	0	0	0	0	0	0	0	0	0	0	0	0	0	0	0	0	0	0	0	0	0	0	0	0	0	0	0	0	0	0	0	0	0	0	0	0	0	0	0	0	0	0	0	0	0	0	0	0	0	0	0	0	0	0	0	0	
1	1	1	1	1	0.997	0.99	0.959	0.95	0.917	0.883	0.842	0.79	0.757	0.673	0.641	0.572	0.482	0.383	0.321	0.254	0.176	0.135	0.073	0.056	0.02	0.021	0.005	0.006	0.001	0.002	0	0	0	0	0	0	0	0	0	0	0	0	0	0	0	0	0	0	0	0	0	0	0	0	0	0	0	0	0	0	0	0	0	0	0	0	0	0	0	0	0	0	0	0	0	0	0	0	0	0	0	0	0	0	0	0	0	0	0	0	0	0	0	0	0	0	0	0	0	
1	1	1	1	1	1	1	1	1	1	1	1	1	0.999	1	1	0.999	0.999	0.999	0.994	0.996	0.99	0.983	0.984	0.985	0.974	0.976	0.962	0.962	0.965	0.937	0.926	0.895	0.877	0.829	0.728	0.678	0.64	0.571	0.494	0.419	0.347	0.268	0.259	0.199	0.14	0.121	0.094	0.065	0.044	0.033	0.031	0.026	0.016	0.009	0.005	0.007	0.002	0.003	0.003	0	0.003	0.001	0	0	0	0	0	0	0	0	0	0	0	0	0	0	0	0	0	0	0	0	0	0	0	0	0	0	0	0	0	0	0	0	0	0	0	0	0	
1	1	1	1	1	1	1	1	1	1	1	1	1	1	1	1	1	1	1	1	1	1	1	1	1	0.999	1	0.998	1	0.999	0.994	0.993	0.986	0.984	0.972	0.955	0.943	0.915	0.891	0.863	0.822	0.762	0.721	0.653	0.633	0.547	0.512	0.463	0.379	0.315	0.263	0.234	0.171	0.126	0.099	0.073	0.067	0.04	0.031	0.023	0.02	0.019	0.004	0.008	0.005	0.003	0	0.002	0	0	0.001	0	0	0	0	0	0	0	0	0	0	0	0	0	0	0	0	0	0	0	0	0	0	0	0	0	0	0	0	0	
1	1	1	1	1	1	1	1	1	1	1	1	1	1	1	1	1	1	1	1	1	1	0.998	0.997	0.993	0.989	0.981	0.963	0.934	0.897	0.853	0.803	0.726	0.683	0.619	0.544	0.444	0.37	0.283	0.235	0.172	0.118	0.105	0.075	0.041	0.035	0.013	0.016	0.005	0.002	0.003	0.002	0	0	0	0	0	0	0	0	0	0	0	0	0	0	0	0	0	0	0	0	0	0	0	0	0	0	0	0	0	0	0	0	0	0	0	0	0	0	0	0	0	0	0	0	0	0	0	0	
1	1	1	1	1	1	1	1	1	1	1	1	1	1	1	1	1	1	1	1	1	1	1	1	1	1	0.999	1	0.992	0.998	0.984	0.955	0.921	0.884	0.815	0.757	0.662	0.57	0.459	0.376	0.273	0.223	0.178	0.106	0.067	0.055	0.027	0.026	0.009	0.009	0.003	0.003	0.005	0.001	0	0	0	0	0	0	0	0	0	0	0	0	0	0	0	0	0	0	0	0	0	0	0	0	0	0	0	0	0	0	0	0	0	0	0	0	0	0	0	0	0	0	0	0	0	0	
1	1	1	1	0.999	0.995	0.981	0.937	0.871	0.784	0.729	0.626	0.566	0.514	0.416	0.394	0.341	0.337	0.286	0.252	0.219	0.191	0.158	0.108	0.082	0.077	0.058	0.038	0.028	0.014	0.011	0.007	0.003	0.004	0.002	0	0	0	0	0	0	0	0	0	0	0	0	0	0	0	0	0	0	0	0	0	0	0	0	0	0	0	0	0	0	0	0	0	0	0	0	0	0	0	0	0	0	0	0	0	0	0	0	0	0	0	0	0	0	0	0	0	0	0	0	0	0	0	0	0	
1	1	1	1	1	1	1	1	1	1	1	1	1	1	1	1	1	1	1	1	1	1	1	1	1	0.999	0.999	0.985	0.979	0.938	0.896	0.824	0.732	0.609	0.467	0.37	0.272	0.132	0.109	0.054	0.03	0.008	0.007	0.009	0	0	0.001	0	0	0	0	0	0	0	0	0	0	0	0	0	0	0	0	0	0	0	0	0	0	0	0	0	0	0	0	0	0	0	0	0	0	0	0	0	0	0	0	0	0	0	0	0	0	0	0	0	0	0	0	0	
1	1	1	1	1	1	1	1	1	1	1	1	1	1	1	1	1	1	0.998	0.997	0.99	0.981	0.977	0.952	0.919	0.884	0.825	0.801	0.725	0.682	0.609	0.552	0.515	0.465	0.378	0.359	0.279	0.265	0.213	0.163	0.136	0.094	0.076	0.061	0.051	0.025	0.027	0.018	0.013	0.002	0.003	0.005	0.003	0.001	0	0	0	0	0	0	0	0	0	0	0	0	0	0	0	0	0	0	0	0	0	0	0	0	0	0	0	0	0	0	0	0	0	0	0	0	0	0	0	0	0	0	0	0	0	0	
1	1	1	1	1	1	1	1	1	1	1	1	1	1	1	1	0.999	1	0.999	0.995	0.981	0.964	0.931	0.876	0.821	0.717	0.635	0.549	0.467	0.367	0.282	0.23	0.166	0.114	0.084	0.073	0.043	0.046	0.032	0.019	0.009	0.007	0.008	0.005	0.006	0.003	0.001	0.001	0	0	0	0	0	0	0	0	0	0	0	0	0	0	0	0	0	0	0	0	0	0	0	0	0	0	0	0	0	0	0	0	0	0	0	0	0	0	0	0	0	0	0	0	0	0	0	0	0	0	0	0	
1	1	1	1	1	1	1	1	1	1	1	1	1	1	1	1	1	1	1	1	1	1	1	1	1	1	1	1	1	1	1	0.998	0.994	0.989	0.969	0.956	0.93	0.868	0.817	0.725	0.649	0.537	0.444	0.339	0.275	0.173	0.126	0.092	0.066	0.044	0.028	0.024	0.008	0.008	0.006	0.002	0.002	0	0.002	0	0	0	0	0	0	0	0	0	0	0	0	0	0	0	0	0	0	0	0	0	0	0	0	0	0	0	0	0	0	0	0	0	0	0	0	0	0	0	0	0	
1	1	1	1	1	1	1	1	1	1	1	1	1	1	1	1	1	1	1	1	1	1	1	1	1	1	1	1	1	1	1	1	1	1	0.998	0.998	0.997	0.994	0.987	0.98	0.972	0.964	0.941	0.918	0.889	0.829	0.809	0.752	0.728	0.661	0.601	0.535	0.482	0.422	0.318	0.294	0.219	0.257	0.182	0.156	0.109	0.082	0.06	0.048	0.037	0.043	0.013	0.018	0.006	0.009	0	0.005	0	0.006	0.001	0.001	0	0	0	0	0	0	0	0	0	0	0	0	0	0	0	0	0	0	0	0	0	0	0	0	
1	1	1	1	1	1	1	1	1	1	1	0.998	0.999	0.995	0.997	0.992	0.985	0.984	0.99	0.985	0.986	0.987	0.98	0.981	0.992	0.981	0.983	0.981	0.97	0.962	0.939	0.923	0.887	0.833	0.762	0.723	0.656	0.565	0.461	0.388	0.336	0.283	0.231	0.158	0.13	0.088	0.095	0.057	0.039	0.031	0.028	0.017	0.004	0.007	0.002	0.002	0	0.001	0	0.001	0.001	0	0	0	0	0	0	0	0	0	0	0	0	0	0	0	0	0	0	0	0	0	0	0	0	0	0	0	0	0	0	0	0	0	0	0	0	0	0	0	
1	1	1	1	1	1	1	1	1	0.998	0.995	0.98	0.958	0.936	0.922	0.873	0.831	0.745	0.704	0.557	0.484	0.365	0.277	0.219	0.12	0.105	0.08	0.048	0.029	0.016	0.009	0.011	0.006	0.004	0	0.001	0	0	0	0	0	0	0.001	0.001	0	0	0	0	0	0	0	0	0	0	0	0	0	0	0	0	0	0	0	0	0	0	0	0	0	0	0	0	0	0	0	0	0	0	0	0	0	0	0	0	0	0	0	0	0	0	0	0	0	0	0	0	0	0	0	0	
1	1	1	1	1	1	1	1	1	1	1	1	1	1	1	1	1	1	1	1	1	1	1	1	1	1	1	1	1	1	0.998	0.999	0.997	0.986	0.962	0.929	0.881	0.813	0.741	0.625	0.496	0.417	0.283	0.225	0.168	0.103	0.076	0.04	0.035	0.02	0.008	0.003	0.004	0.002	0	0	0	0	0	0	0	0	0	0	0	0	0	0	0	0	0	0	0	0	0	0	0	0	0	0	0	0	0	0	0	0	0	0	0	0	0	0	0	0	0	0	0	0	0	0	
1	1	1	1	1	1	1	1	1	1	1	1	1	1	1	1	1	1	1	1	1	1	1	1	0.998	0.998	1	0.996	0.995	0.997	0.989	0.994	0.989	0.99	0.993	0.989	0.989	0.98	0.989	0.988	0.975	0.989	0.98	0.983	0.986	0.987	0.982	0.983	0.987	0.986	0.984	0.99	0.997	0.987	0.991	0.987	0.986	0.992	0.992	0.992	0.992	0.988	0.991	0.991	0.989	0.991	0.991	0.995	0.99	0.99	0.992	0.995	0.991	0.994	0.99	0.988	0.99	0.994	0.993	0.985	0.993	0.995	0.996	0.998	0.988	0.998	0.996	0.994	0.997	1	0.998	0.998	0.995	0.995	0.994	1	0.999	0.996	0.999	0.997	
1	1	1	1	1	1	1	1	1	1	1	1	1	1	1	1	1	1	1	1	1	1	1	1	1	1	1	1	1	0.998	1	0.994	0.983	0.97	0.963	0.918	0.897	0.844	0.779	0.752	0.651	0.594	0.501	0.458	0.399	0.292	0.268	0.221	0.147	0.137	0.095	0.081	0.079	0.051	0.019	0.022	0.019	0.017	0.015	0.005	0	0.004	0.002	0.002	0	0	0	0	0	0	0	0	0	0	0	0	0	0	0	0	0	0	0	0	0	0	0	0	0	0	0	0	0	0	0	0	0	0	0	0	
1	1	1	1	1	1	1	1	1	1	1	1	1	1	1	1	0.993	0.979	0.908	0.798	0.67	0.473	0.347	0.212	0.125	0.063	0.021	0.02	0.009	0.003	0	0	0.001	0	0	0	0	0	0	0	0	0	0	0	0	0	0	0	0	0	0	0	0	0	0	0	0	0	0	0	0	0	0	0	0	0	0	0	0	0	0	0	0	0	0	0	0	0	0	0	0	0	0	0	0	0	0	0	0	0	0	0	0	0	0	0	0	0	0	0	
1	1	1	1	1	1	1	1	1	1	1	1	1	1	1	1	1	1	1	1	1	1	1	1	1	1	1	1	1	1	1	1	1	1	1	1	1	1	1	1	1	1	1	1	1	1	1	1	1	1	1	1	1	1	1	1	1	1	1	1	1	1	1	1	1	1	1	1	1	1	1	1	1	1	1	1	1	1	1	1	1	1	1	1	1	1	1	1	1	1	1	1	1	1	1	1	1	1	1	1	
1	1	1	1	1	1	1	0.998	0.987	0.968	0.954	0.949	0.921	0.898	0.888	0.897	0.881	0.884	0.888	0.889	0.915	0.93	0.916	0.937	0.945	0.933	0.961	0.961	0.966	0.971	0.959	0.963	0.964	0.946	0.942	0.929	0.903	0.895	0.826	0.803	0.774	0.726	0.692	0.648	0.578	0.536	0.49	0.436	0.409	0.368	0.356	0.299	0.286	0.226	0.206	0.189	0.168	0.146	0.132	0.092	0.095	0.113	0.079	0.091	0.075	0.061	0.05	0.052	0.036	0.038	0.034	0.032	0.028	0.025	0.021	0.024	0.014	0.018	0.016	0.016	0.018	0.016	0.012	0.013	0.01	0.006	0.002	0.007	0.004	0.003	0.008	0.005	0.002	0.002	0.004	0.005	0.003	0.001	0.002	0.004	
1	1	1	1	1	1	1	1	1	1	1	1	1	1	1	1	1	1	1	0.997	0.997	0.997	0.972	0.94	0.856	0.698	0.519	0.344	0.235	0.112	0.05	0.018	0.01	0.008	0.001	0	0	0	0	0	0	0	0	0	0	0	0	0	0	0	0	0	0	0	0	0	0	0	0	0	0	0	0	0	0	0	0	0	0	0	0	0	0	0	0	0	0	0	0	0	0	0	0	0	0	0	0	0	0	0	0	0	0	0	0	0	0	0	0	0	
1	1	1	1	1	1	1	0.995	0.984	0.937	0.884	0.803	0.709	0.642	0.503	0.432	0.368	0.301	0.25	0.194	0.189	0.153	0.124	0.102	0.086	0.065	0.058	0.047	0.035	0.028	0.028	0.016	0.019	0.007	0.011	0.009	0.008	0.008	0.004	0.003	0.004	0	0.003	0.001	0	0	0	0	0	0	0	0	0	0	0	0	0	0	0	0	0	0	0	0	0	0	0	0	0	0	0	0	0	0	0	0	0	0	0	0	0	0	0	0	0	0	0	0	0	0	0	0	0	0	0	0	0	0	0	0	
1	1	1	1	1	1	1	1	1	1	1	1	1	1	1	1	1	1	1	1	1	1	1	1	1	1	1	1	1	0.999	1	0.999	0.997	0.994	0.994	0.977	0.973	0.944	0.931	0.89	0.843	0.797	0.757	0.711	0.632	0.539	0.484	0.454	0.377	0.342	0.271	0.216	0.16	0.144	0.117	0.088	0.078	0.073	0.045	0.03	0.029	0.016	0.012	0.011	0.007	0.003	0.001	0.001	0.003	0.001	0.001	0	0	0.001	0	0	0	0	0	0	0	0	0	0	0	0	0	0	0	0	0	0	0	0	0	0	0	0	0	0	
1	1	1	1	1	1	1	1	1	1	1	1	1	1	1	1	1	1	1	1	1	1	1	1	0.999	1	0.992	0.991	0.983	0.964	0.943	0.906	0.858	0.805	0.746	0.684	0.626	0.565	0.485	0.41	0.342	0.301	0.297	0.216	0.182	0.177	0.118	0.111	0.09	0.078	0.064	0.051	0.05	0.023	0.026	0.015	0.021	0.012	0.006	0.009	0.006	0.008	0.004	0.001	0.003	0.002	0.001	0	0.004	0	0	0.001	0	0	0	0	0	0	0	0	0	0	0	0	0	0	0	0	0	0	0	0	0	0	0	0	0	0	0	0	
1	1	1	1	1	1	1	1	1	1	1	1	1	1	1	1	1	1	1	0.996	0.991	0.975	0.951	0.906	0.87	0.834	0.747	0.686	0.607	0.496	0.467	0.379	0.279	0.255	0.177	0.145	0.125	0.091	0.067	0.051	0.037	0.035	0.014	0.018	0.012	0.008	0.006	0.003	0.001	0.001	0.001	0.001	0	0.001	0	0	0	0	0	0	0	0	0	0	0	0	0	0	0	0	0	0	0	0	0	0	0	0	0	0	0	0	0	0	0	0	0	0	0	0	0	0	0	0	0	0	0	0	0	0	
1	1	1	1	1	1	1	1	1	1	1	1	1	1	1	1	1	1	1	1	1	0.999	0.992	0.988	0.974	0.932	0.868	0.783	0.696	0.576	0.47	0.363	0.274	0.161	0.094	0.044	0.038	0.019	0.009	0.004	0.001	0	0	0	0	0	0	0	0	0	0	0	0	0	0	0	0	0	0	0	0	0	0	0	0	0	0	0	0	0	0	0	0	0	0	0	0	0	0	0	0	0	0	0	0	0	0	0	0	0	0	0	0	0	0	0	0	0	0	0	
1	1	1	1	1	1	1	1	1	1	1	1	1	1	1	1	1	1	1	1	1	1	1	1	1	1	1	1	1	1	1	1	1	1	1	1	1	1	1	1	1	1	1	1	1	1	1	1	1	1	1	1	1	1	1	1	1	1	1	1	1	1	0.999	1	1	0.998	1	0.999	0.998	0.999	0.998	0.995	0.997	0.995	0.99	0.993	0.993	0.99	0.989	0.988	0.987	0.988	0.977	0.981	0.985	0.987	0.983	0.979	0.977	0.974	0.979	0.983	0.983	0.976	0.976	0.98	0.98	0.986	0.981	0.98	
1	1	0.997	0.991	0.966	0.94	0.911	0.888	0.84	0.797	0.72	0.671	0.553	0.452	0.303	0.207	0.11	0.051	0.034	0.008	0.003	0.002	0	0	0	0	0	0	0	0	0	0	0	0	0	0	0	0	0	0	0	0	0	0	0	0	0	0	0	0	0	0	0	0	0	0	0	0	0	0	0	0	0	0	0	0	0	0	0	0	0	0	0	0	0	0	0	0	0	0	0	0	0	0	0	0	0	0	0	0	0	0	0	0	0	0	0	0	0	0	
1	1	1	1	1	1	1	1	1	1	1	1	1	1	1	1	1	1	1	1	1	1	1	1	1	1	1	1	1	1	1	1	1	1	1	1	1	1	1	1	1	0.999	1	0.998	0.999	1	0.999	0.999	0.997	0.99	0.993	0.988	0.988	0.962	0.952	0.932	0.885	0.849	0.798	0.734	0.641	0.563	0.477	0.397	0.357	0.28	0.224	0.14	0.098	0.076	0.053	0.03	0.018	0.015	0.01	0.007	0.003	0.001	0.001	0.001	0	0	0	0	0	0	0	0	0	0	0	0	0	0	0	0	0	0	0	0	
1	1	1	1	1	1	1	1	1	1	1	1	1	1	1	1	1	1	1	1	1	1	1	1	1	1	1	1	1	1	1	1	1	1	1	1	1	1	1	1	1	1	1	1	1	1	1	0.999	0.999	1	1	1	1	1	1	0.999	1	1	1	1	0.999	1	1	1	1	0.999	1	1	0.998	1	1	0.999	1	1	0.999	1	1	1	1	1	1	1	1	1	0.999	1	1	0.999	1	1	1	1	1	1	1	0.999	1	1	1	1	
1	1	1	1	1	1	1	1	1	0.995	0.993	0.955	0.808	0.598	0.381	0.194	0.087	0.033	0.007	0.002	0.003	0.001	0	0	0	0	0	0	0	0	0	0	0	0	0	0	0	0	0	0	0	0	0	0	0	0	0	0	0	0	0	0	0	0	0	0	0	0	0	0	0	0	0	0	0	0	0	0	0	0	0	0	0	0	0	0	0	0	0	0	0	0	0	0	0	0	0	0	0	0	0	0	0	0	0	0	0	0	0	0	
1	1	1	1	1	1	1	1	1	0.999	0.999	0.994	0.986	0.972	0.964	0.924	0.922	0.882	0.812	0.787	0.744	0.662	0.598	0.603	0.482	0.427	0.391	0.36	0.262	0.224	0.186	0.142	0.106	0.091	0.063	0.052	0.044	0.03	0.016	0.009	0.006	0.006	0.004	0.003	0.001	0.001	0.004	0	0	0	0	0.001	0	0	0	0	0	0	0	0	0	0	0	0	0	0	0	0	0	0	0	0	0	0	0	0	0	0	0	0	0	0	0	0	0	0	0	0	0	0	0	0	0	0	0	0	0	0	0	0	
1	1	1	1	1	1	1	1	1	1	1	1	1	1	1	1	1	0.999	0.999	0.999	0.996	0.994	0.995	0.996	0.982	0.975	0.963	0.943	0.909	0.885	0.852	0.817	0.762	0.707	0.694	0.67	0.578	0.513	0.494	0.436	0.39	0.336	0.32	0.248	0.245	0.191	0.17	0.158	0.126	0.096	0.097	0.068	0.048	0.057	0.042	0.022	0.018	0.008	0.018	0.006	0.007	0.005	0.003	0.005	0.003	0.002	0	0	0.003	0	0.001	0.001	0.001	0	0	0	0	0	0	0	0	0	0	0	0	0	0	0	0	0	0	0	0	0	0	0	0	0	0	0	
1	1	1	1	1	1	1	1	1	1	1	1	1	1	1	1	1	0.998	0.984	0.979	0.973	0.946	0.942	0.908	0.88	0.835	0.79	0.756	0.681	0.623	0.551	0.485	0.422	0.367	0.259	0.212	0.167	0.151	0.11	0.083	0.059	0.045	0.019	0.017	0.015	0.011	0.006	0.006	0.001	0.001	0	0	0	0	0	0	0	0	0	0	0	0	0	0	0	0	0	0	0	0	0	0	0	0	0	0	0	0	0	0	0	0	0	0	0	0	0	0	0	0	0	0	0	0	0	0	0	0	0	0	
0.58	0.6	0.624	0.627	0.616	0.577	0.563	0.475	0.423	0.342	0.257	0.2	0.146	0.125	0.089	0.069	0.059	0.042	0.035	0.036	0.027	0.028	0.025	0.015	0.012	0.009	0.012	0.014	0.008	0.009	0.011	0.007	0.002	0.001	0.001	0.002	0	0.001	0	0	0	0	0.001	0	0	0	0	0	0	0	0	0	0	0	0	0	0	0	0	0	0	0	0	0	0	0	0	0	0	0	0	0	0	0	0	0	0	0	0	0	0	0	0	0	0	0	0	0	0	0	0	0	0	0	0	0	0	0	0	0	
1	1	1	1	1	1	1	1	1	1	1	1	1	1	1	1	1	1	1	1	1	0.999	0.999	0.997	0.998	0.985	0.965	0.946	0.929	0.861	0.795	0.679	0.601	0.468	0.373	0.292	0.228	0.144	0.102	0.071	0.04	0.029	0.01	0.009	0.01	0.003	0.001	0.001	0	0	0	0	0	0	0	0	0	0	0	0	0	0	0	0	0	0	0	0	0	0	0	0	0	0	0	0	0	0	0	0	0	0	0	0	0	0	0	0	0	0	0	0	0	0	0	0	0	0	0	0	
1	1	1	1	1	1	1	1	1	1	1	1	1	1	1	1	1	1	1	1	1	1	1	1	1	1	1	1	1	1	1	1	1	1	1	1	1	1	1	1	1	1	1	1	1	1	1	1	1	1	1	1	1	1	1	1	1	1	1	1	1	1	0.999	1	0.996	0.996	0.991	0.985	0.982	0.97	0.954	0.947	0.931	0.901	0.882	0.865	0.843	0.817	0.757	0.744	0.699	0.667	0.64	0.568	0.539	0.501	0.491	0.406	0.39	0.334	0.314	0.282	0.252	0.236	0.21	0.172	0.162	0.128	0.127	0.098	
1	1	1	1	1	1	1	1	1	1	1	1	0.998	1	0.999	0.998	0.993	0.971	0.952	0.915	0.852	0.792	0.658	0.557	0.451	0.348	0.269	0.203	0.155	0.092	0.064	0.051	0.024	0.018	0.013	0.007	0.008	0.003	0.002	0.002	0	0.001	0	0	0	0	0	0	0	0	0	0	0	0	0	0	0	0	0	0	0	0	0	0	0	0	0	0	0	0	0	0	0	0	0	0	0	0	0	0	0	0	0	0	0	0	0	0	0	0	0	0	0	0	0	0	0	0	0	0	
1	1	1	1	1	1	1	1	1	1	1	0.993	0.985	0.917	0.804	0.582	0.416	0.248	0.133	0.056	0.019	0.005	0.005	0.002	0	0	0	0	0	0	0	0	0	0	0	0	0	0	0	0	0	0	0	0	0	0	0	0	0	0	0	0	0	0	0	0	0	0	0	0	0	0	0	0	0	0	0	0	0	0	0	0	0	0	0	0	0	0	0	0	0	0	0	0	0	0	0	0	0	0	0	0	0	0	0	0	0	0	0	0	
1	1	1	1	1	1	1	1	1	1	1	1	1	1	1	1	1	1	1	1	1	1	1	1	1	1	1	1	1	1	1	1	1	1	1	1	1	1	1	1	1	1	1	1	1	1	1	1	1	1	1	1	1	1	1	1	0.999	1	1	1	0.999	1	1	0.999	1	1	1	0.999	1	0.999	1	0.999	1	1	1	0.999	1	1	1	0.999	0.997	0.998	0.998	1	0.999	0.999	1	0.997	0.999	1	0.996	0.998	0.998	1	0.999	0.998	0.999	0.998	1	0.997	
1	1	1	1	1	1	1	1	1	1	1	1	1	1	1	1	1	1	1	1	1	1	1	1	1	1	1	1	1	1	1	1	1	1	1	1	1	1	1	1	0.998	0.998	0.993	0.984	0.971	0.968	0.932	0.89	0.814	0.77	0.729	0.624	0.582	0.484	0.399	0.321	0.27	0.227	0.148	0.098	0.113	0.075	0.048	0.032	0.022	0.012	0.022	0.004	0.01	0.004	0.002	0.002	0.001	0.001	0	0	0.001	0	0	0	0	0	0	0	0	0	0	0	0	0	0	0	0	0	0	0	0	0	0	0	
1	0.989	0.935	0.885	0.801	0.728	0.644	0.553	0.472	0.389	0.266	0.189	0.141	0.094	0.068	0.028	0.019	0.013	0.004	0.003	0.002	0.002	0.002	0.001	0	0	0	0	0	0	0	0	0	0	0	0	0	0	0	0	0	0	0	0	0	0	0	0	0	0	0	0	0	0	0	0	0	0	0	0	0	0	0	0	0	0	0	0	0	0	0	0	0	0	0	0	0	0	0	0	0	0	0	0	0	0	0	0	0	0	0	0	0	0	0	0	0	0	0	0	
1	1	1	1	1	1	1	1	1	1	1	1	1	1	1	1	1	1	1	1	1	1	1	1	1	1	1	1	1	1	1	0.999	1	0.998	0.996	0.984	0.966	0.917	0.861	0.765	0.693	0.553	0.447	0.334	0.231	0.159	0.093	0.069	0.048	0.016	0.009	0.004	0	0.001	0.002	0	0	0	0	0	0	0	0	0	0	0	0	0	0	0	0	0	0	0	0	0	0	0	0	0	0	0	0	0	0	0	0	0	0	0	0	0	0	0	0	0	0	0	0	0	
1	1	1	1	1	1	1	1	1	0.999	0.988	0.941	0.851	0.693	0.541	0.387	0.229	0.14	0.084	0.048	0.029	0.014	0.008	0	0.001	0.001	0	0	0	0	0	0	0	0	0	0	0	0	0	0	0	0	0	0	0	0	0	0	0	0	0	0	0	0	0	0	0	0	0	0	0	0	0	0	0	0	0	0	0	0	0	0	0	0	0	0	0	0	0	0	0	0	0	0	0	0	0	0	0	0	0	0	0	0	0	0	0	0	0	0	
1	1	1	1	1	1	1	1	1	1	1	1	1	1	1	1	1	1	1	1	1	1	1	1	1	1	0.997	0.996	0.982	0.971	0.955	0.924	0.879	0.844	0.773	0.713	0.662	0.579	0.547	0.478	0.451	0.412	0.344	0.3	0.26	0.228	0.195	0.171	0.138	0.11	0.089	0.066	0.051	0.051	0.03	0.037	0.027	0.016	0.008	0.011	0.001	0.008	0.005	0.005	0.006	0	0.002	0	0.001	0	0.002	0	0.001	0	0.001	0	0.001	0	0	0	0	0	0	0	0	0	0	0	0	0	0	0	0	0	0	0	0	0	0	0	
1	1	1	1	1	1	1	1	1	1	0.999	1	0.999	0.999	0.988	0.986	0.984	0.983	0.97	0.962	0.954	0.95	0.949	0.95	0.928	0.94	0.92	0.908	0.897	0.922	0.902	0.905	0.903	0.895	0.893	0.895	0.896	0.905	0.884	0.894	0.896	0.893	0.87	0.876	0.874	0.87	0.864	0.844	0.862	0.843	0.835	0.823	0.832	0.787	0.763	0.772	0.749	0.728	0.724	0.709	0.682	0.633	0.636	0.611	0.59	0.554	0.52	0.493	0.483	0.472	0.416	0.374	0.392	0.372	0.315	0.26	0.273	0.255	0.256	0.226	0.181	0.17	0.178	0.143	0.129	0.118	0.107	0.098	0.082	0.07	0.078	0.054	0.045	0.037	0.042	0.039	0.035	0.025	0.023	0.02	
1	1	1	1	1	1	1	1	1	1	1	1	1	1	1	1	1	1	1	1	1	1	1	1	1	1	1	1	1	1	1	1	1	1	1	1	1	1	1	1	0.999	1	0.993	0.986	0.985	0.976	0.965	0.936	0.919	0.863	0.818	0.776	0.691	0.621	0.529	0.501	0.411	0.341	0.306	0.238	0.187	0.138	0.101	0.085	0.068	0.055	0.038	0.018	0.019	0.014	0.017	0.008	0.004	0.002	0.002	0.005	0	0	0	0	0	0	0	0	0	0	0	0	0	0	0	0	0	0	0	0	0	0	0	0	
1	1	1	1	1	1	1	1	1	1	1	1	0.997	0.995	0.979	0.963	0.909	0.859	0.788	0.703	0.605	0.488	0.389	0.316	0.246	0.16	0.141	0.095	0.071	0.046	0.028	0.022	0.013	0.009	0.005	0.008	0.002	0	0	0	0	0	0	0	0	0	0	0	0	0	0	0	0	0	0	0	0	0	0	0	0	0	0	0	0	0	0	0	0	0	0	0	0	0	0	0	0	0	0	0	0	0	0	0	0	0	0	0	0	0	0	0	0	0	0	0	0	0	0	0	
1	1	1	1	1	1	1	0.999	0.999	0.999	0.999	1	1	0.999	0.999	0.999	0.999	0.999	1	0.998	1	0.994	0.999	0.998	0.991	0.996	0.996	0.999	0.992	0.996	0.994	0.996	0.991	0.992	0.995	0.994	0.996	0.994	0.991	0.989	0.993	0.991	0.996	0.992	0.991	0.992	0.995	0.994	0.997	0.997	0.993	0.997	0.998	0.994	0.995	0.992	0.993	0.996	0.993	0.996	0.996	0.997	0.995	0.993	0.996	0.999	0.995	0.997	0.998	0.996	0.999	0.999	0.998	1	1	0.998	0.998	0.998	0.999	0.999	0.999	1	0.999	1	0.999	1	1	1	1	1	1	1	1	1	1	0.998	1	1	1	1	
1	1	1	1	1	1	1	1	1	1	1	1	1	1	1	1	1	1	1	1	1	1	1	1	1	1	1	1	1	1	1	1	0.999	1	0.991	0.99	0.979	0.951	0.894	0.841	0.756	0.65	0.521	0.43	0.354	0.259	0.18	0.108	0.084	0.041	0.035	0.021	0.011	0.011	0.001	0.001	0.001	0	0	0	0	0	0	0	0	0	0	0	0	0	0	0	0	0	0	0	0	0	0	0	0	0	0	0	0	0	0	0	0	0	0	0	0	0	0	0	0	0	0	0	
1	1	1	1	1	1	1	1	1	1	1	1	1	1	1	1	1	1	1	1	1	0.998	0.998	0.997	0.987	0.972	0.953	0.927	0.89	0.86	0.799	0.762	0.631	0.633	0.514	0.453	0.367	0.319	0.225	0.178	0.134	0.094	0.072	0.041	0.038	0.022	0.016	0.009	0.005	0.002	0.002	0.001	0	0	0.001	0	0	0	0	0	0	0	0	0	0	0	0	0	0	0	0	0	0	0	0	0	0	0	0	0	0	0	0	0	0	0	0	0	0	0	0	0	0	0	0	0	0	0	0	0	
1	1	1	0.999	0.968	0.865	0.674	0.485	0.377	0.228	0.147	0.115	0.054	0.037	0.026	0.01	0.007	0.004	0.005	0.002	0.003	0	0	0	0	0	0	0	0	0	0	0	0	0	0	0	0	0	0	0	0	0	0	0	0	0	0	0	0	0	0	0	0	0	0	0	0	0	0	0	0	0	0	0	0	0	0	0	0	0	0	0	0	0	0	0	0	0	0	0	0	0	0	0	0	0	0	0	0	0	0	0	0	0	0	0	0	0	0	0	
1	1	1	1	1	1	1	1	1	1	0.992	0.946	0.861	0.748	0.674	0.536	0.417	0.34	0.272	0.246	0.221	0.171	0.178	0.138	0.13	0.146	0.132	0.113	0.13	0.148	0.132	0.149	0.154	0.171	0.196	0.199	0.225	0.235	0.261	0.279	0.349	0.323	0.346	0.351	0.373	0.358	0.356	0.319	0.305	0.3	0.252	0.243	0.218	0.204	0.207	0.158	0.157	0.126	0.118	0.108	0.106	0.086	0.061	0.048	0.057	0.062	0.053	0.041	0.048	0.027	0.031	0.027	0.031	0.021	0.015	0.013	0.015	0.011	0.013	0.014	0.005	0.006	0.006	0.009	0.006	0.009	0.004	0.008	0.006	0.003	0.004	0.004	0.006	0.003	0.003	0.003	0.005	0.001	0.005	0.002	
1	1	1	1	1	1	1	1	1	1	1	1	1	1	1	1	1	1	1	1	1	1	1	1	1	1	1	1	1	1	1	1	1	1	1	0.999	0.999	0.993	0.992	0.988	0.985	0.977	0.967	0.963	0.934	0.91	0.88	0.825	0.781	0.742	0.687	0.614	0.585	0.523	0.459	0.391	0.348	0.293	0.243	0.188	0.163	0.116	0.104	0.089	0.051	0.041	0.035	0.026	0.027	0.011	0.008	0.006	0.006	0.001	0.003	0.003	0.002	0	0.001	0	0.001	0	0	0	0	0	0	0	0	0	0	0	0	0	0	0	0	0	0	0	
1	1	1	1	1	1	1	1	1	0.998	0.997	0.994	0.993	0.997	0.983	0.985	0.983	0.985	0.962	0.979	0.97	0.979	0.972	0.967	0.938	0.919	0.872	0.795	0.702	0.624	0.549	0.412	0.337	0.274	0.129	0.119	0.069	0.047	0.02	0.011	0.01	0.006	0.007	0.002	0.001	0.001	0	0	0	0	0	0	0	0	0	0	0	0	0	0	0	0	0	0	0	0	0	0	0	0	0	0	0	0	0	0	0	0	0	0	0	0	0	0	0	0	0	0	0	0	0	0	0	0	0	0	0	0	0	0	
1	1	1	1	1	1	1	1	1	1	1	1	1	1	1	1	1	1	1	1	1	1	1	1	1	1	1	1	1	1	1	1	1	1	1	1	1	1	1	1	1	1	1	1	1	1	1	1	1	1	1	1	1	1	1	1	1	1	1	1	1	1	1	1	0.999	1	1	1	1	1	1	1	1	1	1	1	1	1	1	0.999	0.998	1	1	0.998	0.999	1	1	1	0.999	1	0.999	0.999	0.999	0.996	0.998	0.999	1	0.999	1	1	
0.449	0.343	0.256	0.215	0.173	0.109	0.072	0.043	0.033	0.021	0.014	0.012	0.008	0.005	0.004	0.005	0.001	0	0.001	0.002	0.001	0	0	0.001	0	0.001	0	0	0	0	0	0.001	0	0	0	0	0	0	0	0	0	0	0	0	0	0	0	0	0	0	0	0	0	0	0	0	0	0	0	0	0	0	0	0	0	0	0	0	0	0	0	0	0	0	0	0	0	0	0	0	0	0	0	0	0	0	0	0	0	0	0	0	0	0	0	0	0	0	0	0	
1	1	1	1	1	1	1	1	1	1	1	1	1	1	1	1	1	1	1	1	1	1	1	1	1	1	1	1	1	1	1	1	1	1	1	1	1	1	1	1	1	1	1	1	1	1	1	1	1	1	1	1	1	1	1	1	1	1	1	1	1	1	1	1	1	1	1	1	1	0.999	1	1	1	1	1	0.999	1	1	1	1	0.998	0.999	1	1	0.999	0.999	1	0.999	0.999	1	0.998	0.999	0.999	0.999	0.998	0.999	0.999	1	1	1	
1	1	1	1	1	1	1	1	1	1	1	1	1	1	1	1	1	0.999	1	0.998	0.999	0.997	0.987	0.984	0.982	0.966	0.955	0.933	0.889	0.871	0.848	0.777	0.737	0.668	0.583	0.522	0.424	0.347	0.333	0.262	0.206	0.161	0.106	0.092	0.084	0.053	0.04	0.024	0.017	0.022	0.009	0.012	0.005	0.006	0.003	0	0.001	0.003	0	0.001	0	0.001	0	0	0	0	0	0	0	0	0	0	0	0	0	0	0	0	0	0	0	0	0	0	0	0	0	0	0	0	0	0	0	0	0	0	0	0	0	0	
1	1	1	1	1	1	1	1	1	1	1	1	1	1	1	0.998	0.989	0.968	0.874	0.777	0.635	0.461	0.289	0.182	0.1	0.045	0.029	0.011	0.005	0.003	0.003	0.002	0	0	0	0	0	0	0	0	0	0	0	0	0	0	0	0	0	0	0	0	0	0	0	0	0	0	0	0	0	0	0	0	0	0	0	0	0	0	0	0	0	0	0	0	0	0	0	0	0	0	0	0	0	0	0	0	0	0	0	0	0	0	0	0	0	0	0	0	
1	1	1	1	1	1	1	1	1	1	1	1	1	1	1	1	0.999	1	0.999	0.995	0.99	0.978	0.96	0.931	0.868	0.811	0.726	0.605	0.469	0.396	0.29	0.212	0.14	0.106	0.062	0.047	0.028	0.025	0.01	0.005	0.002	0.002	0	0	0	0	0	0	0	0	0	0	0	0	0	0	0	0	0	0	0	0	0	0	0	0	0	0	0	0	0	0	0	0	0	0	0	0	0	0	0	0	0	0	0	0	0	0	0	0	0	0	0	0	0	0	0	0	0	0	
1	1	1	1	1	1	1	1	1	1	1	1	1	1	1	1	1	1	1	1	1	0.999	0.999	0.999	0.995	0.993	0.994	0.99	0.985	0.986	0.972	0.97	0.958	0.966	0.955	0.954	0.946	0.925	0.93	0.914	0.882	0.873	0.873	0.82	0.797	0.747	0.695	0.657	0.59	0.537	0.473	0.422	0.382	0.322	0.275	0.219	0.205	0.172	0.115	0.088	0.075	0.059	0.048	0.037	0.015	0.016	0.014	0.014	0.012	0.003	0.002	0.004	0	0.001	0.002	0	0	0.001	0	0.001	0	0	0	0	0	0	0	0	0	0	0	0	0	0	0	0	0	0	0	0	
1	1	1	1	1	1	1	1	1	1	1	1	1	1	1	1	1	1	1	1	1	1	1	1	1	1	1	1	1	1	1	1	1	1	1	1	1	1	1	1	1	1	1	0.999	0.999	0.997	0.993	0.993	0.978	0.97	0.96	0.931	0.883	0.87	0.845	0.789	0.717	0.656	0.582	0.538	0.457	0.375	0.302	0.258	0.221	0.168	0.134	0.112	0.093	0.073	0.046	0.025	0.027	0.016	0.011	0.006	0.003	0.004	0.002	0	0.004	0.001	0.001	0	0.001	0	0	0	0	0	0	0	0	0	0	0	0	0	0	0	
1	1	1	1	1	1	1	1	1	1	1	1	1	1	1	1	1	1	1	1	1	1	1	1	1	0.999	0.999	0.995	0.996	0.988	0.97	0.941	0.909	0.856	0.798	0.724	0.631	0.54	0.444	0.359	0.322	0.258	0.193	0.158	0.124	0.098	0.095	0.05	0.036	0.043	0.026	0.016	0.011	0.012	0.013	0.004	0.002	0.005	0.001	0.004	0.003	0.001	0	0.002	0.002	0	0	0	0	0	0	0	0	0	0	0	0	0	0	0	0	0	0	0	0	0	0	0	0	0	0	0	0	0	0	0	0	0	0	0	
1	1	1	1	1	1	1	1	1	1	1	1	1	1	1	1	1	1	1	1	1	1	1	1	0.998	0.999	1	0.995	0.999	0.998	0.992	0.997	0.988	0.983	0.973	0.967	0.95	0.955	0.93	0.927	0.876	0.862	0.842	0.811	0.771	0.722	0.673	0.634	0.602	0.516	0.495	0.436	0.375	0.37	0.29	0.26	0.189	0.167	0.143	0.119	0.086	0.074	0.052	0.046	0.031	0.017	0.015	0.012	0.011	0.005	0.005	0.001	0.002	0.001	0.001	0	0.001	0	0	0	0	0	0	0	0	0	0	0	0	0	0	0	0	0	0	0	0	0	0	0	
