1	1	1	1	1	1	1	1	1	1	1	1	1	1	1	1	0.999	0.999	1	1	0.998	0.997	0.994	0.975	0.98	0.927	0.876	0.811	0.716	0.596	0.507	0.406	0.322	0.213	0.152	0.099	0.081	0.045	0.026	0.019	0.011	0.006	0.007	0.002	0.001	0.002	0	0	0.001	0	0	0	0	0	0	0	0	0	0	0	0	0	0	0	0	0	0	0	0	0	0	0	0	0	0	0	0	0	0	0	0	0	0	0	0	0	0	0	0	0	0	0	0	0	0	0	0	0	0	0	
1	1	1	1	1	1	1	0.998	0.993	0.984	0.964	0.919	0.836	0.742	0.618	0.454	0.302	0.228	0.126	0.078	0.035	0.03	0.01	0.005	0.004	0.002	0.001	0	0.002	0	0	0	0	0	0	0	0	0	0	0	0	0	0	0	0	0	0	0	0	0	0	0	0	0	0	0	0	0	0	0	0	0	0	0	0	0	0	0	0	0	0	0	0	0	0	0	0	0	0	0	0	0	0	0	0	0	0	0	0	0	0	0	0	0	0	0	0	0	0	0	
1	1	1	1	1	1	1	1	1	1	1	1	1	1	1	0.997	0.998	0.991	0.988	0.976	0.958	0.916	0.851	0.811	0.736	0.675	0.579	0.523	0.46	0.375	0.313	0.251	0.2	0.166	0.154	0.128	0.099	0.064	0.058	0.045	0.044	0.016	0.011	0.014	0.01	0.004	0.006	0.001	0.003	0.002	0	0.003	0	0.001	0.002	0	0	0	0	0	0	0	0	0	0	0	0	0	0	0	0	0	0	0	0	0	0	0	0	0	0	0	0	0	0	0	0	0	0	0	0	0	0	0	0	0	0	0	0	0	
1	1	1	1	1	1	1	1	1	1	1	1	1	1	1	1	1	0.998	0.993	0.993	0.996	0.99	0.984	0.974	0.973	0.971	0.961	0.955	0.927	0.935	0.912	0.919	0.891	0.857	0.851	0.825	0.821	0.773	0.762	0.729	0.655	0.653	0.593	0.525	0.465	0.395	0.331	0.269	0.183	0.154	0.127	0.082	0.051	0.042	0.026	0.02	0.006	0.006	0.004	0.003	0.001	0.002	0	0	0	0	0	0	0	0	0	0	0	0	0	0	0	0	0	0	0	0	0	0	0	0	0	0	0	0	0	0	0	0	0	0	0	0	0	0	
1	1	1	1	1	1	1	1	1	1	1	1	1	1	1	1	1	1	1	1	1	1	1	1	1	1	1	0.999	1	1	1	1	1	1	1	1	1	1	0.999	1	1	1	1	1	1	1	1	1	1	1	1	0.999	1	1	1	0.999	1	1	1	1	0.998	1	0.999	1	1	1	1	1	1	1	1	0.999	0.999	1	1	1	1	1	0.999	0.998	1	1	1	1	0.999	0.999	1	1	1	1	0.999	1	1	0.999	1	1	0.999	1	1	0.999	
1	1	1	1	1	1	1	1	1	1	1	0.997	0.978	0.893	0.797	0.627	0.454	0.31	0.217	0.113	0.085	0.046	0.026	0.013	0.007	0.012	0.002	0.003	0.002	0	0	0.002	0.001	0	0	0	0	0	0	0	0	0	0	0	0	0	0	0	0	0	0	0	0	0	0	0	0	0	0	0	0	0	0	0	0	0	0	0	0	0	0	0	0	0	0	0	0	0	0	0	0	0	0	0	0	0	0	0	0	0	0	0	0	0	0	0	0	0	0	0	
1	1	1	1	0.999	0.999	0.994	0.993	0.991	0.994	0.991	0.996	0.993	0.99	0.99	0.985	0.985	0.984	0.989	0.99	0.987	0.989	0.98	0.983	0.979	0.976	0.962	0.956	0.951	0.946	0.944	0.94	0.899	0.827	0.772	0.717	0.638	0.497	0.414	0.345	0.251	0.191	0.116	0.088	0.057	0.031	0.023	0.013	0.009	0.005	0.003	0.007	0.001	0	0	0	0	0	0	0	0	0	0	0	0	0	0	0	0	0	0	0	0	0	0	0	0	0	0	0	0	0	0	0	0	0	0	0	0	0	0	0	0	0	0	0	0	0	0	0	
1	1	1	1	1	1	1	1	1	1	1	1	1	1	1	1	1	0.999	0.997	0.994	0.992	0.994	0.986	0.988	0.978	0.979	0.973	0.968	0.963	0.943	0.941	0.935	0.924	0.932	0.911	0.9	0.88	0.864	0.852	0.841	0.81	0.787	0.791	0.75	0.707	0.703	0.684	0.673	0.61	0.598	0.557	0.525	0.505	0.461	0.449	0.408	0.376	0.355	0.312	0.267	0.211	0.227	0.175	0.134	0.128	0.116	0.102	0.082	0.081	0.065	0.036	0.036	0.026	0.027	0.019	0.016	0.016	0.011	0.009	0.006	0.011	0.008	0.007	0.003	0.004	0	0.004	0.004	0	0.003	0.002	0.004	0.001	0.001	0.001	0	0	0.002	0	0	
1	1	1	1	1	1	1	1	1	1	1	1	1	1	1	1	1	1	1	1	1	1	1	1	0.999	0.998	0.996	0.984	0.981	0.947	0.906	0.839	0.757	0.639	0.544	0.437	0.318	0.234	0.131	0.106	0.059	0.037	0.021	0.005	0.012	0.002	0.004	0	0.001	0	0	0	0	0	0	0	0	0	0	0	0	0	0	0	0	0	0	0	0	0	0	0	0	0	0	0	0	0	0	0	0	0	0	0	0	0	0	0	0	0	0	0	0	0	0	0	0	0	0	0	
1	1	1	1	1	1	1	1	1	1	1	1	1	1	1	1	1	1	1	1	1	0.999	0.999	0.998	0.996	0.985	0.979	0.964	0.932	0.898	0.873	0.818	0.783	0.752	0.677	0.665	0.547	0.511	0.448	0.421	0.357	0.33	0.315	0.25	0.233	0.2	0.196	0.151	0.147	0.147	0.108	0.109	0.083	0.083	0.081	0.081	0.038	0.058	0.052	0.042	0.032	0.029	0.02	0.026	0.033	0.017	0.026	0.021	0.028	0.02	0.016	0.014	0.017	0.015	0.021	0.021	0.015	0.017	0.011	0.006	0.01	0.007	0.006	0.003	0.007	0.009	0.007	0.01	0.007	0.007	0.004	0.002	0	0.003	0.005	0.005	0.004	0.012	0.007	0.002	
1	1	1	1	1	1	1	1	1	1	1	1	1	1	1	1	1	1	1	1	1	1	1	1	1	1	1	1	1	1	0.999	0.998	0.997	0.996	0.994	0.995	0.987	0.986	0.977	0.973	0.961	0.945	0.938	0.908	0.891	0.865	0.828	0.828	0.789	0.77	0.764	0.7	0.666	0.642	0.611	0.578	0.538	0.514	0.478	0.454	0.424	0.403	0.361	0.294	0.301	0.285	0.255	0.206	0.19	0.148	0.152	0.14	0.137	0.122	0.105	0.103	0.089	0.093	0.062	0.048	0.033	0.039	0.027	0.031	0.02	0.024	0.021	0.023	0.006	0.011	0.012	0.008	0.006	0.01	0.006	0.005	0.002	0.003	0.006	0.003	
0.499	0.478	0.488	0.545	0.605	0.701	0.747	0.75	0.818	0.865	0.857	0.894	0.899	0.927	0.935	0.933	0.932	0.952	0.952	0.965	0.97	0.975	0.985	0.99	0.99	0.992	0.991	0.988	0.98	0.982	0.974	0.983	0.962	0.964	0.943	0.941	0.922	0.924	0.895	0.885	0.875	0.844	0.817	0.825	0.775	0.734	0.717	0.705	0.665	0.659	0.638	0.604	0.603	0.537	0.533	0.525	0.53	0.475	0.479	0.428	0.412	0.39	0.384	0.4	0.358	0.324	0.334	0.285	0.277	0.268	0.264	0.264	0.251	0.222	0.208	0.205	0.171	0.188	0.149	0.158	0.159	0.148	0.136	0.123	0.115	0.138	0.121	0.091	0.125	0.095	0.09	0.085	0.084	0.061	0.066	0.066	0.046	0.059	0.045	0.052	
1	1	1	1	1	1	1	0.993	0.96	0.843	0.678	0.482	0.311	0.184	0.126	0.058	0.043	0.025	0.021	0.013	0.002	0.006	0.008	0.006	0.001	0	0	0.002	0	0	0	0	0	0	0	0	0	0	0	0	0	0	0	0	0	0	0	0	0	0	0	0	0	0	0	0	0	0	0	0	0	0	0	0	0	0	0	0	0	0	0	0	0	0	0	0	0	0	0	0	0	0	0	0	0	0	0	0	0	0	0	0	0	0	0	0	0	0	0	0	
1	1	1	0.999	0.999	0.996	0.989	0.985	0.989	0.977	0.966	0.971	0.963	0.964	0.955	0.939	0.922	0.908	0.923	0.877	0.86	0.863	0.833	0.808	0.822	0.763	0.772	0.746	0.73	0.701	0.679	0.642	0.641	0.612	0.64	0.627	0.563	0.548	0.518	0.476	0.471	0.475	0.439	0.399	0.371	0.35	0.299	0.276	0.237	0.221	0.208	0.159	0.119	0.101	0.107	0.078	0.06	0.066	0.043	0.026	0.02	0.026	0.014	0.018	0.016	0.012	0.005	0.003	0.002	0.002	0.002	0.003	0	0.001	0.001	0	0	0	0	0	0	0	0	0	0	0	0	0	0	0	0	0	0	0	0	0	0	0	0	0	
1	1	1	1	1	1	1	1	1	1	0.998	0.987	0.94	0.817	0.674	0.476	0.323	0.217	0.106	0.062	0.049	0.021	0.014	0.007	0.006	0.001	0.001	0	0	0	0	0	0	0	0	0	0	0	0	0	0	0	0	0	0	0	0	0	0	0	0	0	0	0	0	0	0	0	0	0	0	0	0	0	0	0	0	0	0	0	0	0	0	0	0	0	0	0	0	0	0	0	0	0	0	0	0	0	0	0	0	0	0	0	0	0	0	0	0	0	
1	1	1	1	1	1	1	1	1	1	1	1	0.998	0.986	0.965	0.925	0.823	0.743	0.596	0.45	0.316	0.226	0.144	0.096	0.063	0.028	0.016	0.018	0.008	0.003	0.007	0.001	0	0.001	0.001	0	0	0	0	0	0	0	0	0	0	0	0.001	0	0	0	0	0	0	0	0	0	0	0	0	0	0	0	0	0	0	0	0	0	0	0	0	0	0	0	0	0	0	0	0	0	0	0	0	0	0	0	0	0	0	0	0	0	0	0	0	0	0	0	0	0	
1	1	1	1	1	1	1	1	1	1	1	1	1	1	1	1	0.999	0.996	0.997	0.986	0.98	0.968	0.962	0.934	0.889	0.835	0.779	0.704	0.644	0.553	0.501	0.429	0.314	0.314	0.236	0.192	0.142	0.118	0.073	0.067	0.044	0.04	0.025	0.016	0.019	0.013	0.007	0.007	0.006	0.002	0.003	0.001	0.002	0	0	0.002	0	0	0.002	0	0	0	0	0	0	0	0	0	0	0	0	0	0	0	0	0	0	0	0	0	0	0	0	0	0	0	0	0	0	0	0	0	0	0	0	0	0	0	0	0	
1	1	1	1	1	1	1	1	1	1	1	1	1	1	1	0.999	0.998	0.99	0.973	0.938	0.869	0.795	0.666	0.558	0.461	0.376	0.239	0.203	0.128	0.085	0.059	0.03	0.029	0.015	0.008	0.004	0.003	0.003	0	0	0	0	0	0	0	0	0	0	0	0	0	0	0	0	0	0	0	0	0	0	0	0	0	0	0	0	0	0	0	0	0	0	0	0	0	0	0	0	0	0	0	0	0	0	0	0	0	0	0	0	0	0	0	0	0	0	0	0	0	0	
1	1	1	1	1	1	1	1	1	0.999	1	1	1	0.998	0.998	0.995	0.993	0.997	0.996	0.995	0.989	0.99	0.986	0.978	0.974	0.96	0.972	0.955	0.95	0.934	0.93	0.895	0.912	0.88	0.846	0.837	0.814	0.779	0.715	0.657	0.599	0.512	0.475	0.372	0.31	0.231	0.19	0.145	0.113	0.087	0.049	0.044	0.031	0.022	0.011	0.003	0.004	0.006	0.003	0.001	0	0.001	0.002	0	0.001	0	0	0	0	0	0	0	0	0	0	0	0	0	0	0	0	0	0	0	0	0	0	0	0	0	0	0	0	0	0	0	0	0	0	0	
1	1	1	1	1	0.999	0.996	0.986	0.976	0.967	0.965	0.951	0.951	0.941	0.944	0.934	0.932	0.933	0.898	0.904	0.895	0.858	0.883	0.854	0.841	0.817	0.799	0.763	0.753	0.736	0.693	0.672	0.637	0.616	0.58	0.546	0.478	0.473	0.481	0.436	0.432	0.376	0.357	0.347	0.344	0.315	0.289	0.302	0.244	0.242	0.241	0.234	0.197	0.185	0.169	0.185	0.166	0.144	0.145	0.137	0.127	0.112	0.108	0.095	0.093	0.081	0.082	0.073	0.075	0.06	0.071	0.058	0.041	0.058	0.042	0.037	0.033	0.039	0.031	0.034	0.028	0.023	0.025	0.021	0.027	0.014	0.027	0.018	0.015	0.009	0.016	0.011	0.014	0.012	0.008	0.008	0.007	0.008	0.012	0.009	
1	1	1	1	1	1	1	1	1	1	1	1	1	1	0.999	0.999	1	0.999	0.996	0.991	0.98	0.952	0.92	0.885	0.83	0.714	0.646	0.507	0.408	0.3	0.23	0.153	0.089	0.077	0.038	0.037	0.016	0.013	0.008	0.007	0.003	0.004	0.001	0	0.001	0	0	0	0	0	0	0	0	0	0	0	0	0	0	0	0	0	0	0	0	0	0	0	0	0	0	0	0	0	0	0	0	0	0	0	0	0	0	0	0	0	0	0	0	0	0	0	0	0	0	0	0	0	0	0	
1	1	1	1	1	1	1	1	0.998	0.985	0.963	0.905	0.863	0.798	0.72	0.622	0.551	0.49	0.448	0.343	0.334	0.265	0.257	0.204	0.176	0.147	0.09	0.074	0.047	0.036	0.024	0.01	0.013	0.008	0.001	0.002	0.001	0	0.001	0	0	0.001	0	0	0	0	0	0	0	0	0	0	0	0	0	0	0	0	0	0	0	0	0	0	0	0	0	0	0	0	0	0	0	0	0	0	0	0	0	0	0	0	0	0	0	0	0	0	0	0	0	0	0	0	0	0	0	0	0	0	
1	1	1	1	1	1	1	1	1	1	1	1	1	1	1	1	1	0.997	0.999	0.997	0.999	0.995	0.987	0.983	0.979	0.968	0.963	0.952	0.933	0.905	0.907	0.887	0.837	0.834	0.789	0.768	0.708	0.668	0.619	0.547	0.446	0.398	0.327	0.319	0.221	0.167	0.124	0.101	0.081	0.049	0.039	0.031	0.019	0.017	0.005	0.005	0.008	0.003	0.001	0.002	0	0.003	0	0	0	0	0.001	0	0.001	0	0.001	0	0	0	0	0	0	0	0	0	0	0	0	0	0	0	0	0	0	0	0	0	0	0	0	0	0	0	0	0	
1	1	1	1	1	1	1	1	1	1	1	1	1	1	1	1	1	1	1	1	1	1	1	1	1	1	1	1	1	1	1	1	0.999	0.997	0.997	0.982	0.976	0.953	0.908	0.826	0.754	0.666	0.56	0.444	0.323	0.274	0.196	0.134	0.104	0.072	0.058	0.035	0.015	0.014	0.011	0.006	0	0.004	0.001	0.001	0	0	0	0	0.001	0	0	0	0	0	0	0	0	0	0	0	0	0	0	0	0	0	0	0	0	0	0	0	0	0	0	0	0	0	0	0	0	0	0	0	
1	1	1	1	1	1	1	1	1	1	1	1	1	1	1	1	1	1	1	1	1	1	1	1	1	1	1	1	1	1	1	1	0.999	0.999	0.999	0.998	0.994	0.985	0.974	0.965	0.944	0.906	0.862	0.807	0.741	0.719	0.615	0.573	0.466	0.397	0.335	0.275	0.235	0.174	0.157	0.117	0.091	0.073	0.055	0.042	0.027	0.024	0.019	0.009	0.01	0.007	0.005	0.003	0.003	0.001	0	0	0.002	0	0	0.001	0	0	0	0	0	0	0	0	0	0	0	0	0	0	0	0	0	0	0	0	0	0	0	0	
1	1	1	1	1	1	1	1	1	0.999	0.998	0.993	0.984	0.932	0.834	0.667	0.486	0.306	0.182	0.12	0.062	0.02	0.016	0.01	0.001	0.005	0.001	0.001	0	0.001	0	0	0	0	0	0	0	0	0	0	0	0	0	0	0	0	0	0	0	0	0	0	0	0	0	0	0	0	0	0	0	0	0	0	0	0	0	0	0	0	0	0	0	0	0	0	0	0	0	0	0	0	0	0	0	0	0	0	0	0	0	0	0	0	0	0	0	0	0	0	
1	1	1	1	1	1	1	1	1	1	1	1	1	1	1	1	1	1	1	1	1	1	1	1	1	1	1	1	1	1	1	1	1	0.998	1	0.994	0.986	0.977	0.962	0.95	0.933	0.885	0.831	0.811	0.776	0.724	0.658	0.575	0.501	0.493	0.394	0.334	0.288	0.258	0.203	0.146	0.119	0.123	0.093	0.065	0.055	0.041	0.04	0.027	0.022	0.028	0.015	0.003	0.006	0.005	0.005	0.003	0.002	0.004	0.001	0	0	0.002	0.001	0	0	0	0.001	0	0	0	0	0	0	0	0	0	0	0	0	0	0	0	0	0	
1	1	1	1	1	1	1	1	1	1	1	1	1	1	1	1	1	1	1	1	1	1	1	1	1	1	1	1	1	1	1	1	1	1	1	1	1	1	1	1	1	1	1	1	1	1	1	1	1	1	0.999	1	1	1	0.999	1	1	1	1	0.999	1	1	1	1	1	1	1	1	1	1	1	1	1	1	1	1	1	1	1	1	0.999	0.999	1	1	1	1	1	1	0.998	1	1	1	1	1	0.999	1	1	0.999	1	1	
1	1	1	1	1	1	1	1	1	1	1	1	1	1	1	0.999	1	0.999	0.997	0.993	1	0.988	0.979	0.977	0.967	0.943	0.939	0.908	0.897	0.869	0.866	0.836	0.794	0.779	0.728	0.723	0.652	0.642	0.577	0.535	0.517	0.476	0.432	0.376	0.358	0.325	0.267	0.245	0.192	0.187	0.125	0.13	0.116	0.098	0.068	0.046	0.064	0.039	0.027	0.014	0.016	0.015	0.012	0.008	0.009	0.006	0.002	0.003	0.004	0.002	0	0.006	0.001	0.002	0.001	0.001	0	0	0.001	0.001	0	0	0	0	0	0	0	0	0	0	0	0	0	0	0	0	0	0	0	0	
1	1	1	1	1	1	1	1	1	1	1	1	1	1	1	1	1	1	1	1	1	1	1	1	1	1	0.997	0.999	0.995	0.992	0.982	0.974	0.963	0.927	0.908	0.857	0.796	0.778	0.672	0.631	0.546	0.516	0.432	0.358	0.326	0.281	0.251	0.185	0.153	0.137	0.109	0.075	0.068	0.049	0.046	0.033	0.026	0.017	0.016	0.017	0.008	0.007	0.003	0.006	0.002	0.003	0.003	0	0.001	0.001	0.001	0.001	0	0	0	0	0	0	0	0	0	0	0	0	0	0	0	0	0	0	0	0	0	0	0	0	0	0	0	0	
1	1	1	1	1	1	1	1	1	1	1	1	1	1	1	1	1	1	1	1	1	1	0.999	0.996	0.995	0.982	0.973	0.951	0.908	0.877	0.844	0.8	0.71	0.628	0.613	0.555	0.468	0.379	0.363	0.287	0.21	0.17	0.133	0.097	0.067	0.052	0.034	0.021	0.009	0.003	0.004	0	0.003	0	0.001	0	0	0	0	0	0	0	0	0	0	0	0	0	0	0	0	0	0	0	0	0	0	0	0	0	0	0	0	0	0	0	0	0	0	0	0	0	0	0	0	0	0	0	0	0	
1	1	1	1	1	1	1	1	1	1	1	1	1	1	1	1	1	1	1	1	0.999	1	1	0.999	0.998	1	0.996	0.994	0.996	0.995	0.985	0.979	0.982	0.972	0.954	0.95	0.925	0.887	0.868	0.833	0.791	0.701	0.647	0.581	0.528	0.458	0.382	0.371	0.313	0.255	0.188	0.153	0.124	0.119	0.09	0.068	0.049	0.037	0.026	0.029	0.029	0.019	0.012	0.017	0.009	0.008	0.013	0.006	0.003	0.001	0.003	0.003	0.002	0.002	0	0.002	0.002	0	0.003	0	0.002	0	0.002	0.001	0	0	0	0	0	0	0	0	0	0	0	0	0	0	0	0	
1	1	1	1	1	1	1	1	1	1	1	1	1	1	1	1	1	1	1	1	1	1	1	1	1	1	1	1	0.999	1	0.997	0.998	0.989	0.989	0.976	0.959	0.951	0.931	0.876	0.835	0.77	0.735	0.623	0.559	0.485	0.404	0.318	0.272	0.201	0.155	0.121	0.094	0.057	0.041	0.027	0.01	0.009	0.008	0.003	0.001	0.001	0	0.002	0	0	0	0	0	0	0	0	0	0	0	0	0	0	0	0	0	0	0	0	0	0	0	0	0	0	0	0	0	0	0	0	0	0	0	0	0	
1	1	1	1	1	1	1	1	1	1	1	1	1	1	1	1	1	1	1	1	1	1	1	1	1	1	1	1	0.999	0.997	0.994	0.993	0.986	0.969	0.96	0.919	0.867	0.82	0.755	0.667	0.593	0.528	0.399	0.354	0.269	0.194	0.157	0.121	0.1	0.064	0.035	0.03	0.016	0.008	0.013	0.006	0.003	0.002	0.001	0	0	0	0	0	0	0	0	0	0	0	0	0	0	0	0	0	0	0	0	0	0	0	0	0	0	0	0	0	0	0	0	0	0	0	0	0	0	0	0	0	
1	1	1	1	1	1	1	1	1	1	1	1	1	1	1	1	1	1	1	1	1	1	0.999	1	0.998	0.999	0.996	0.996	0.998	0.994	0.99	0.992	0.986	0.99	0.981	0.979	0.976	0.959	0.966	0.956	0.941	0.947	0.916	0.912	0.878	0.898	0.839	0.793	0.787	0.765	0.745	0.724	0.702	0.614	0.646	0.603	0.568	0.51	0.489	0.468	0.45	0.396	0.373	0.341	0.345	0.304	0.321	0.271	0.227	0.235	0.244	0.184	0.169	0.198	0.141	0.144	0.154	0.105	0.128	0.091	0.1	0.067	0.063	0.06	0.053	0.057	0.042	0.041	0.039	0.033	0.031	0.03	0.022	0.029	0.021	0.021	0.012	0.017	0.013	0.007	
1	1	1	1	1	1	1	1	1	1	0.999	0.997	1	0.995	0.989	0.976	0.973	0.953	0.921	0.909	0.885	0.836	0.807	0.788	0.756	0.664	0.677	0.635	0.626	0.597	0.561	0.521	0.483	0.496	0.39	0.396	0.34	0.338	0.315	0.286	0.255	0.227	0.193	0.156	0.156	0.122	0.087	0.075	0.069	0.056	0.033	0.023	0.018	0.011	0.005	0.004	0.008	0.005	0	0.001	0	0	0.002	0	0.001	0	0	0	0	0	0	0	0	0	0	0	0	0	0	0	0	0	0	0	0	0	0	0	0	0	0	0	0	0	0	0	0	0	0	0	
1	1	1	1	1	1	1	1	1	1	1	1	1	1	1	1	1	1	1	1	1	1	1	1	1	1	1	1	1	1	1	1	1	1	1	1	1	1	1	1	1	1	1	1	1	1	0.999	0.999	0.998	0.996	0.99	0.982	0.985	0.976	0.955	0.947	0.938	0.915	0.914	0.893	0.85	0.814	0.783	0.779	0.703	0.676	0.647	0.619	0.571	0.54	0.524	0.434	0.395	0.369	0.343	0.341	0.295	0.271	0.253	0.223	0.201	0.165	0.126	0.134	0.133	0.093	0.093	0.075	0.065	0.058	0.051	0.043	0.036	0.039	0.029	0.026	0.023	0.014	0.021	0.017	
1	0.978	0.857	0.612	0.411	0.202	0.098	0.052	0.032	0.013	0.009	0.005	0.002	0.002	0.001	0.001	0	0.001	0	0	0	0	0	0	0	0	0	0	0	0	0	0	0	0	0	0	0	0	0	0	0	0	0	0	0	0	0	0	0	0	0	0	0	0	0	0	0	0	0	0	0	0	0	0	0	0	0	0	0	0	0	0	0	0	0	0	0	0	0	0	0	0	0	0	0	0	0	0	0	0	0	0	0	0	0	0	0	0	0	0	
1	1	1	1	1	1	1	1	1	1	1	1	1	1	1	1	1	1	1	1	1	1	1	1	1	1	1	1	1	0.998	1	1	1	0.999	0.994	0.994	0.993	0.989	0.979	0.986	0.969	0.954	0.956	0.926	0.922	0.891	0.875	0.826	0.827	0.783	0.712	0.714	0.671	0.621	0.557	0.513	0.481	0.433	0.407	0.351	0.336	0.292	0.245	0.238	0.177	0.184	0.153	0.139	0.103	0.099	0.077	0.098	0.074	0.052	0.048	0.068	0.043	0.03	0.034	0.027	0.03	0.019	0.017	0.023	0.009	0.015	0.012	0.017	0.009	0.013	0.016	0.016	0.016	0.009	0.017	0.009	0.011	0.01	0.008	0.007	
1	1	1	1	1	1	1	1	1	1	1	1	1	1	1	1	1	1	0.999	0.994	0.995	0.973	0.955	0.937	0.892	0.837	0.8	0.733	0.657	0.622	0.566	0.497	0.448	0.422	0.372	0.299	0.276	0.261	0.219	0.208	0.18	0.166	0.13	0.136	0.097	0.116	0.075	0.092	0.058	0.064	0.064	0.058	0.044	0.044	0.036	0.038	0.033	0.035	0.023	0.023	0.027	0.033	0.027	0.015	0.021	0.012	0.014	0.013	0.017	0.012	0.016	0.014	0.012	0.007	0.008	0.016	0.008	0.012	0.017	0.005	0.015	0.01	0.005	0.006	0.009	0.002	0.005	0.005	0.006	0.005	0	0.002	0.002	0.001	0.004	0	0.002	0.003	0.003	0.003	
1	1	1	1	1	1	1	1	1	1	1	0.999	1	0.999	0.997	0.997	0.989	0.986	0.977	0.944	0.91	0.864	0.833	0.756	0.664	0.569	0.447	0.401	0.274	0.209	0.161	0.115	0.069	0.063	0.035	0.024	0.006	0.006	0.012	0.001	0.004	0.003	0	0.002	0	0	0	0	0	0	0	0	0	0	0	0	0	0	0	0	0	0	0	0	0	0	0	0	0	0	0	0	0	0	0	0	0	0	0	0	0	0	0	0	0	0	0	0	0	0	0	0	0	0	0	0	0	0	0	0	
1	1	1	1	1	1	1	1	1	1	1	1	1	1	1	1	1	1	1	1	1	1	1	1	1	1	1	1	1	1	1	1	1	1	1	1	1	1	1	1	1	1	1	1	1	1	1	1	1	1	1	1	1	1	1	1	1	1	1	1	1	1	1	1	1	1	1	1	1	1	1	1	1	1	1	1	1	1	1	0.999	1	1	1	0.999	1	1	1	0.999	0.999	0.999	0.998	0.999	0.998	0.999	0.997	0.997	1	0.995	0.999	0.999	
1	0.98	0.976	0.952	0.938	0.931	0.954	0.957	0.952	0.952	0.923	0.902	0.842	0.774	0.704	0.595	0.515	0.413	0.309	0.247	0.184	0.119	0.11	0.074	0.055	0.032	0.022	0.009	0.02	0.009	0.011	0.005	0.004	0.003	0.001	0.002	0	0	0	0	0	0	0	0	0	0	0	0	0	0	0	0	0	0	0	0	0	0	0	0	0	0	0	0	0	0	0	0	0	0	0	0	0	0	0	0	0	0	0	0	0	0	0	0	0	0	0	0	0	0	0	0	0	0.001	0	0	0	0	0.001	0	
1	1	1	1	1	1	1	1	1	1	1	1	1	1	1	1	1	1	1	1	1	1	1	1	0.999	0.989	0.979	0.984	0.96	0.938	0.899	0.846	0.811	0.759	0.673	0.624	0.575	0.449	0.431	0.348	0.307	0.269	0.228	0.181	0.155	0.152	0.125	0.109	0.089	0.088	0.076	0.063	0.053	0.053	0.044	0.045	0.036	0.024	0.029	0.037	0.029	0.035	0.028	0.03	0.023	0.025	0.027	0.019	0.019	0.016	0.017	0.02	0.016	0.011	0.016	0.018	0.019	0.012	0.018	0.015	0.009	0.012	0.015	0.01	0.012	0.011	0.013	0.008	0.01	0.014	0.016	0.009	0.008	0.014	0.014	0.015	0.005	0.01	0.012	0.006	
1	1	1	1	1	1	1	1	1	1	1	1	1	1	1	1	1	1	1	1	1	1	1	1	1	1	1	1	1	1	1	1	0.999	1	1	0.999	0.998	0.998	0.997	0.991	0.982	0.965	0.955	0.929	0.924	0.875	0.817	0.728	0.677	0.611	0.521	0.463	0.383	0.295	0.265	0.216	0.183	0.127	0.117	0.094	0.052	0.042	0.032	0.018	0.014	0.013	0.013	0.004	0.007	0.009	0.004	0	0.003	0.002	0	0.001	0.001	0	0	0.001	0	0	0	0	0	0	0	0	0	0	0	0	0	0	0	0	0	0	0	0	
1	1	1	1	1	1	1	1	1	1	1	1	1	1	1	1	1	1	1	1	1	1	1	1	1	1	1	1	1	0.999	1	0.998	0.993	0.991	0.982	0.968	0.927	0.892	0.824	0.73	0.675	0.551	0.472	0.374	0.289	0.212	0.174	0.123	0.096	0.074	0.045	0.033	0.019	0.01	0.009	0.01	0.005	0.009	0.002	0	0	0	0	0	0	0	0	0	0	0	0	0	0	0	0	0	0	0	0	0	0	0	0	0	0	0	0	0	0	0	0	0	0	0	0	0	0	0	0	0	
1	1	1	1	1	1	1	0.997	0.984	0.95	0.897	0.849	0.729	0.634	0.537	0.442	0.334	0.266	0.165	0.125	0.072	0.056	0.046	0.028	0.02	0.011	0.004	0.004	0.002	0	0	0	0	0	0	0	0	0	0	0	0	0	0	0	0	0	0	0	0	0	0	0	0	0	0	0	0	0	0	0	0	0	0	0	0	0	0	0	0	0	0	0	0	0	0	0	0	0	0	0	0	0	0	0	0	0	0	0	0	0	0	0	0	0	0	0	0	0	0	0	
1	1	1	1	1	1	1	1	1	0.999	0.98	0.933	0.821	0.745	0.568	0.432	0.296	0.234	0.159	0.157	0.095	0.064	0.055	0.042	0.031	0.028	0.02	0.019	0.006	0.01	0.006	0.002	0	0.001	0	0	0	0	0	0	0	0	0	0	0	0	0	0	0	0	0	0	0	0	0	0	0	0	0	0	0	0	0	0	0	0	0	0	0	0	0	0	0	0	0	0	0	0	0	0	0	0	0	0	0	0	0	0	0	0	0	0	0	0	0	0	0	0	0	0	
1	1	1	1	1	1	1	1	1	1	1	1	1	1	1	1	1	1	1	1	1	1	1	1	1	1	1	1	1	1	1	1	1	1	1	1	1	1	1	1	1	1	1	1	1	1	1	1	1	1	1	1	1	1	1	1	1	1	1	1	1	1	1	1	1	1	1	1	1	1	1	1	1	1	1	1	1	1	1	1	1	1	1	1	1	1	1	0.999	1	1	1	1	1	1	1	1	1	1	1	0.999	
1	1	1	1	1	0.993	0.951	0.839	0.7	0.559	0.408	0.276	0.203	0.109	0.104	0.063	0.032	0.033	0.023	0.015	0.005	0.004	0.006	0.003	0.001	0.002	0.002	0.001	0.001	0.002	0	0	0	0	0	0	0	0	0	0	0	0	0	0	0	0	0	0	0	0	0	0	0	0	0	0	0	0	0	0	0	0	0	0	0	0	0	0	0	0	0	0	0	0	0	0	0	0	0	0	0	0	0	0	0	0	0	0	0	0	0	0	0	0	0	0	0	0	0	0	
1	1	0.999	0.997	0.989	0.966	0.963	0.938	0.919	0.904	0.877	0.844	0.8	0.736	0.632	0.522	0.414	0.32	0.202	0.171	0.102	0.069	0.045	0.029	0.024	0.012	0.011	0.005	0.002	0.002	0.003	0	0.001	0	0	0	0	0	0	0	0	0	0	0	0	0	0	0	0	0	0	0	0	0	0	0	0	0	0	0	0	0	0	0	0	0	0	0	0	0	0	0	0	0	0	0	0	0	0	0	0	0	0	0	0	0	0	0	0	0	0	0	0	0	0	0	0	0	0	0	
1	1	1	1	1	1	1	1	1	1	1	1	1	1	1	1	1	1	1	1	0.999	1	0.998	0.994	0.995	0.983	0.987	0.973	0.943	0.921	0.898	0.869	0.804	0.734	0.699	0.625	0.54	0.496	0.475	0.386	0.317	0.286	0.267	0.192	0.159	0.127	0.088	0.075	0.072	0.056	0.039	0.022	0.017	0.017	0.011	0.01	0.013	0.01	0.004	0.003	0.004	0.003	0.002	0.001	0.001	0.001	0.001	0	0	0	0	0	0	0	0	0	0	0	0	0	0	0	0	0	0	0	0	0	0	0	0	0	0	0	0	0	0	0	0	0	
1	1	1	1	1	1	1	1	0.997	0.988	0.973	0.941	0.886	0.787	0.722	0.631	0.526	0.431	0.35	0.288	0.197	0.147	0.12	0.091	0.066	0.047	0.024	0.027	0.022	0.019	0.006	0.006	0.003	0	0.003	0.002	0.002	0.001	0	0	0	0.001	0	0	0	0	0	0.001	0.001	0	0	0	0.001	0	0	0.001	0	0	0	0	0	0	0	0	0	0	0	0	0.001	0.001	0	0.001	0	0.001	0	0	0.001	0.002	0	0.002	0	0.001	0.002	0	0.001	0.001	0	0.003	0.001	0	0.002	0	0.001	0.001	0.001	0	0.001	0	0.001	0.001	
1	1	1	1	1	1	1	1	1	1	1	1	1	1	1	1	1	1	1	1	1	1	1	1	1	1	1	1	1	1	1	0.999	0.999	1	0.999	0.996	0.994	0.99	0.983	0.984	0.973	0.959	0.952	0.938	0.93	0.912	0.894	0.89	0.849	0.824	0.825	0.787	0.75	0.737	0.69	0.658	0.639	0.613	0.577	0.574	0.526	0.52	0.517	0.483	0.454	0.436	0.392	0.407	0.354	0.345	0.296	0.29	0.252	0.236	0.25	0.217	0.221	0.18	0.201	0.166	0.15	0.151	0.135	0.131	0.112	0.11	0.101	0.116	0.074	0.068	0.079	0.073	0.052	0.046	0.055	0.045	0.046	0.036	0.029	0.037	
1	1	1	1	1	1	1	1	1	1	1	1	1	1	1	1	1	1	1	1	1	1	0.998	0.996	0.971	0.952	0.903	0.838	0.686	0.59	0.464	0.355	0.287	0.225	0.14	0.094	0.078	0.041	0.034	0.02	0.017	0.006	0.007	0.006	0.001	0.002	0.002	0.001	0	0	0	0	0	0	0	0	0	0	0	0	0	0	0	0	0	0	0	0	0	0	0	0	0	0	0	0	0	0	0	0	0	0	0	0	0	0	0	0	0	0	0	0	0	0	0	0	0	0	0	0	
1	1	1	1	1	1	1	1	1	1	1	1	1	1	1	1	1	1	1	1	1	1	1	1	1	0.999	0.999	0.999	0.997	0.996	0.999	0.994	0.991	0.983	0.971	0.972	0.926	0.918	0.886	0.881	0.824	0.76	0.703	0.652	0.561	0.528	0.456	0.415	0.326	0.273	0.204	0.189	0.156	0.114	0.078	0.059	0.047	0.039	0.021	0.017	0.008	0.007	0.007	0.005	0.001	0.002	0	0	0.001	0	0	0	0	0	0.001	0	0	0	0	0	0	0	0	0	0	0	0	0	0	0	0	0	0	0	0	0	0	0	0	0	
1	1	1	1	1	1	1	1	1	0.998	0.997	0.982	0.969	0.971	0.941	0.922	0.865	0.831	0.758	0.749	0.658	0.566	0.492	0.411	0.327	0.251	0.167	0.129	0.076	0.062	0.03	0.017	0.014	0.009	0.007	0.006	0.004	0	0	0.001	0	0	0	0	0	0	0	0	0	0	0	0	0	0	0	0	0	0	0	0	0	0	0	0	0	0	0	0	0	0	0	0	0	0	0	0	0	0	0	0	0	0	0	0	0	0	0	0	0	0	0	0	0	0	0	0	0	0	0	0	
1	0.968	0.937	0.905	0.856	0.772	0.653	0.482	0.314	0.184	0.143	0.106	0.067	0.046	0.022	0.018	0.014	0.008	0.011	0.004	0.002	0.001	0.001	0	0	0	0	0	0	0	0	0	0	0	0	0	0	0	0	0	0	0	0	0	0	0	0	0	0	0	0	0	0	0	0	0	0	0	0	0	0	0	0	0	0	0	0	0	0	0	0	0	0	0	0	0	0	0	0	0	0	0	0	0	0	0	0	0	0	0	0	0	0	0	0	0	0	0	0	0	
1	1	1	1	1	1	1	1	1	1	1	1	1	1	1	1	1	1	1	0.999	0.997	0.992	0.977	0.927	0.871	0.773	0.606	0.499	0.333	0.233	0.161	0.098	0.057	0.027	0.024	0.011	0.003	0.005	0.002	0.001	0.001	0	0	0	0	0	0	0	0	0	0	0	0	0	0	0	0	0	0	0	0	0	0	0	0	0	0	0	0	0	0	0	0	0	0	0	0	0	0	0	0	0	0	0	0	0	0	0	0	0	0	0	0	0	0	0	0	0	0	0	
1	1	1	1	1	1	1	1	1	1	1	1	1	1	1	1	1	1	0.998	0.994	0.998	0.985	0.978	0.958	0.922	0.878	0.85	0.784	0.728	0.673	0.601	0.539	0.479	0.399	0.326	0.289	0.21	0.197	0.143	0.118	0.088	0.066	0.055	0.052	0.02	0.019	0.02	0.011	0.015	0.009	0.007	0.004	0.004	0.001	0	0.003	0	0.002	0	0.001	0	0.001	0	0	0	0	0	0	0	0	0	0	0	0	0	0	0	0	0	0	0	0	0	0	0	0	0	0	0	0	0	0	0	0	0	0	0	0	0	0	
1	1	1	1	1	1	1	1	1	1	1	1	1	1	1	1	1	1	1	1	1	1	1	1	1	1	1	1	1	1	1	1	1	1	1	1	1	1	1	1	1	1	1	1	1	1	1	0.999	0.999	1	1	0.999	1	1	0.997	0.999	1	1	0.998	0.992	0.99	0.987	0.981	0.983	0.976	0.962	0.955	0.942	0.919	0.899	0.886	0.854	0.818	0.817	0.779	0.748	0.709	0.673	0.626	0.599	0.585	0.529	0.518	0.436	0.442	0.362	0.334	0.311	0.29	0.256	0.257	0.237	0.221	0.185	0.179	0.16	0.143	0.142	0.122	0.143	
1	1	1	1	1	1	1	1	1	0.999	0.996	0.98	0.956	0.93	0.881	0.818	0.709	0.608	0.46	0.379	0.296	0.197	0.155	0.106	0.078	0.056	0.038	0.022	0.016	0.009	0.006	0.005	0.006	0	0	0.001	0	0	0	0	0	0	0	0	0	0	0	0	0	0	0	0	0	0	0	0	0	0	0	0	0	0	0	0	0	0	0	0	0	0	0	0	0	0	0	0	0	0	0	0	0	0	0	0	0	0	0	0	0	0	0	0	0	0	0	0	0	0	0	0	
1	1	0.98	0.906	0.773	0.614	0.493	0.376	0.281	0.201	0.139	0.104	0.083	0.061	0.045	0.033	0.025	0.016	0.022	0.014	0.014	0.016	0.01	0.01	0.009	0.008	0.003	0.006	0.003	0.001	0.005	0.004	0.007	0.007	0.006	0.007	0.005	0.001	0	0	0.001	0	0.001	0	0	0	0	0	0	0	0	0	0	0	0	0	0	0	0	0	0	0	0	0.001	0.001	0	0	0	0	0	0	0	0.001	0	0	0	0	0	0	0	0	0	0	0	0	0	0	0	0	0	0	0.001	0	0	0	0	0	0	0	0	
1	1	1	1	1	1	0.996	0.975	0.949	0.892	0.812	0.717	0.627	0.535	0.434	0.36	0.355	0.23	0.19	0.165	0.134	0.131	0.081	0.08	0.089	0.081	0.057	0.057	0.055	0.051	0.038	0.035	0.04	0.033	0.031	0.031	0.019	0.014	0.012	0.008	0.005	0.003	0.001	0.001	0.002	0.001	0	0	0	0	0	0	0	0	0	0	0	0	0	0	0	0	0	0	0	0	0	0	0	0	0	0	0	0	0	0	0	0	0	0	0	0	0	0	0	0	0	0	0	0	0	0	0	0	0	0	0	0	0	0	
1	0.999	0.988	0.979	0.93	0.911	0.8	0.705	0.57	0.477	0.315	0.227	0.173	0.118	0.071	0.039	0.027	0.012	0.006	0.003	0.003	0.001	0.002	0.001	0	0	0	0.001	0	0	0	0	0	0	0	0	0	0	0	0	0	0	0	0	0	0	0	0	0	0	0	0	0	0	0	0	0	0	0	0	0	0	0	0	0	0	0	0	0	0	0	0	0	0	0	0	0	0	0	0	0	0	0	0	0	0	0	0	0	0	0	0	0	0	0	0	0	0	0	0	
1	1	1	0.993	0.993	0.99	0.994	0.991	0.981	0.983	0.986	0.981	0.973	0.964	0.945	0.865	0.771	0.653	0.536	0.431	0.3	0.213	0.154	0.115	0.072	0.054	0.043	0.014	0.02	0.013	0.012	0.005	0.003	0	0.002	0.001	0	0	0	0	0	0	0	0	0	0	0	0	0	0	0	0	0	0	0	0	0	0	0	0	0	0	0	0	0	0	0	0	0	0	0	0	0	0	0	0	0	0	0	0	0	0	0	0	0	0	0	0	0	0	0	0	0	0	0	0	0	0	0	0	
1	1	1	1	1	1	1	1	1	1	1	1	1	1	1	1	1	1	1	1	0.999	0.999	0.998	0.997	0.996	0.992	0.982	0.984	0.96	0.93	0.901	0.84	0.772	0.7	0.604	0.556	0.45	0.358	0.316	0.234	0.17	0.145	0.104	0.078	0.054	0.037	0.021	0.018	0.011	0.006	0.003	0.004	0.001	0.001	0.002	0.002	0	0	0	0	0	0	0	0	0.001	0.001	0	0	0	0	0	0	0	0	0	0	0	0	0	0	0	0	0	0	0	0	0	0	0	0	0	0	0	0	0	0	0	0	0	0	
1	1	1	1	1	1	0.997	0.996	0.991	0.984	0.974	0.97	0.954	0.932	0.943	0.929	0.923	0.894	0.88	0.841	0.825	0.783	0.71	0.62	0.556	0.462	0.392	0.338	0.266	0.254	0.195	0.182	0.15	0.126	0.105	0.08	0.057	0.049	0.047	0.058	0.059	0.053	0.042	0.03	0.02	0.022	0.014	0.011	0.01	0.01	0.008	0.012	0.01	0.008	0.004	0.009	0.001	0.004	0.006	0	0.002	0.001	0.003	0	0	0	0.001	0	0	0	0	0	0	0	0	0	0	0	0	0	0	0	0	0	0	0	0	0	0	0.001	0	0	0	0	0	0	0	0	0	0	
1	1	1	1	1	1	1	0.999	0.993	0.976	0.954	0.949	0.937	0.93	0.915	0.939	0.933	0.957	0.957	0.966	0.966	0.971	0.973	0.984	0.987	0.983	0.986	0.986	0.988	0.992	0.99	0.994	0.991	0.991	0.994	0.997	0.997	0.997	0.997	0.996	0.998	0.994	0.996	0.998	0.994	0.998	0.998	0.999	0.997	0.998	0.996	1	0.997	0.996	0.998	0.997	1	0.999	0.997	0.998	0.998	0.998	0.998	0.999	0.999	0.999	0.999	0.998	1	0.997	0.998	1	0.999	0.996	1	1	0.999	0.998	1	0.999	0.998	0.999	0.998	0.999	1	1	0.998	0.998	0.999	0.998	0.999	0.998	0.999	0.998	0.999	0.999	0.998	0.999	0.999	0.998	
1	1	1	1	1	1	1	1	1	1	1	1	1	1	1	1	1	1	1	1	1	1	1	1	1	1	1	1	1	1	1	1	1	1	1	1	1	1	1	1	1	1	1	1	1	1	1	1	1	1	1	1	1	1	1	1	1	1	1	1	1	1	1	1	1	1	1	1	1	1	1	1	1	1	1	1	1	1	0.999	1	1	1	1	1	1	1	1	1	1	0.999	1	1	1	1	1	1	1	1	1	1	
1	1	1	1	1	1	1	1	1	1	1	1	1	1	1	1	1	1	1	1	1	1	1	1	1	1	1	1	1	0.998	0.999	0.997	0.99	0.993	0.988	0.978	0.961	0.957	0.925	0.897	0.855	0.828	0.766	0.733	0.65	0.608	0.541	0.477	0.412	0.354	0.346	0.262	0.226	0.18	0.156	0.107	0.11	0.083	0.061	0.038	0.031	0.026	0.022	0.014	0.019	0.007	0.012	0.003	0.008	0.005	0.005	0.002	0	0	0	0.001	0	0	0	0	0	0	0	0	0	0	0	0	0	0	0	0	0	0	0	0	0	0	0	0	
1	1	1	1	1	1	1	1	1	1	1	1	1	1	1	1	1	1	0.998	0.998	0.992	0.991	0.979	0.974	0.957	0.927	0.91	0.866	0.79	0.745	0.679	0.627	0.529	0.473	0.427	0.338	0.258	0.22	0.161	0.13	0.109	0.073	0.06	0.043	0.033	0.027	0.023	0.011	0.014	0.007	0.009	0.004	0	0.004	0	0	0	0	0	0.001	0	0	0	0	0	0	0	0	0	0	0	0	0	0	0	0	0	0	0	0	0	0	0	0	0	0	0	0	0	0	0	0	0	0	0	0	0	0	0	0	
1	1	1	1	1	1	1	1	1	1	1	1	1	1	1	1	1	1	0.999	0.999	0.993	0.979	0.967	0.946	0.878	0.814	0.72	0.576	0.473	0.381	0.304	0.214	0.146	0.084	0.057	0.034	0.016	0.012	0.01	0.006	0.001	0.003	0.001	0.001	0.001	0	0	0	0	0	0	0	0	0	0	0	0	0	0	0	0	0	0	0	0	0	0	0	0	0	0	0	0	0	0	0	0	0	0	0	0	0	0	0	0	0	0	0	0	0	0	0	0	0	0	0	0	0	0	0	
1	1	1	1	1	1	1	1	1	1	1	1	0.998	0.993	0.993	0.989	0.982	0.968	0.971	0.941	0.928	0.903	0.886	0.863	0.829	0.781	0.775	0.717	0.694	0.648	0.592	0.538	0.484	0.427	0.387	0.399	0.333	0.329	0.301	0.249	0.262	0.205	0.214	0.17	0.177	0.151	0.149	0.135	0.115	0.12	0.112	0.101	0.104	0.081	0.082	0.073	0.066	0.069	0.071	0.054	0.052	0.057	0.047	0.044	0.039	0.041	0.028	0.03	0.031	0.034	0.041	0.033	0.035	0.026	0.016	0.02	0.016	0.025	0.027	0.014	0.011	0.013	0.011	0.017	0.009	0.018	0.008	0.009	0.015	0.004	0.003	0.004	0.008	0.004	0.005	0.004	0.004	0.008	0.005	0	
1	1	1	1	1	1	1	1	1	1	1	1	1	1	1	1	1	1	1	1	1	1	1	0.996	0.988	0.984	0.967	0.915	0.876	0.804	0.694	0.596	0.474	0.363	0.289	0.23	0.149	0.079	0.064	0.039	0.022	0.013	0.009	0.005	0.005	0.001	0.003	0	0.001	0.001	0	0	0	0	0	0	0	0	0	0	0	0	0	0	0	0	0	0	0	0	0	0	0	0	0	0	0	0	0	0	0	0	0	0	0	0	0	0	0	0	0	0	0	0	0	0	0	0	0	0	
1	1	1	1	1	1	1	1	1	1	1	1	1	1	1	1	1	1	1	1	1	0.999	0.998	0.999	1	0.998	0.999	0.997	0.994	0.996	0.994	0.993	0.989	0.98	0.974	0.976	0.967	0.958	0.954	0.917	0.904	0.873	0.859	0.836	0.791	0.75	0.699	0.646	0.618	0.577	0.553	0.488	0.446	0.385	0.352	0.306	0.278	0.254	0.223	0.164	0.169	0.152	0.123	0.107	0.103	0.074	0.075	0.062	0.048	0.03	0.037	0.032	0.028	0.032	0.019	0.019	0.019	0.018	0.018	0.012	0.015	0.015	0.007	0.007	0.005	0.004	0.009	0.009	0.007	0.008	0.002	0.004	0.004	0.005	0.007	0	0.004	0.002	0.001	0.003	
1	1	1	1	1	1	1	1	1	1	1	0.999	0.997	0.991	0.977	0.952	0.92	0.847	0.79	0.729	0.67	0.54	0.502	0.401	0.342	0.315	0.252	0.195	0.166	0.154	0.096	0.098	0.082	0.067	0.057	0.055	0.032	0.03	0.036	0.028	0.026	0.02	0.017	0.015	0.006	0.015	0.013	0.007	0.007	0.01	0.005	0.008	0.005	0.009	0.001	0.004	0.003	0.002	0.002	0.002	0.002	0	0.005	0.004	0.004	0.003	0.003	0.003	0.002	0.002	0.005	0.003	0.002	0.005	0.005	0.007	0.01	0.005	0.003	0.002	0.007	0.002	0.001	0	0.006	0.006	0.005	0.006	0.007	0.006	0.003	0.007	0.002	0.002	0.009	0.006	0.005	0.005	0.004	0.013	
1	1	1	1	1	1	1	1	1	1	1	1	1	1	1	1	1	1	1	1	1	1	1	1	1	1	0.998	1	0.998	0.997	0.997	0.995	0.988	0.979	0.966	0.946	0.921	0.891	0.816	0.752	0.687	0.587	0.472	0.403	0.326	0.276	0.177	0.165	0.099	0.07	0.041	0.03	0.023	0.006	0.007	0.003	0.002	0.001	0.001	0.001	0.001	0	0	0	0	0	0	0	0	0	0	0	0	0	0	0	0	0	0	0	0	0	0	0	0	0	0	0	0	0	0	0	0	0	0	0	0	0	0	0	
1	1	1	1	1	1	1	1	1	1	1	1	1	1	1	1	1	1	1	1	1	1	0.999	0.999	0.999	0.998	0.996	0.988	0.976	0.961	0.947	0.938	0.886	0.879	0.831	0.787	0.739	0.683	0.623	0.585	0.515	0.459	0.418	0.387	0.338	0.319	0.261	0.226	0.196	0.181	0.158	0.15	0.119	0.124	0.107	0.105	0.109	0.082	0.074	0.074	0.07	0.074	0.064	0.063	0.05	0.052	0.051	0.046	0.045	0.057	0.043	0.044	0.044	0.03	0.046	0.037	0.045	0.038	0.03	0.033	0.032	0.037	0.026	0.019	0.025	0.025	0.017	0.024	0.017	0.025	0.021	0.024	0.019	0.014	0.016	0.016	0.023	0.022	0.024	0.012	
1	1	1	1	1	1	1	1	1	1	1	1	1	1	1	1	1	1	1	1	1	1	1	1	1	1	1	0.999	1	1	0.996	0.999	0.992	0.993	0.991	0.978	0.961	0.915	0.888	0.79	0.745	0.682	0.577	0.494	0.407	0.299	0.236	0.199	0.157	0.118	0.084	0.07	0.042	0.027	0.03	0.02	0.016	0.005	0.007	0.002	0.004	0.005	0	0	0	0	0	0.002	0	0	0	0	0	0	0	0	0	0	0	0	0	0	0	0	0	0	0	0	0	0	0	0	0	0	0	0	0	0	0	0	
1	1	0.992	0.97	0.948	0.904	0.894	0.863	0.855	0.836	0.821	0.813	0.8	0.794	0.783	0.803	0.787	0.778	0.781	0.766	0.73	0.784	0.747	0.721	0.705	0.667	0.633	0.644	0.614	0.547	0.558	0.506	0.477	0.416	0.44	0.407	0.429	0.329	0.297	0.299	0.264	0.227	0.211	0.191	0.173	0.161	0.11	0.101	0.103	0.073	0.058	0.054	0.044	0.032	0.023	0.021	0.012	0.008	0.013	0.006	0.004	0.002	0.002	0	0.001	0	0.002	0	0	0	0	0	0	0	0	0	0	0	0	0	0	0	0	0	0	0	0	0	0	0	0	0	0	0	0	0	0	0	0	0	
1	1	1	1	1	1	1	1	1	1	1	1	0.994	0.984	0.97	0.931	0.855	0.797	0.707	0.628	0.546	0.495	0.417	0.358	0.293	0.23	0.208	0.195	0.153	0.127	0.085	0.069	0.08	0.064	0.041	0.038	0.035	0.022	0.025	0.017	0.015	0.007	0.004	0.007	0.003	0.002	0	0	0.004	0	0.001	0	0	0.002	0	0	0	0	0	0	0	0	0	0	0	0	0	0	0	0	0	0	0	0	0	0	0	0	0	0	0	0	0	0	0	0	0	0	0	0	0	0	0	0	0	0	0	0	0	0	
1	1	1	1	1	1	1	1	1	1	1	1	1	1	1	1	1	1	1	1	1	1	1	1	1	1	1	1	1	1	1	1	1	1	1	1	1	0.999	0.998	0.994	0.988	0.978	0.969	0.946	0.91	0.875	0.838	0.788	0.743	0.683	0.612	0.557	0.522	0.447	0.416	0.397	0.341	0.295	0.264	0.228	0.219	0.18	0.146	0.124	0.116	0.119	0.082	0.085	0.065	0.076	0.05	0.052	0.05	0.046	0.036	0.033	0.039	0.034	0.027	0.026	0.024	0.019	0.028	0.02	0.018	0.021	0.021	0.021	0.012	0.014	0.014	0.014	0.014	0.021	0.006	0.004	0.012	0.009	0.011	0.011	
1	1	1	1	1	1	1	1	1	1	1	0.996	0.996	0.976	0.954	0.906	0.855	0.76	0.709	0.636	0.533	0.476	0.411	0.303	0.276	0.221	0.143	0.129	0.077	0.067	0.05	0.026	0.021	0.015	0.004	0.007	0.003	0.002	0	0.003	0.001	0	0	0	0	0	0	0	0	0	0	0	0	0	0	0	0	0	0	0	0	0	0	0	0	0	0	0	0	0	0	0	0	0	0	0	0	0	0	0	0	0	0	0	0	0	0	0	0	0	0	0	0	0	0	0	0	0	0	0	
1	1	1	1	1	1	1	1	0.999	0.994	0.963	0.929	0.866	0.726	0.638	0.515	0.443	0.344	0.259	0.223	0.18	0.138	0.114	0.086	0.088	0.052	0.043	0.036	0.032	0.019	0.02	0.013	0.009	0.003	0.006	0.008	0.004	0.004	0.004	0.001	0	0.002	0	0	0	0	0.001	0	0	0	0	0	0	0	0	0	0	0	0	0	0	0	0	0	0	0	0	0	0	0	0	0	0	0	0	0	0	0	0	0	0	0	0	0	0	0	0	0	0	0	0	0	0	0	0	0	0	0	0	0	
0.999	0.936	0.886	0.828	0.792	0.754	0.723	0.689	0.681	0.658	0.66	0.62	0.654	0.645	0.639	0.648	0.651	0.668	0.651	0.684	0.708	0.743	0.701	0.746	0.774	0.76	0.787	0.789	0.797	0.797	0.813	0.827	0.823	0.83	0.816	0.833	0.833	0.838	0.835	0.824	0.804	0.852	0.81	0.809	0.81	0.816	0.778	0.763	0.799	0.77	0.733	0.757	0.746	0.722	0.738	0.708	0.694	0.662	0.672	0.694	0.678	0.628	0.609	0.611	0.609	0.614	0.62	0.551	0.577	0.587	0.543	0.56	0.547	0.512	0.531	0.524	0.503	0.487	0.501	0.467	0.462	0.454	0.46	0.46	0.4	0.411	0.43	0.412	0.382	0.392	0.382	0.35	0.347	0.34	0.311	0.33	0.311	0.29	0.275	0.294	
1	1	1	1	1	1	1	1	1	0.999	0.998	0.993	0.979	0.957	0.922	0.901	0.855	0.848	0.8	0.734	0.704	0.614	0.625	0.603	0.515	0.504	0.478	0.443	0.418	0.36	0.337	0.365	0.281	0.269	0.27	0.267	0.267	0.204	0.212	0.198	0.189	0.155	0.133	0.129	0.134	0.109	0.137	0.117	0.099	0.087	0.069	0.062	0.057	0.061	0.047	0.055	0.049	0.046	0.048	0.036	0.034	0.026	0.032	0.033	0.03	0.029	0.02	0.022	0.017	0.023	0.012	0.013	0.017	0.014	0.016	0.008	0.015	0.011	0.012	0.01	0.005	0.012	0.012	0.005	0.005	0.011	0.012	0.01	0.01	0.003	0.003	0.005	0.006	0.006	0.004	0.009	0.008	0.004	0.006	0.004	
1	1	1	1	1	1	1	1	1	1	1	1	1	1	1	1	1	1	1	1	1	1	1	1	1	1	1	1	1	1	1	1	1	1	1	1	1	0.999	0.997	0.997	0.992	0.988	0.955	0.928	0.897	0.84	0.777	0.685	0.579	0.499	0.397	0.307	0.267	0.196	0.147	0.097	0.073	0.051	0.035	0.025	0.023	0.014	0.009	0.004	0.002	0.005	0.001	0	0.001	0.001	0	0	0	0	0.001	0	0	0	0	0	0	0	0	0	0	0	0	0	0	0	0	0	0	0	0	0	0	0	0	0	
1	1	1	1	1	1	1	1	1	1	1	1	1	1	1	1	0.998	0.998	0.99	0.981	0.983	0.963	0.947	0.92	0.894	0.797	0.733	0.677	0.577	0.496	0.431	0.325	0.237	0.201	0.149	0.111	0.065	0.042	0.044	0.026	0.013	0.008	0.006	0.004	0.002	0.001	0.002	0	0	0	0	0	0	0	0	0	0	0	0	0	0	0	0	0	0	0	0	0	0	0	0	0	0	0	0	0	0	0	0	0	0	0	0	0	0	0	0	0	0	0	0	0	0	0	0	0	0	0	0	0	
1	1	1	1	1	1	1	1	1	1	1	1	0.999	1	0.999	0.997	0.997	0.999	0.991	0.986	0.981	0.961	0.955	0.934	0.915	0.908	0.874	0.838	0.824	0.757	0.725	0.674	0.612	0.556	0.527	0.442	0.395	0.329	0.286	0.259	0.209	0.173	0.158	0.13	0.1	0.09	0.073	0.047	0.052	0.043	0.027	0.025	0.016	0.011	0.015	0.007	0.008	0.007	0.003	0.004	0.005	0.005	0	0.003	0.001	0.001	0	0.002	0.001	0	0.001	0	0.001	0	0	0	0	0	0	0	0	0	0	0	0	0	0	0	0	0	0	0	0	0	0	0	0	0	0	0	
1	1	1	1	1	1	1	1	1	1	1	1	1	1	1	1	1	1	1	1	1	1	1	0.999	1	1	1	0.998	0.999	0.999	0.995	0.987	0.977	0.973	0.967	0.95	0.933	0.907	0.862	0.806	0.722	0.702	0.668	0.593	0.511	0.47	0.42	0.359	0.303	0.245	0.197	0.187	0.161	0.114	0.1	0.071	0.064	0.047	0.042	0.046	0.02	0.016	0.016	0.012	0.008	0.01	0.007	0.005	0.006	0.007	0.004	0.003	0	0.001	0	0.001	0	0	0	0	0.001	0	0	0	0.001	0	0	0	0	0	0	0	0	0	0	0	0	0	0	0	
1	1	1	1	1	1	1	1	1	1	1	1	1	1	1	1	1	1	1	1	1	1	1	1	1	1	1	1	0.998	0.998	0.997	0.992	0.99	0.969	0.952	0.939	0.912	0.855	0.776	0.677	0.578	0.44	0.346	0.261	0.184	0.129	0.089	0.039	0.032	0.014	0.009	0.003	0.001	0	0.001	0.002	0	0	0	0	0	0	0	0	0	0	0	0	0	0	0	0	0	0	0	0	0	0	0	0	0	0	0	0	0	0	0	0	0	0	0	0	0	0	0	0	0	0	0	0	
1	1	1	1	1	0.999	0.992	0.989	0.988	0.982	0.99	0.978	0.986	0.985	0.987	0.983	0.987	0.987	0.985	0.983	0.979	0.976	0.987	0.982	0.983	0.984	0.981	0.982	0.984	0.977	0.983	0.984	0.979	0.989	0.988	0.977	0.987	0.983	0.976	0.987	0.983	0.98	0.984	0.982	0.982	0.981	0.976	0.981	0.98	0.982	0.984	0.989	0.983	0.982	0.98	0.986	0.987	0.988	0.987	0.983	0.989	0.986	0.985	0.985	0.982	0.984	0.992	0.991	0.996	0.996	0.99	0.989	0.99	0.989	0.99	0.991	0.994	0.989	0.99	0.994	0.99	0.998	0.993	0.989	0.996	0.994	0.991	0.992	0.993	0.992	0.99	0.995	0.998	0.996	0.998	0.993	0.994	0.994	0.996	0.995	
1	1	1	1	1	1	1	1	1	1	1	1	0.999	0.999	0.997	0.996	0.996	0.99	0.991	0.981	0.976	0.964	0.96	0.951	0.955	0.937	0.925	0.933	0.927	0.921	0.919	0.912	0.874	0.876	0.87	0.854	0.849	0.81	0.807	0.792	0.769	0.749	0.704	0.694	0.675	0.63	0.599	0.562	0.495	0.49	0.469	0.435	0.391	0.369	0.342	0.295	0.295	0.232	0.239	0.201	0.199	0.165	0.143	0.147	0.123	0.106	0.088	0.092	0.088	0.073	0.058	0.06	0.048	0.028	0.042	0.019	0.022	0.026	0.024	0.017	0.02	0.013	0.009	0.014	0.009	0.01	0.007	0.007	0.008	0.006	0.005	0.002	0.001	0.008	0.002	0.006	0.002	0.002	0.001	0.001	
1	1	1	1	1	0.999	0.994	0.98	0.975	0.942	0.917	0.9	0.873	0.871	0.879	0.863	0.864	0.853	0.864	0.873	0.878	0.879	0.866	0.878	0.874	0.837	0.816	0.792	0.767	0.766	0.736	0.71	0.683	0.698	0.667	0.641	0.624	0.632	0.618	0.569	0.583	0.552	0.559	0.535	0.535	0.498	0.511	0.506	0.478	0.459	0.422	0.407	0.411	0.386	0.36	0.35	0.3	0.311	0.305	0.305	0.285	0.26	0.248	0.242	0.227	0.235	0.216	0.191	0.155	0.182	0.157	0.161	0.13	0.132	0.103	0.131	0.1	0.091	0.1	0.085	0.083	0.076	0.075	0.065	0.075	0.075	0.052	0.054	0.05	0.053	0.042	0.046	0.032	0.036	0.027	0.024	0.025	0.032	0.028	0.022	
1	1	1	1	1	1	1	1	1	1	1	1	1	1	1	1	1	1	1	0.999	0.999	0.997	0.996	0.997	0.991	0.974	0.96	0.869	0.794	0.636	0.463	0.308	0.202	0.085	0.047	0.026	0.007	0.004	0	0.002	0.001	0	0	0	0	0	0	0	0	0	0	0	0	0	0	0	0	0	0	0	0	0	0	0	0	0	0	0	0	0	0	0	0	0	0	0	0	0	0	0	0	0	0	0	0	0	0	0	0	0	0	0	0	0	0	0	0	0	0	0	
1	1	1	1	1	1	1	1	1	0.996	0.999	0.99	0.978	0.96	0.934	0.91	0.888	0.874	0.833	0.815	0.783	0.758	0.741	0.708	0.69	0.687	0.686	0.677	0.654	0.635	0.632	0.589	0.578	0.564	0.515	0.519	0.52	0.508	0.459	0.483	0.43	0.423	0.435	0.387	0.369	0.386	0.333	0.319	0.334	0.284	0.28	0.301	0.238	0.252	0.233	0.215	0.221	0.196	0.178	0.19	0.182	0.145	0.163	0.138	0.123	0.105	0.125	0.122	0.119	0.118	0.098	0.097	0.092	0.088	0.084	0.077	0.065	0.082	0.076	0.064	0.068	0.062	0.069	0.065	0.05	0.057	0.06	0.047	0.054	0.041	0.048	0.044	0.056	0.05	0.041	0.035	0.048	0.039	0.041	0.038	
1	1	1	1	1	1	1	1	1	1	1	1	1	1	1	1	1	1	1	0.998	1	0.999	0.999	0.998	0.997	0.986	0.968	0.928	0.893	0.833	0.753	0.649	0.539	0.416	0.358	0.275	0.189	0.144	0.108	0.069	0.048	0.026	0.031	0.021	0.007	0.007	0.003	0	0.002	0	0	0	0.001	0	0	0	0	0	0	0	0	0	0	0	0	0	0	0	0	0	0	0	0	0	0	0	0	0	0	0	0	0	0	0	0	0	0	0	0	0	0	0	0	0	0	0	0	0	0	0	
1	1	1	1	1	1	1	1	1	1	1	1	1	1	1	1	1	0.999	0.995	0.994	0.992	0.988	0.976	0.971	0.957	0.945	0.921	0.901	0.867	0.855	0.818	0.777	0.754	0.713	0.681	0.639	0.634	0.585	0.54	0.528	0.513	0.472	0.496	0.434	0.415	0.391	0.406	0.417	0.383	0.381	0.356	0.345	0.382	0.331	0.323	0.333	0.317	0.298	0.332	0.294	0.313	0.294	0.303	0.298	0.295	0.303	0.282	0.289	0.285	0.27	0.273	0.25	0.256	0.282	0.239	0.235	0.263	0.246	0.21	0.237	0.219	0.209	0.214	0.199	0.204	0.177	0.186	0.172	0.186	0.146	0.164	0.147	0.137	0.156	0.128	0.129	0.107	0.121	0.102	0.12	
1	1	1	1	1	1	1	0.999	0.998	0.989	0.966	0.929	0.856	0.769	0.68	0.584	0.488	0.419	0.378	0.372	0.31	0.286	0.273	0.256	0.217	0.223	0.191	0.189	0.165	0.162	0.174	0.137	0.151	0.129	0.115	0.112	0.09	0.081	0.065	0.068	0.042	0.042	0.033	0.031	0.025	0.015	0.018	0.011	0.015	0.007	0.007	0.005	0.002	0.003	0.004	0	0	0.002	0.001	0	0	0	0	0	0	0	0	0	0	0	0	0	0	0	0	0	0	0	0	0	0	0	0	0	0	0	0	0	0	0	0	0	0	0	0	0	0	0	0	0	
