1	1	1	1	1	1	1	1	1	1	1	1	1	1	1	1	1	1	1	1	0.998	0.997	0.995	0.995	0.988	0.967	0.973	0.95	0.938	0.897	0.89	0.848	0.809	0.777	0.751	0.696	0.653	0.616	0.575	0.539	0.511	0.476	0.44	0.408	0.385	0.376	0.321	0.31	0.269	0.252	0.231	0.218	0.203	0.171	0.174	0.143	0.129	0.121	0.104	0.099	0.079	0.076	0.06	0.065	0.044	0.059	0.03	0.029	0.024	0.024	0.014	0.006	0.01	0.004	0.005	0.003	0.001	0.001	0	0	0	0	0	0	0.001	0	0	0	0	0	0	0	0	0	0	0	0	0	0	0	
1	1	1	1	1	1	1	1	0.999	0.999	0.999	0.996	0.989	0.978	0.954	0.883	0.838	0.781	0.681	0.549	0.516	0.42	0.338	0.267	0.193	0.144	0.118	0.099	0.082	0.048	0.047	0.036	0.02	0.015	0.021	0.011	0.016	0.013	0.009	0.006	0.002	0.002	0.001	0.005	0.002	0.003	0.001	0.002	0	0	0.001	0	0	0	0	0.001	0	0.001	0	0	0.001	0	0	0	0.002	0	0	0	0	0	0	0	0	0	0	0	0	0	0	0	0	0	0	0	0	0	0	0	0	0	0	0	0	0	0	0	0	0	0	0	
1	1	1	1	1	1	1	1	1	1	1	1	1	1	1	1	1	1	1	1	1	1	1	0.999	0.998	0.995	0.994	0.988	0.973	0.956	0.939	0.912	0.858	0.817	0.777	0.722	0.688	0.639	0.577	0.54	0.507	0.482	0.46	0.452	0.421	0.402	0.416	0.392	0.39	0.388	0.398	0.41	0.408	0.397	0.435	0.409	0.446	0.442	0.461	0.486	0.473	0.496	0.519	0.491	0.546	0.528	0.541	0.551	0.559	0.572	0.58	0.57	0.589	0.582	0.56	0.575	0.576	0.555	0.572	0.502	0.509	0.5	0.492	0.455	0.442	0.428	0.386	0.361	0.35	0.308	0.277	0.24	0.241	0.196	0.181	0.15	0.152	0.125	0.091	0.098	
1	1	1	1	1	1	1	1	1	1	1	1	1	1	1	1	0.999	0.997	0.994	0.997	0.993	0.991	0.978	0.975	0.964	0.961	0.938	0.94	0.914	0.92	0.906	0.873	0.863	0.83	0.812	0.772	0.776	0.734	0.703	0.683	0.667	0.598	0.555	0.522	0.492	0.46	0.413	0.397	0.349	0.349	0.309	0.265	0.223	0.213	0.204	0.203	0.148	0.145	0.13	0.116	0.119	0.104	0.093	0.075	0.065	0.054	0.062	0.062	0.044	0.039	0.036	0.034	0.026	0.032	0.021	0.023	0.02	0.02	0.016	0.017	0.013	0.011	0.009	0.007	0.007	0.009	0.009	0.005	0.005	0.005	0.001	0.001	0.001	0	0.001	0	0	0	0.001	0.002	
1	1	1	1	1	1	1	1	1	1	1	1	1	1	1	1	1	1	1	1	1	1	1	1	1	1	1	0.999	1	1	1	1	0.998	0.997	0.99	0.987	0.976	0.975	0.957	0.954	0.913	0.883	0.858	0.824	0.802	0.724	0.67	0.617	0.552	0.486	0.396	0.352	0.268	0.22	0.173	0.141	0.094	0.091	0.064	0.03	0.029	0.023	0.01	0.011	0.006	0.001	0.002	0.002	0	0	0.001	0	0	0	0	0	0	0	0	0	0	0	0	0	0	0	0	0	0	0	0	0	0	0	0	0	0	0	0	0	
1	1	1	1	1	1	1	1	1	1	1	1	1	1	1	1	1	1	1	1	1	1	1	1	1	1	1	1	1	1	1	1	1	1	1	1	1	1	1	1	1	1	1	1	1	1	1	1	1	1	1	1	1	1	1	1	1	1	1	1	1	1	1	1	1	1	0.999	1	1	1	0.999	1	1	0.999	1	0.996	1	0.998	1	0.996	0.995	0.997	0.996	0.994	0.989	0.991	0.988	0.989	0.989	0.987	0.978	0.98	0.974	0.97	0.969	0.951	0.942	0.942	0.923	0.905	
1	1	1	1	1	1	1	1	1	1	1	1	1	1	1	1	1	1	1	1	1	1	1	1	1	1	1	1	1	1	1	1	1	1	1	1	1	1	1	0.999	0.999	0.999	1	0.998	0.999	0.997	0.998	0.995	0.996	0.996	0.993	0.996	0.993	0.988	0.993	0.985	0.986	0.982	0.963	0.961	0.966	0.949	0.949	0.932	0.896	0.891	0.882	0.853	0.828	0.795	0.75	0.697	0.66	0.593	0.517	0.515	0.39	0.329	0.283	0.236	0.183	0.15	0.125	0.091	0.082	0.048	0.035	0.028	0.021	0.017	0.008	0.009	0.01	0.001	0	0.003	0.003	0.001	0	0	
1	1	1	1	1	1	1	1	1	1	1	1	1	1	1	1	1	1	1	1	1	1	1	1	1	1	1	1	1	1	1	1	1	1	1	1	1	1	0.999	1	1	1	0.999	0.999	1	0.998	1	0.999	0.998	0.995	0.992	0.991	0.995	0.987	0.986	0.983	0.984	0.969	0.972	0.971	0.955	0.957	0.934	0.927	0.917	0.915	0.895	0.876	0.844	0.851	0.831	0.811	0.785	0.753	0.733	0.719	0.712	0.691	0.656	0.637	0.592	0.575	0.557	0.525	0.488	0.465	0.48	0.433	0.421	0.386	0.372	0.356	0.299	0.307	0.286	0.252	0.221	0.198	0.191	0.169	
1	1	1	1	1	1	1	1	1	1	1	0.998	0.996	0.982	0.968	0.948	0.922	0.898	0.847	0.816	0.819	0.761	0.71	0.656	0.61	0.629	0.534	0.499	0.449	0.442	0.39	0.356	0.324	0.296	0.284	0.245	0.218	0.22	0.21	0.163	0.168	0.166	0.137	0.117	0.127	0.128	0.118	0.114	0.105	0.086	0.075	0.09	0.097	0.083	0.088	0.066	0.08	0.07	0.069	0.064	0.082	0.064	0.075	0.074	0.068	0.07	0.066	0.058	0.062	0.045	0.042	0.043	0.036	0.019	0.026	0.021	0.017	0.01	0.006	0.006	0.003	0.002	0.003	0.003	0.001	0	0.002	0	0	0	0	0	0	0	0	0	0	0	0	0	
1	1	1	1	1	1	1	1	1	0.998	0.987	0.98	0.98	0.96	0.943	0.934	0.916	0.9	0.912	0.905	0.888	0.903	0.878	0.844	0.819	0.803	0.784	0.751	0.689	0.646	0.593	0.555	0.453	0.446	0.357	0.317	0.278	0.244	0.192	0.185	0.13	0.098	0.081	0.073	0.073	0.056	0.036	0.029	0.018	0.015	0.014	0.015	0.013	0.006	0.013	0.002	0.006	0.002	0.002	0.004	0.002	0.001	0	0.001	0.001	0.001	0.001	0.001	0	0	0	0	0.001	0	0	0	0	0	0	0	0	0	0	0	0	0	0	0	0	0	0	0	0	0	0	0	0	0	0	0	
1	1	1	1	1	1	1	1	1	1	1	1	1	1	1	1	1	1	1	1	1	1	1	1	1	1	1	1	1	1	1	1	1	1	1	1	1	1	1	1	1	1	1	1	1	1	1	1	1	1	1	1	1	0.997	1	0.999	1	1	0.997	0.992	0.994	0.995	0.985	0.987	0.973	0.981	0.973	0.965	0.955	0.945	0.935	0.904	0.904	0.875	0.886	0.843	0.798	0.758	0.752	0.737	0.706	0.668	0.673	0.601	0.57	0.535	0.52	0.486	0.441	0.404	0.358	0.323	0.277	0.262	0.223	0.202	0.166	0.14	0.127	0.096	
1	1	1	1	1	1	1	1	1	1	1	1	1	1	1	1	1	0.999	0.999	0.993	0.991	0.982	0.96	0.921	0.901	0.842	0.769	0.693	0.647	0.578	0.518	0.448	0.397	0.365	0.314	0.283	0.233	0.19	0.159	0.158	0.144	0.103	0.122	0.093	0.075	0.094	0.082	0.086	0.064	0.057	0.057	0.048	0.053	0.06	0.049	0.051	0.039	0.037	0.032	0.046	0.037	0.049	0.045	0.042	0.031	0.042	0.042	0.045	0.031	0.045	0.034	0.028	0.032	0.035	0.032	0.036	0.033	0.03	0.02	0.029	0.024	0.022	0.018	0.007	0.015	0.007	0.01	0.009	0.006	0.003	0.001	0.003	0	0.002	0	0	0	0	0	0	
1	1	1	1	1	1	1	1	0.999	0.997	0.993	0.989	0.969	0.962	0.929	0.893	0.867	0.831	0.774	0.73	0.68	0.624	0.579	0.495	0.467	0.431	0.362	0.334	0.267	0.221	0.207	0.146	0.139	0.108	0.093	0.067	0.042	0.037	0.033	0.018	0.016	0.015	0.005	0.007	0.006	0.002	0.002	0.001	0.001	0	0	0.001	0	0	0	0	0	0	0	0	0	0	0	0	0	0	0	0	0	0	0	0	0	0	0	0	0	0	0	0	0	0	0	0	0	0	0	0	0	0	0	0	0	0	0	0	0	0	0	0	
1	1	1	1	1	1	1	1	1	1	1	1	1	1	1	1	1	1	1	1	1	1	1	1	1	1	1	1	1	1	1	1	1	1	1	1	1	1	1	1	1	1	1	1	1	1	1	1	1	1	1	1	1	1	1	1	1	1	1	1	1	1	1	1	1	1	1	1	1	1	1	1	1	1	1	1	1	1	1	1	1	1	1	1	1	1	1	1	1	1	1	1	1	1	1	1	1	1	1	1	
1	1	1	1	1	1	1	1	1	1	1	1	1	1	1	1	1	1	1	1	1	1	1	1	1	1	1	1	1	1	1	1	1	1	1	1	1	1	1	1	1	0.999	0.999	0.999	0.999	0.996	0.998	1	0.998	0.999	0.997	0.994	0.993	0.99	0.992	0.992	0.983	0.979	0.978	0.976	0.972	0.966	0.959	0.958	0.945	0.957	0.939	0.913	0.919	0.905	0.908	0.865	0.85	0.839	0.811	0.801	0.774	0.786	0.715	0.747	0.696	0.653	0.617	0.613	0.593	0.578	0.504	0.48	0.438	0.432	0.381	0.365	0.319	0.321	0.289	0.254	0.259	0.221	0.189	0.167	
1	1	1	1	1	1	1	1	1	1	1	1	1	1	1	0.999	0.999	0.999	0.994	0.992	0.988	0.985	0.986	0.971	0.974	0.963	0.952	0.945	0.921	0.918	0.919	0.897	0.868	0.844	0.832	0.831	0.802	0.804	0.784	0.751	0.735	0.713	0.703	0.701	0.696	0.657	0.641	0.625	0.649	0.607	0.591	0.626	0.628	0.559	0.541	0.538	0.551	0.521	0.534	0.543	0.538	0.538	0.531	0.496	0.495	0.479	0.5	0.504	0.478	0.469	0.487	0.464	0.488	0.493	0.443	0.461	0.429	0.436	0.459	0.456	0.439	0.424	0.421	0.433	0.416	0.442	0.447	0.432	0.436	0.384	0.421	0.414	0.446	0.423	0.422	0.403	0.42	0.428	0.407	0.401	
1	1	1	1	1	1	1	1	1	1	1	1	1	1	1	1	1	1	1	1	1	1	1	1	1	1	1	1	1	1	1	1	1	1	1	1	1	1	1	1	1	1	1	1	1	1	1	1	1	1	1	0.999	1	0.999	0.999	1	0.999	0.999	1	0.997	0.998	0.997	0.998	0.995	0.994	0.993	0.991	0.998	0.989	0.994	0.986	0.985	0.984	0.987	0.976	0.961	0.963	0.965	0.953	0.961	0.951	0.938	0.924	0.946	0.912	0.918	0.911	0.913	0.874	0.879	0.882	0.881	0.906	0.879	0.872	0.848	0.849	0.859	0.843	0.825	
1	1	1	1	1	1	1	1	1	1	1	1	1	1	1	1	0.998	0.99	0.996	0.983	0.969	0.968	0.937	0.924	0.876	0.826	0.8	0.757	0.722	0.655	0.605	0.534	0.49	0.41	0.406	0.362	0.293	0.256	0.235	0.184	0.159	0.144	0.112	0.112	0.082	0.076	0.061	0.057	0.044	0.038	0.028	0.028	0.025	0.023	0.023	0.012	0.012	0.01	0.011	0.01	0.003	0.01	0.002	0.003	0.006	0.001	0.003	0.002	0	0.001	0	0	0.001	0.003	0	0	0.002	0.002	0.004	0.001	0	0	0	0	0	0.001	0.001	0.003	0	0.001	0	0.001	0	0.001	0.001	0	0	0	0.001	0.001	
1	1	1	1	1	1	1	1	1	1	1	1	1	1	1	1	1	1	1	1	0.998	1	0.999	0.997	0.992	0.99	0.973	0.964	0.951	0.935	0.891	0.866	0.795	0.77	0.701	0.679	0.625	0.587	0.537	0.503	0.424	0.379	0.366	0.294	0.272	0.245	0.213	0.187	0.144	0.117	0.106	0.08	0.078	0.075	0.057	0.052	0.048	0.043	0.04	0.026	0.025	0.023	0.02	0.017	0.01	0.014	0.007	0.008	0.003	0.005	0.005	0.004	0.004	0.001	0.004	0.001	0.002	0.004	0.001	0	0.004	0	0	0	0.002	0.001	0	0	0	0	0.001	0	0	0.001	0	0	0	0	0	0	
1	1	1	1	1	1	1	1	1	1	1	1	1	1	1	1	1	1	1	1	1	1	1	1	1	1	1	1	1	1	1	1	1	1	1	1	1	1	1	1	1	0.999	1	1	1	1	1	1	0.998	1	0.999	0.997	0.997	0.996	0.987	0.987	0.986	0.974	0.965	0.954	0.918	0.893	0.846	0.828	0.775	0.722	0.641	0.602	0.51	0.412	0.341	0.308	0.246	0.17	0.146	0.101	0.096	0.065	0.044	0.021	0.024	0.009	0.008	0.007	0.005	0.001	0.001	0	0	0.002	0	0.001	0	0	0	0	0	0	0	0	
1	1	1	1	1	1	1	1	1	1	1	1	1	1	1	1	1	1	1	1	1	1	1	0.999	0.999	0.999	0.995	0.995	0.989	0.995	0.99	0.988	0.982	0.978	0.965	0.958	0.962	0.952	0.931	0.93	0.911	0.909	0.876	0.843	0.834	0.811	0.772	0.708	0.732	0.667	0.615	0.557	0.533	0.514	0.473	0.417	0.399	0.339	0.29	0.266	0.255	0.186	0.17	0.149	0.115	0.097	0.073	0.057	0.05	0.033	0.021	0.02	0.013	0.011	0.007	0.005	0.002	0.003	0.002	0.001	0	0.001	0.001	0	0.001	0	0	0	0	0	0	0	0	0	0	0	0	0	0	0	
1	1	1	1	1	1	1	1	1	1	0.999	1	1	0.998	0.998	0.99	0.988	0.985	0.986	0.972	0.98	0.968	0.959	0.953	0.957	0.951	0.945	0.934	0.897	0.892	0.849	0.809	0.782	0.72	0.673	0.638	0.595	0.559	0.482	0.445	0.406	0.371	0.374	0.343	0.318	0.322	0.276	0.289	0.27	0.268	0.252	0.265	0.252	0.249	0.235	0.244	0.237	0.255	0.235	0.261	0.272	0.274	0.262	0.289	0.294	0.302	0.335	0.319	0.327	0.353	0.38	0.344	0.426	0.435	0.422	0.496	0.448	0.489	0.492	0.483	0.487	0.505	0.5	0.482	0.468	0.501	0.474	0.424	0.428	0.38	0.367	0.325	0.307	0.317	0.243	0.243	0.188	0.175	0.156	0.124	
1	1	1	1	1	1	1	1	1	1	1	1	1	1	1	1	1	1	0.997	0.997	0.992	0.991	0.965	0.964	0.92	0.907	0.887	0.82	0.794	0.747	0.674	0.637	0.558	0.536	0.488	0.448	0.418	0.368	0.371	0.327	0.281	0.256	0.233	0.197	0.201	0.171	0.155	0.136	0.137	0.112	0.083	0.089	0.052	0.06	0.052	0.031	0.03	0.019	0.024	0.013	0.013	0.006	0.006	0.003	0	0.004	0.002	0	0	0	0	0.001	0	0	0	0	0	0	0	0	0	0	0	0	0	0	0	0	0	0	0	0	0	0	0	0	0	0	0	0	
1	1	1	1	1	1	1	1	1	1	1	1	1	0.999	0.993	0.994	0.995	0.991	0.985	0.992	0.983	0.984	0.969	0.939	0.899	0.869	0.79	0.705	0.57	0.498	0.402	0.317	0.236	0.18	0.153	0.111	0.076	0.064	0.052	0.055	0.037	0.029	0.028	0.011	0.021	0.019	0.008	0.009	0.01	0.01	0.008	0.012	0.017	0.017	0.016	0.02	0.015	0.019	0.024	0.02	0.026	0.026	0.048	0.063	0.073	0.091	0.104	0.12	0.179	0.193	0.231	0.292	0.353	0.38	0.424	0.487	0.578	0.594	0.706	0.712	0.775	0.798	0.853	0.908	0.892	0.935	0.944	0.95	0.972	0.978	0.981	0.982	0.994	0.986	0.995	0.998	0.997	0.999	0.998	0.999	
1	1	1	1	1	1	1	1	1	1	1	1	1	1	1	1	1	1	1	1	1	1	1	1	1	1	1	1	1	1	1	1	1	1	1	1	1	1	1	1	1	1	1	1	1	1	1	1	1	1	1	1	1	1	1	1	1	1	1	1	1	1	1	1	1	1	1	1	1	1	1	1	1	1	1	1	1	1	1	1	1	1	1	1	1	1	1	1	1	1	1	1	1	1	1	1	1	1	1	1	
1	1	1	1	1	1	1	1	1	1	1	1	1	1	1	1	1	1	1	1	1	1	1	1	1	1	1	0.999	1	1	0.998	0.998	0.996	0.995	0.986	0.989	0.973	0.972	0.962	0.933	0.924	0.893	0.854	0.795	0.754	0.695	0.642	0.576	0.491	0.446	0.394	0.34	0.278	0.254	0.209	0.177	0.133	0.109	0.089	0.082	0.059	0.049	0.036	0.028	0.025	0.016	0.018	0.023	0.021	0.013	0.014	0.006	0.005	0.01	0.005	0.005	0.006	0.001	0.006	0.005	0.005	0.004	0.002	0.002	0.001	0.001	0.003	0.003	0.001	0	0	0	0	0	0	0	0	0	0	0	
1	1	1	1	1	1	1	0.999	0.996	0.986	0.963	0.931	0.921	0.883	0.827	0.788	0.763	0.709	0.71	0.632	0.592	0.58	0.597	0.539	0.549	0.534	0.529	0.524	0.526	0.511	0.485	0.491	0.492	0.5	0.454	0.461	0.46	0.439	0.462	0.4	0.396	0.387	0.362	0.379	0.315	0.284	0.301	0.254	0.232	0.23	0.186	0.187	0.136	0.134	0.105	0.106	0.075	0.06	0.064	0.047	0.05	0.034	0.029	0.026	0.021	0.014	0.01	0.008	0.002	0.004	0.001	0	0.002	0.001	0	0	0	0	0	0	0	0	0	0	0	0	0	0	0	0	0	0	0	0	0	0	0	0	0	0	
1	1	1	1	1	1	1	1	1	1	1	1	1	1	1	1	1	1	1	1	1	1	1	1	1	1	1	1	1	1	1	1	1	1	1	1	1	1	1	1	1	1	1	1	1	1	1	1	1	1	1	1	0.999	0.999	1	1	0.999	0.998	0.999	0.995	0.99	0.98	0.977	0.968	0.959	0.951	0.94	0.9	0.889	0.876	0.822	0.771	0.743	0.692	0.653	0.624	0.569	0.512	0.493	0.422	0.354	0.326	0.307	0.236	0.212	0.2	0.138	0.127	0.1	0.101	0.076	0.062	0.049	0.039	0.027	0.016	0.016	0.005	0.016	0.008	
1	1	1	1	1	1	1	1	1	1	1	1	1	1	1	1	1	1	1	1	1	1	1	1	1	1	1	1	1	0.999	0.999	0.999	0.995	0.992	0.983	0.967	0.961	0.953	0.926	0.904	0.869	0.828	0.791	0.732	0.688	0.65	0.568	0.557	0.528	0.451	0.422	0.4	0.343	0.35	0.298	0.266	0.248	0.242	0.188	0.169	0.176	0.149	0.128	0.113	0.109	0.098	0.1	0.087	0.068	0.071	0.074	0.069	0.053	0.073	0.065	0.05	0.04	0.048	0.048	0.037	0.029	0.036	0.036	0.028	0.024	0.015	0.022	0.017	0.018	0.011	0.008	0.012	0.004	0.005	0.005	0.006	0.004	0.002	0.001	0	
1	1	1	1	1	1	1	1	1	1	1	1	1	1	1	1	1	1	1	1	1	1	1	1	1	1	1	1	1	1	1	1	1	0.999	1	1	1	0.999	0.999	1	1	0.999	0.998	0.998	0.997	0.998	0.995	0.992	0.995	0.995	0.991	0.986	0.992	0.982	0.984	0.983	0.977	0.967	0.979	0.971	0.962	0.962	0.961	0.942	0.945	0.946	0.945	0.923	0.926	0.921	0.919	0.905	0.912	0.915	0.897	0.891	0.896	0.859	0.877	0.876	0.858	0.867	0.84	0.783	0.815	0.785	0.764	0.729	0.73	0.704	0.669	0.603	0.539	0.542	0.499	0.457	0.437	0.402	0.311	0.294	
1	1	1	1	1	1	1	1	1	1	1	1	1	1	0.999	0.999	0.998	0.996	0.987	0.989	0.984	0.966	0.973	0.956	0.934	0.915	0.86	0.862	0.808	0.771	0.73	0.673	0.606	0.572	0.515	0.481	0.416	0.377	0.349	0.295	0.277	0.256	0.234	0.217	0.196	0.17	0.151	0.142	0.138	0.116	0.111	0.11	0.087	0.075	0.085	0.073	0.067	0.07	0.078	0.059	0.071	0.067	0.057	0.054	0.055	0.071	0.071	0.06	0.052	0.057	0.049	0.046	0.039	0.043	0.034	0.051	0.05	0.054	0.037	0.037	0.024	0.035	0.028	0.027	0.024	0.018	0.015	0.01	0.009	0.008	0.006	0.004	0.006	0.003	0.002	0.002	0.001	0	0.002	0.001	
1	1	1	1	1	1	1	1	1	1	1	1	1	1	1	1	1	1	1	1	1	1	1	1	1	1	1	1	1	1	1	1	1	0.998	0.999	0.998	0.998	0.996	0.992	0.978	0.961	0.954	0.947	0.917	0.892	0.837	0.836	0.793	0.774	0.722	0.69	0.662	0.641	0.62	0.563	0.545	0.54	0.512	0.515	0.488	0.48	0.462	0.447	0.464	0.442	0.427	0.418	0.42	0.432	0.457	0.391	0.419	0.424	0.404	0.405	0.364	0.374	0.381	0.33	0.327	0.311	0.297	0.261	0.26	0.229	0.204	0.198	0.171	0.158	0.132	0.118	0.08	0.077	0.073	0.063	0.04	0.049	0.03	0.032	0.029	
1	1	1	1	1	1	1	1	1	1	1	0.999	0.998	0.993	0.991	0.977	0.975	0.968	0.964	0.933	0.923	0.885	0.881	0.876	0.854	0.848	0.789	0.795	0.743	0.749	0.726	0.715	0.689	0.684	0.69	0.646	0.679	0.637	0.637	0.639	0.64	0.625	0.599	0.621	0.625	0.616	0.617	0.639	0.62	0.644	0.653	0.621	0.628	0.617	0.641	0.632	0.66	0.643	0.653	0.662	0.659	0.655	0.666	0.669	0.658	0.682	0.682	0.719	0.73	0.726	0.727	0.709	0.71	0.716	0.71	0.717	0.693	0.663	0.617	0.596	0.581	0.501	0.492	0.442	0.39	0.322	0.301	0.234	0.2	0.161	0.131	0.094	0.092	0.072	0.046	0.029	0.029	0.035	0.019	0.012	
1	1	1	1	1	1	1	0.999	0.994	0.976	0.912	0.86	0.727	0.596	0.499	0.387	0.265	0.212	0.146	0.104	0.072	0.057	0.045	0.022	0.024	0.009	0.007	0.004	0.004	0.005	0.006	0.002	0.002	0	0.001	0	0	0.001	0	0	0	0	0	0	0	0	0	0	0	0	0	0	0	0	0	0	0	0	0	0	0	0	0	0	0	0	0	0	0	0	0	0	0	0	0	0	0	0	0	0	0	0	0	0	0	0	0	0	0	0	0	0	0	0	0	0	0	0	0	0	
1	1	1	1	1	0.998	0.997	0.996	0.986	0.986	0.982	0.961	0.963	0.949	0.929	0.929	0.9	0.894	0.888	0.887	0.873	0.858	0.827	0.826	0.845	0.807	0.801	0.801	0.776	0.788	0.77	0.787	0.762	0.739	0.738	0.738	0.745	0.722	0.708	0.71	0.73	0.695	0.717	0.695	0.669	0.692	0.71	0.681	0.661	0.674	0.639	0.622	0.68	0.632	0.652	0.643	0.638	0.644	0.674	0.626	0.631	0.618	0.596	0.612	0.63	0.596	0.631	0.614	0.635	0.584	0.571	0.587	0.591	0.587	0.548	0.55	0.534	0.51	0.489	0.474	0.436	0.403	0.361	0.313	0.285	0.269	0.237	0.195	0.167	0.144	0.113	0.088	0.065	0.049	0.041	0.026	0.017	0.011	0.009	0.01	
1	0.997	0.98	0.971	0.93	0.905	0.876	0.863	0.81	0.761	0.743	0.684	0.634	0.585	0.508	0.498	0.435	0.404	0.386	0.364	0.313	0.317	0.305	0.293	0.285	0.285	0.256	0.282	0.308	0.32	0.302	0.287	0.329	0.364	0.38	0.393	0.433	0.439	0.465	0.485	0.522	0.558	0.594	0.627	0.669	0.663	0.705	0.752	0.726	0.751	0.795	0.796	0.821	0.822	0.842	0.832	0.852	0.869	0.877	0.875	0.886	0.885	0.905	0.896	0.885	0.892	0.909	0.906	0.917	0.903	0.938	0.904	0.929	0.917	0.92	0.932	0.922	0.904	0.877	0.879	0.86	0.856	0.828	0.816	0.77	0.735	0.689	0.666	0.63	0.572	0.516	0.463	0.448	0.383	0.335	0.293	0.273	0.239	0.208	0.184	
1	1	1	1	1	1	1	0.999	0.989	0.993	0.973	0.976	0.961	0.954	0.955	0.947	0.924	0.911	0.915	0.899	0.876	0.863	0.853	0.828	0.811	0.785	0.729	0.727	0.694	0.657	0.644	0.584	0.534	0.505	0.459	0.403	0.359	0.293	0.268	0.228	0.177	0.15	0.131	0.096	0.063	0.046	0.044	0.039	0.023	0.026	0.017	0.006	0.01	0.006	0.004	0.001	0.002	0.006	0.007	0.002	0.003	0.01	0.006	0.003	0.008	0.006	0.012	0.008	0.006	0.015	0.026	0.016	0.025	0.029	0.022	0.028	0.042	0.045	0.051	0.07	0.08	0.078	0.084	0.141	0.128	0.157	0.198	0.207	0.227	0.258	0.307	0.311	0.396	0.419	0.447	0.495	0.536	0.581	0.617	0.647	
1	1	1	1	1	1	1	1	1	1	1	1	1	1	1	1	1	1	0.997	1	0.995	0.993	0.98	0.977	0.964	0.932	0.922	0.883	0.848	0.842	0.766	0.758	0.723	0.672	0.656	0.584	0.573	0.544	0.508	0.495	0.468	0.446	0.472	0.405	0.406	0.422	0.377	0.379	0.362	0.339	0.365	0.35	0.379	0.338	0.339	0.331	0.313	0.323	0.304	0.288	0.289	0.287	0.271	0.27	0.26	0.259	0.243	0.248	0.229	0.217	0.203	0.203	0.186	0.185	0.151	0.119	0.129	0.108	0.089	0.074	0.06	0.05	0.05	0.034	0.023	0.023	0.01	0.012	0.007	0.008	0.001	0.003	0.001	0.001	0	0.001	0	0	0	0	
1	1	1	1	1	1	1	1	1	1	1	1	1	1	1	1	1	1	1	1	1	1	1	1	0.999	1	1	0.997	0.993	0.98	0.957	0.937	0.902	0.829	0.814	0.743	0.661	0.612	0.563	0.476	0.436	0.427	0.358	0.32	0.291	0.293	0.247	0.239	0.194	0.184	0.179	0.165	0.146	0.171	0.138	0.133	0.138	0.128	0.122	0.108	0.129	0.109	0.1	0.12	0.102	0.11	0.108	0.101	0.105	0.093	0.092	0.081	0.093	0.079	0.069	0.074	0.07	0.073	0.044	0.051	0.046	0.043	0.028	0.026	0.027	0.024	0.016	0.019	0.014	0.011	0.009	0.011	0.004	0.009	0.006	0.005	0	0.002	0.001	0.001	
1	1	0.993	0.941	0.883	0.795	0.702	0.62	0.547	0.471	0.43	0.39	0.327	0.323	0.284	0.231	0.221	0.203	0.196	0.179	0.157	0.164	0.157	0.128	0.113	0.1	0.098	0.083	0.095	0.091	0.093	0.094	0.08	0.067	0.069	0.056	0.054	0.062	0.045	0.06	0.056	0.045	0.047	0.054	0.046	0.04	0.057	0.045	0.041	0.042	0.04	0.041	0.039	0.043	0.038	0.032	0.026	0.024	0.027	0.018	0.022	0.016	0.023	0.015	0.015	0.011	0.009	0.014	0.011	0.001	0.007	0.002	0.003	0.007	0.002	0.002	0.001	0	0.002	0.001	0	0	0	0	0	0	0	0	0	0	0	0	0	0	0	0	0	0	0	0	
1	1	1	1	1	1	1	1	1	1	1	1	1	1	1	1	0.999	0.996	0.994	0.986	0.979	0.97	0.949	0.931	0.9	0.805	0.768	0.643	0.574	0.507	0.385	0.34	0.234	0.193	0.162	0.115	0.1	0.087	0.057	0.053	0.04	0.033	0.021	0.021	0.022	0.016	0.013	0.011	0.015	0.013	0.007	0.012	0.017	0.008	0.012	0.01	0.012	0.015	0.011	0.011	0.016	0.013	0.009	0.019	0.016	0.018	0.017	0.031	0.03	0.023	0.04	0.049	0.055	0.062	0.064	0.087	0.099	0.11	0.112	0.134	0.164	0.202	0.232	0.289	0.293	0.354	0.38	0.426	0.472	0.518	0.564	0.633	0.643	0.697	0.731	0.764	0.805	0.817	0.876	0.873	
1	1	1	1	1	1	1	1	1	1	1	1	1	1	1	1	1	1	1	1	0.998	1	0.998	0.992	0.985	0.97	0.937	0.875	0.838	0.775	0.687	0.652	0.581	0.523	0.433	0.397	0.343	0.329	0.307	0.252	0.228	0.182	0.18	0.165	0.162	0.143	0.149	0.151	0.143	0.133	0.121	0.112	0.166	0.161	0.138	0.164	0.172	0.164	0.163	0.185	0.174	0.167	0.194	0.195	0.206	0.193	0.157	0.171	0.169	0.151	0.152	0.133	0.138	0.11	0.093	0.072	0.071	0.068	0.046	0.045	0.042	0.036	0.021	0.011	0.011	0.011	0.011	0.005	0.006	0.001	0.004	0.003	0.002	0.002	0.001	0.001	0	0	0	0	
1	1	1	1	1	1	1	1	1	1	1	1	1	1	1	1	1	1	1	1	0.999	1	1	1	0.998	0.997	0.997	0.981	0.968	0.968	0.927	0.926	0.868	0.811	0.813	0.751	0.696	0.645	0.601	0.544	0.497	0.457	0.421	0.371	0.319	0.279	0.243	0.212	0.184	0.158	0.147	0.11	0.1	0.096	0.071	0.052	0.044	0.031	0.025	0.024	0.015	0.009	0.008	0.016	0.008	0.006	0.006	0.003	0.003	0.001	0.002	0	0	0	0	0	0	0	0	0	0	0	0	0	0	0	0	0	0	0	0	0	0	0	0	0	0	0	0	0	
1	1	1	1	1	1	1	1	1	1	1	1	1	1	1	1	1	1	1	0.999	0.993	0.965	0.945	0.875	0.798	0.689	0.608	0.455	0.393	0.278	0.234	0.159	0.136	0.084	0.052	0.032	0.03	0.016	0.007	0.009	0.006	0.004	0.001	0.002	0.001	0	0.001	0	0	0	0	0	0	0	0	0	0	0	0	0	0	0	0	0	0	0	0	0	0	0	0	0	0	0	0	0	0	0	0	0	0	0	0	0	0	0	0	0	0	0	0.001	0	0	0	0	0	0	0	0	0	
1	1	1	1	1	1	1	0.995	0.968	0.872	0.661	0.495	0.34	0.206	0.143	0.08	0.066	0.044	0.04	0.037	0.023	0.018	0.018	0.014	0.013	0.017	0.009	0.014	0.017	0.019	0.012	0.013	0.014	0.025	0.021	0.023	0.019	0.017	0.009	0.024	0.025	0.02	0.023	0.017	0.023	0.016	0.024	0.017	0.033	0.021	0.026	0.025	0.021	0.016	0.014	0.023	0.022	0.013	0.018	0.016	0.01	0.005	0.006	0.009	0.005	0.005	0.007	0.004	0.006	0.008	0.003	0.001	0.003	0.004	0.001	0	0.002	0.002	0.002	0	0.003	0	0	0	0	0	0	0	0	0	0	0	0	0	0	0.001	0	0	0	0	
1	1	1	1	1	1	1	1	1	1	1	1	1	1	1	1	1	1	1	1	1	1	1	1	1	1	1	1	0.999	1	1	1	1	1	1	1	1	1	0.999	1	1	0.998	0.999	0.998	0.996	0.996	0.998	0.993	0.989	0.983	0.978	0.977	0.965	0.973	0.941	0.931	0.909	0.918	0.908	0.9	0.878	0.857	0.858	0.847	0.815	0.825	0.823	0.8	0.828	0.803	0.821	0.777	0.8	0.776	0.763	0.797	0.772	0.805	0.793	0.774	0.772	0.776	0.758	0.764	0.748	0.758	0.754	0.719	0.713	0.718	0.717	0.702	0.679	0.7	0.664	0.669	0.659	0.668	0.632	0.65	
1	1	1	1	1	1	1	1	1	1	1	1	1	1	1	1	1	1	1	1	1	1	1	0.999	0.999	0.998	0.999	0.999	1	1	0.999	0.996	0.997	0.998	0.999	0.998	0.997	0.997	0.997	0.992	0.995	0.993	0.988	0.985	0.992	0.99	0.985	0.987	0.982	0.992	0.985	0.985	0.989	0.977	0.981	0.974	0.968	0.966	0.975	0.97	0.967	0.967	0.961	0.961	0.961	0.951	0.941	0.941	0.93	0.926	0.896	0.898	0.889	0.85	0.824	0.801	0.768	0.72	0.687	0.642	0.606	0.525	0.484	0.467	0.385	0.355	0.287	0.242	0.205	0.186	0.148	0.118	0.083	0.071	0.05	0.042	0.042	0.03	0.021	0.016	
1	1	1	1	1	1	1	1	1	1	1	1	1	1	1	1	1	1	1	1	1	1	1	1	1	1	1	1	1	1	1	1	1	1	1	1	1	1	1	1	0.999	1	0.999	1	0.998	1	0.997	1	1	0.996	0.995	0.995	0.993	0.993	0.992	0.986	0.976	0.984	0.958	0.954	0.93	0.908	0.913	0.858	0.836	0.81	0.783	0.73	0.653	0.61	0.59	0.528	0.469	0.405	0.369	0.301	0.299	0.236	0.173	0.155	0.126	0.101	0.096	0.077	0.061	0.041	0.029	0.024	0.015	0.013	0.008	0.009	0.006	0.005	0.001	0.001	0.002	0	0	0	
1	1	1	1	1	1	1	1	1	1	1	1	1	1	1	1	1	1	1	0.999	0.994	0.992	0.985	0.959	0.937	0.899	0.853	0.791	0.737	0.686	0.63	0.52	0.51	0.436	0.406	0.363	0.332	0.298	0.258	0.242	0.234	0.184	0.188	0.159	0.161	0.187	0.146	0.148	0.132	0.146	0.148	0.132	0.132	0.13	0.143	0.143	0.139	0.157	0.174	0.161	0.154	0.178	0.184	0.183	0.21	0.217	0.23	0.233	0.248	0.277	0.283	0.284	0.319	0.365	0.343	0.366	0.412	0.425	0.445	0.474	0.497	0.522	0.521	0.577	0.563	0.583	0.637	0.65	0.667	0.719	0.716	0.743	0.76	0.77	0.817	0.817	0.833	0.861	0.876	0.876	
1	1	1	1	1	1	1	1	1	1	1	1	1	1	1	1	1	1	1	1	1	1	1	0.999	0.995	0.994	0.976	0.953	0.924	0.914	0.852	0.789	0.729	0.676	0.61	0.558	0.456	0.406	0.339	0.289	0.208	0.196	0.151	0.147	0.12	0.096	0.072	0.059	0.05	0.046	0.028	0.025	0.022	0.022	0.01	0.015	0.005	0.008	0.009	0.007	0.002	0.003	0	0.006	0.001	0.001	0.002	0.002	0.002	0.001	0	0	0	0	0	0	0.001	0	0	0	0	0	0	0	0	0	0	0	0	0	0	0	0	0	0	0	0	0	0	0	
1	1	1	1	1	1	1	1	1	1	1	1	1	1	1	1	1	1	1	1	1	1	1	1	1	1	1	1	1	1	1	1	1	1	1	1	1	1	1	1	1	1	1	0.999	1	0.998	0.995	0.99	0.98	0.966	0.928	0.879	0.82	0.766	0.626	0.573	0.426	0.338	0.257	0.188	0.122	0.079	0.049	0.043	0.026	0.012	0.007	0.003	0	0.001	0.001	0	0	0	0	0	0	0	0	0	0	0	0	0	0	0	0	0	0	0	0	0	0	0	0	0	0	0	0	0	
1	1	1	1	1	1	1	1	1	1	1	1	1	1	1	1	1	1	1	1	0.998	0.998	0.993	0.987	0.967	0.95	0.938	0.885	0.854	0.805	0.73	0.657	0.603	0.511	0.464	0.355	0.313	0.258	0.21	0.176	0.145	0.109	0.089	0.059	0.061	0.038	0.025	0.031	0.017	0.005	0.006	0.004	0.008	0.002	0.001	0	0.002	0.002	0	0	0	0	0	0.001	0	0	0	0	0	0	0	0	0	0	0	0	0	0	0	0	0	0	0	0	0	0	0	0	0	0	0	0	0	0	0	0	0	0	0	0	
1	1	1	1	1	1	1	1	1	1	1	1	1	1	1	1	1	1	1	1	1	1	1	1	1	1	1	1	1	1	1	1	1	1	1	1	1	1	1	1	0.999	1	1	1	1	0.999	0.996	0.995	0.991	0.987	0.988	0.977	0.961	0.956	0.941	0.915	0.893	0.854	0.8	0.779	0.724	0.651	0.61	0.56	0.477	0.438	0.375	0.298	0.248	0.204	0.166	0.117	0.109	0.089	0.057	0.044	0.039	0.026	0.026	0.017	0.009	0.008	0.006	0.006	0.004	0.002	0.002	0.003	0.001	0.003	0.001	0	0.001	0	0	0	0	0	0	0	
1	1	1	1	1	1	1	1	1	1	1	1	1	1	0.998	0.998	0.998	0.994	0.993	0.997	0.982	0.966	0.951	0.939	0.919	0.885	0.868	0.832	0.793	0.766	0.743	0.699	0.682	0.639	0.638	0.584	0.57	0.531	0.504	0.527	0.452	0.435	0.429	0.448	0.407	0.38	0.37	0.398	0.327	0.337	0.342	0.333	0.339	0.313	0.287	0.322	0.303	0.285	0.271	0.272	0.237	0.229	0.233	0.217	0.209	0.212	0.162	0.155	0.143	0.15	0.133	0.121	0.1	0.09	0.078	0.07	0.067	0.065	0.058	0.048	0.025	0.029	0.019	0.02	0.022	0.008	0.011	0.007	0.011	0.005	0.007	0.007	0.001	0.001	0.004	0.001	0.003	0.001	0	0	
1	1	1	1	1	1	1	1	1	1	1	1	1	1	1	1	1	0.998	0.995	0.998	0.984	0.967	0.946	0.918	0.872	0.84	0.73	0.672	0.601	0.491	0.421	0.345	0.264	0.209	0.15	0.12	0.098	0.07	0.061	0.03	0.04	0.018	0.015	0.019	0.009	0.005	0.006	0.001	0.002	0.001	0.002	0.001	0	0	0	0	0	0	0	0	0	0	0	0	0	0	0	0	0	0	0	0	0	0	0	0	0	0	0	0	0	0	0	0	0	0	0	0	0	0	0	0	0	0	0	0	0	0	0	0	
1	1	1	1	1	1	1	1	1	1	1	1	1	1	1	1	1	1	1	1	1	1	1	1	0.999	0.999	0.998	0.998	0.993	0.985	0.981	0.968	0.963	0.93	0.909	0.867	0.828	0.75	0.684	0.625	0.552	0.479	0.404	0.317	0.273	0.23	0.156	0.133	0.102	0.078	0.061	0.037	0.024	0.031	0.015	0.006	0.005	0.005	0.002	0.002	0.001	0.001	0	0	0.001	0	0.001	0	0	0	0	0	0	0	0	0	0	0	0	0	0	0	0	0	0	0	0	0	0	0	0	0	0	0	0	0	0	0	0	0	
1	1	1	1	1	1	1	1	1	1	1	1	1	1	1	1	1	1	1	1	1	1	1	1	1	1	0.999	1	0.999	0.997	0.989	0.98	0.978	0.968	0.943	0.929	0.9	0.867	0.829	0.787	0.74	0.673	0.625	0.575	0.52	0.451	0.38	0.334	0.267	0.247	0.187	0.156	0.121	0.108	0.099	0.074	0.052	0.054	0.034	0.027	0.012	0.016	0.013	0.007	0.005	0.005	0.001	0.003	0.001	0	0	0	0	0	0	0	0	0	0	0	0	0	0	0	0	0	0	0	0	0	0	0	0	0	0	0	0	0	0	0	
1	1	1	1	0.997	0.997	0.997	0.996	0.999	0.998	1	0.999	1	1	1	1	1	1	1	1	1	1	1	1	1	1	1	1	1	1	1	1	1	1	1	1	1	1	1	1	1	1	0.998	1	1	0.999	0.999	0.997	1	0.999	0.993	1	0.994	0.995	0.999	0.995	0.992	0.994	0.994	0.98	0.983	0.985	0.979	0.985	0.969	0.973	0.943	0.945	0.935	0.901	0.867	0.847	0.809	0.745	0.717	0.687	0.618	0.585	0.501	0.462	0.44	0.386	0.337	0.294	0.262	0.235	0.188	0.153	0.112	0.105	0.089	0.083	0.067	0.059	0.042	0.043	0.029	0.019	0.012	0.018	
1	1	1	1	1	1	1	1	1	1	1	1	1	1	0.999	0.995	0.981	0.944	0.898	0.814	0.693	0.555	0.457	0.331	0.247	0.177	0.12	0.092	0.053	0.039	0.032	0.017	0.012	0.004	0.002	0.003	0.002	0	0	0.001	0	0	0.001	0	0	0	0	0	0	0	0	0	0	0	0	0	0	0	0	0	0	0	0	0	0	0	0	0	0	0	0	0	0	0	0	0	0	0	0	0	0	0	0	0	0	0	0	0	0	0	0	0	0	0	0	0	0	0	0	0	
1	1	1	1	1	1	1	1	1	1	1	1	1	1	1	1	1	1	1	1	1	1	1	1	1	1	1	1	1	1	1	1	1	1	1	0.995	0.998	0.999	0.992	0.989	0.988	0.973	0.962	0.947	0.931	0.908	0.893	0.876	0.848	0.804	0.769	0.732	0.702	0.704	0.641	0.596	0.563	0.542	0.495	0.487	0.459	0.393	0.405	0.374	0.348	0.334	0.312	0.282	0.256	0.209	0.204	0.158	0.12	0.092	0.071	0.06	0.037	0.021	0.016	0.006	0.01	0.004	0.001	0.001	0	0	0	0	0	0	0	0	0	0	0	0	0	0	0	0	
1	1	1	1	1	1	1	1	1	1	1	1	1	1	1	1	1	1	1	1	1	1	1	1	1	1	1	1	1	0.998	0.999	0.996	0.996	0.994	0.984	0.986	0.982	0.965	0.957	0.947	0.937	0.936	0.908	0.909	0.878	0.896	0.867	0.861	0.846	0.831	0.853	0.851	0.84	0.836	0.798	0.79	0.819	0.819	0.816	0.827	0.811	0.814	0.823	0.812	0.795	0.826	0.852	0.831	0.877	0.878	0.864	0.892	0.879	0.897	0.901	0.906	0.925	0.933	0.939	0.959	0.961	0.957	0.966	0.972	0.981	0.982	0.987	0.991	0.99	0.99	0.989	0.996	0.994	0.992	0.994	1	0.999	0.999	0.999	0.997	
1	0.983	0.918	0.894	0.862	0.839	0.855	0.836	0.857	0.848	0.837	0.85	0.876	0.892	0.904	0.902	0.916	0.933	0.937	0.944	0.942	0.957	0.961	0.97	0.968	0.968	0.968	0.959	0.954	0.951	0.957	0.94	0.933	0.921	0.904	0.9	0.892	0.859	0.864	0.851	0.832	0.828	0.796	0.79	0.793	0.762	0.751	0.744	0.714	0.703	0.671	0.658	0.642	0.625	0.598	0.602	0.567	0.572	0.562	0.515	0.469	0.461	0.48	0.484	0.459	0.409	0.461	0.407	0.398	0.362	0.371	0.349	0.331	0.341	0.339	0.314	0.32	0.287	0.279	0.245	0.251	0.272	0.228	0.199	0.2	0.203	0.189	0.197	0.156	0.158	0.195	0.145	0.12	0.146	0.132	0.119	0.129	0.109	0.103	0.076	
1	1	1	1	1	1	1	1	1	1	1	1	1	1	1	1	1	1	1	1	1	1	1	1	1	1	1	1	1	1	1	1	1	1	1	0.999	0.999	0.996	0.997	0.985	0.978	0.973	0.949	0.932	0.895	0.877	0.797	0.729	0.683	0.624	0.581	0.523	0.456	0.422	0.309	0.274	0.234	0.17	0.147	0.13	0.099	0.077	0.066	0.051	0.048	0.027	0.012	0.017	0.009	0.008	0.008	0.002	0.002	0.004	0.003	0	0	0	0	0	0.001	0	0	0.001	0	0	0	0	0	0	0	0	0	0	0	0	0	0	0	0	
1	1	1	1	1	1	1	1	1	1	1	1	1	0.998	0.997	0.992	0.992	0.981	0.968	0.954	0.939	0.902	0.859	0.829	0.729	0.676	0.589	0.499	0.429	0.405	0.299	0.232	0.167	0.142	0.093	0.077	0.047	0.029	0.029	0.023	0.011	0.01	0.004	0.003	0.004	0.001	0.001	0	0.001	0.001	0	0	0	0	0	0	0	0	0	0	0	0	0	0	0	0	0	0	0	0	0	0	0	0	0	0	0	0	0	0	0	0	0	0	0	0	0	0	0	0	0	0	0	0	0	0	0	0	0	0	
1	1	1	1	1	1	1	1	1	1	1	1	1	1	1	1	1	1	1	1	1	1	1	1	1	1	1	1	1	1	1	1	1	1	1	1	1	0.999	0.999	1	0.998	0.999	0.997	0.994	0.986	0.983	0.966	0.966	0.934	0.91	0.876	0.845	0.801	0.712	0.679	0.562	0.516	0.477	0.411	0.354	0.267	0.223	0.174	0.128	0.107	0.087	0.067	0.046	0.025	0.023	0.017	0.011	0.005	0.004	0.003	0.002	0.002	0.002	0.001	0	0	0	0	0	0	0	0	0	0	0	0	0	0	0	0	0	0	0	0	0	
1	1	1	1	1	1	1	1	1	1	1	1	1	1	1	1	1	1	1	1	1	1	1	1	1	1	1	1	1	1	1	1	1	1	1	0.999	1	0.999	1	0.999	0.997	0.996	0.991	0.983	0.988	0.967	0.961	0.956	0.934	0.935	0.893	0.889	0.855	0.819	0.78	0.742	0.705	0.616	0.604	0.528	0.459	0.379	0.303	0.266	0.179	0.156	0.108	0.073	0.046	0.035	0.019	0.015	0.005	0.007	0.004	0.002	0	0.001	0	0.001	0	0	0	0	0	0	0	0	0	0	0	0	0	0	0	0	0	0	0	0	
1	1	1	1	1	1	1	1	1	1	1	1	1	1	0.999	0.998	0.986	0.97	0.942	0.9	0.84	0.745	0.682	0.538	0.452	0.338	0.25	0.17	0.121	0.075	0.055	0.03	0.017	0.009	0.006	0.004	0.003	0.001	0	0.001	0	0	0.001	0	0	0	0	0	0	0	0	0	0	0	0	0	0	0	0	0	0	0	0	0	0	0	0	0	0	0	0	0	0	0	0	0	0	0	0	0	0	0	0	0	0	0	0	0	0	0	0	0	0	0	0	0	0	0	0	0	
1	1	1	1	1	1	1	1	1	1	1	1	1	1	1	1	1	1	1	1	1	1	1	1	1	1	1	1	1	1	1	1	1	1	1	0.999	0.995	0.994	0.99	0.986	0.97	0.966	0.95	0.922	0.904	0.855	0.824	0.804	0.733	0.643	0.634	0.604	0.504	0.455	0.398	0.35	0.322	0.298	0.239	0.221	0.164	0.161	0.104	0.112	0.071	0.056	0.059	0.047	0.037	0.012	0.023	0.017	0.016	0.006	0.009	0.003	0.001	0.002	0.001	0.005	0.001	0	0.001	0	0	0	0	0	0	0	0	0	0	0	0	0	0	0	0	0	
1	1	1	1	1	1	1	1	1	1	1	1	1	1	1	1	1	1	1	1	1	1	1	1	1	1	1	1	1	0.999	0.999	0.998	0.995	0.996	0.988	0.973	0.97	0.945	0.903	0.898	0.869	0.802	0.805	0.757	0.729	0.674	0.642	0.601	0.621	0.576	0.517	0.527	0.492	0.449	0.473	0.448	0.452	0.437	0.417	0.429	0.451	0.463	0.443	0.445	0.454	0.46	0.465	0.486	0.471	0.521	0.502	0.516	0.535	0.528	0.534	0.558	0.562	0.584	0.597	0.588	0.597	0.61	0.641	0.622	0.633	0.636	0.693	0.683	0.657	0.692	0.655	0.712	0.693	0.687	0.729	0.687	0.704	0.694	0.663	0.692	
1	1	1	1	1	1	1	1	1	1	1	1	1	0.993	0.984	0.98	0.969	0.924	0.9	0.831	0.79	0.751	0.684	0.629	0.61	0.567	0.497	0.504	0.48	0.427	0.428	0.413	0.413	0.426	0.393	0.399	0.399	0.39	0.434	0.428	0.445	0.454	0.493	0.458	0.493	0.521	0.561	0.572	0.581	0.599	0.62	0.628	0.658	0.667	0.705	0.71	0.745	0.736	0.758	0.769	0.786	0.79	0.802	0.808	0.846	0.847	0.84	0.85	0.851	0.856	0.851	0.862	0.881	0.848	0.865	0.874	0.864	0.858	0.855	0.86	0.853	0.847	0.84	0.826	0.834	0.824	0.8	0.797	0.79	0.756	0.728	0.722	0.712	0.707	0.702	0.673	0.618	0.602	0.575	0.561	
1	1	1	1	1	1	1	1	1	1	1	1	1	1	1	1	1	1	1	1	1	1	1	1	1	1	1	1	1	1	1	1	1	1	1	1	1	1	1	1	1	1	1	1	1	1	1	1	1	1	1	1	1	1	1	1	0.999	1	1	1	0.997	0.995	0.993	0.989	0.987	0.985	0.974	0.967	0.959	0.936	0.907	0.882	0.85	0.82	0.789	0.724	0.669	0.587	0.548	0.5	0.4	0.353	0.295	0.276	0.186	0.139	0.136	0.084	0.079	0.068	0.04	0.036	0.02	0.012	0.011	0.009	0.005	0.005	0.001	0.001	
1	1	1	1	1	1	1	1	1	1	1	1	1	1	1	1	1	1	1	1	1	1	1	1	1	1	1	1	1	1	1	1	0.999	0.999	0.997	0.991	0.983	0.965	0.955	0.938	0.891	0.847	0.813	0.739	0.645	0.632	0.538	0.458	0.402	0.334	0.279	0.23	0.193	0.128	0.121	0.092	0.079	0.049	0.038	0.021	0.028	0.016	0.011	0.006	0.007	0.005	0.001	0.005	0	0.002	0.001	0	0.002	0	0.001	0	0	0	0	0	0	0	0	0	0	0	0	0	0	0	0	0	0	0	0	0	0	0	0	0	
1	1	1	1	1	1	1	1	1	1	1	1	1	1	1	1	1	1	1	1	1	1	1	1	1	1	1	1	1	1	1	1	1	0.999	0.999	1	0.997	0.994	0.99	0.986	0.976	0.972	0.956	0.927	0.93	0.896	0.842	0.814	0.799	0.768	0.728	0.695	0.635	0.572	0.542	0.481	0.429	0.423	0.355	0.285	0.249	0.209	0.185	0.143	0.141	0.071	0.07	0.053	0.043	0.023	0.018	0.018	0.014	0.008	0.003	0.001	0.001	0	0.004	0.001	0	0	0	0	0	0	0	0	0	0	0	0	0	0	0	0	0	0	0	0	
1	1	1	1	1	1	1	1	1	1	1	1	1	1	1	1	1	1	1	1	1	1	1	1	1	0.999	0.996	0.991	0.981	0.966	0.946	0.89	0.846	0.76	0.691	0.567	0.443	0.346	0.289	0.246	0.172	0.109	0.083	0.073	0.047	0.023	0.017	0.014	0.009	0.002	0.004	0.001	0.002	0.003	0	0	0	0	0	0	0	0	0	0	0	0	0	0	0	0	0	0	0	0	0	0	0	0	0	0	0	0	0	0	0	0	0	0	0	0	0	0	0	0	0	0	0	0	0	0	
1	1	1	1	1	1	0.992	0.98	0.943	0.926	0.774	0.56	0.358	0.162	0.052	0.015	0.006	0	0.001	0	0	0	0	0	0	0	0	0	0	0	0	0	0	0	0	0	0	0	0	0	0	0	0	0	0	0	0	0	0	0	0	0	0	0	0	0	0	0	0	0	0	0	0	0	0	0	0	0	0	0	0	0	0	0	0	0	0	0	0	0	0	0	0	0	0	0	0	0	0	0	0	0	0	0	0	0	0	0	0	0	
1	1	1	1	1	1	1	1	1	1	1	1	1	1	1	1	1	1	1	1	1	1	1	1	1	1	1	1	1	1	1	1	0.997	0.995	0.989	0.992	0.986	0.978	0.968	0.953	0.945	0.934	0.928	0.882	0.877	0.868	0.844	0.823	0.768	0.767	0.705	0.695	0.65	0.643	0.586	0.569	0.502	0.477	0.426	0.38	0.358	0.301	0.267	0.22	0.195	0.138	0.147	0.115	0.087	0.074	0.056	0.038	0.028	0.012	0.01	0.006	0.007	0.003	0.002	0.001	0.001	0.001	0.002	0	0	0	0	0	0	0	0	0	0	0	0	0	0	0	0	0	
1	1	1	1	1	1	1	1	1	1	1	1	1	1	1	1	1	1	1	1	1	0.998	0.992	0.988	0.984	0.974	0.952	0.91	0.849	0.772	0.673	0.563	0.428	0.346	0.246	0.21	0.103	0.078	0.041	0.025	0.013	0.014	0.008	0.001	0.001	0.003	0.001	0.003	0	0	0	0	0	0	0	0	0	0	0	0	0	0	0	0	0	0	0	0	0	0	0	0	0	0	0	0	0	0	0	0	0	0	0	0	0	0	0	0	0	0	0	0	0	0	0	0	0	0	0	0	
1	1	1	1	1	1	1	1	1	1	1	1	1	1	1	1	1	1	1	1	1	0.999	1	1	0.998	0.996	0.992	0.987	0.986	0.976	0.966	0.955	0.931	0.914	0.857	0.846	0.823	0.792	0.755	0.731	0.7	0.659	0.61	0.556	0.559	0.504	0.449	0.411	0.376	0.332	0.328	0.262	0.24	0.224	0.209	0.185	0.156	0.155	0.146	0.133	0.102	0.111	0.078	0.089	0.066	0.057	0.063	0.04	0.041	0.025	0.026	0.019	0.022	0.019	0.013	0.007	0.012	0.003	0.003	0.003	0.001	0.003	0.003	0.003	0.001	0	0.001	0.001	0	0.001	0.001	0	0	0	0	0	0	0	0	0	
1	1	1	1	1	1	1	1	1	1	1	1	1	1	1	1	1	1	1	1	1	1	1	1	0.999	1	0.999	1	1	1	1	1	0.999	0.998	0.998	0.999	0.999	0.997	0.999	0.998	0.999	0.996	0.993	0.996	0.997	0.992	0.994	0.99	0.987	0.991	0.989	0.98	0.985	0.973	0.974	0.976	0.967	0.956	0.949	0.949	0.936	0.93	0.924	0.919	0.904	0.893	0.864	0.827	0.822	0.825	0.812	0.784	0.781	0.75	0.713	0.709	0.639	0.64	0.603	0.589	0.557	0.507	0.49	0.426	0.386	0.349	0.324	0.286	0.254	0.243	0.178	0.157	0.157	0.115	0.097	0.08	0.047	0.063	0.045	0.049	
1	1	1	1	1	1	1	1	1	1	1	1	1	1	1	1	1	1	0.999	0.996	0.989	0.982	0.967	0.939	0.906	0.857	0.797	0.757	0.692	0.629	0.605	0.541	0.504	0.449	0.423	0.424	0.348	0.332	0.315	0.307	0.294	0.283	0.263	0.259	0.239	0.26	0.229	0.213	0.207	0.188	0.196	0.201	0.213	0.179	0.162	0.158	0.167	0.141	0.164	0.139	0.13	0.124	0.114	0.113	0.098	0.092	0.09	0.081	0.087	0.062	0.066	0.05	0.061	0.057	0.041	0.026	0.037	0.026	0.028	0.014	0.015	0.016	0.021	0.015	0.007	0.011	0.007	0.009	0.005	0.006	0.001	0.002	0.007	0	0.003	0.003	0.001	0.001	0	0	
1	1	1	1	1	1	1	1	1	1	1	1	1	1	1	1	1	1	1	0.999	1	0.999	0.999	0.995	0.995	0.988	0.987	0.982	0.97	0.959	0.952	0.923	0.911	0.882	0.842	0.839	0.8	0.752	0.738	0.689	0.635	0.592	0.593	0.54	0.512	0.462	0.446	0.365	0.365	0.308	0.318	0.284	0.243	0.21	0.219	0.158	0.158	0.146	0.114	0.093	0.097	0.073	0.063	0.048	0.047	0.037	0.035	0.025	0.018	0.015	0.012	0.014	0.01	0.002	0.004	0.004	0.005	0.001	0.001	0	0.001	0.003	0.001	0	0.001	0	0	0	0	0	0	0	0	0	0	0	0	0	0	0	
1	1	1	1	1	1	1	1	1	1	1	1	1	1	1	1	1	1	1	1	1	1	1	1	1	1	1	1	0.999	0.999	0.999	0.999	1	0.999	0.999	0.999	0.997	1	0.999	0.998	1	1	1	1	0.999	1	1	0.999	1	1	0.999	1	1	1	0.999	1	1	1	0.998	1	0.999	1	1	1	1	1	1	1	1	0.998	1	1	0.998	0.999	0.999	0.999	0.996	0.995	0.998	0.996	0.995	0.992	0.991	0.994	0.986	0.991	0.99	0.986	0.98	0.971	0.968	0.966	0.945	0.936	0.911	0.877	0.858	0.834	0.783	0.776	
1	1	1	1	1	1	1	1	1	1	1	1	1	1	1	0.999	0.998	0.991	0.982	0.971	0.938	0.927	0.868	0.853	0.791	0.761	0.709	0.66	0.642	0.543	0.53	0.488	0.446	0.402	0.381	0.345	0.291	0.238	0.257	0.208	0.172	0.175	0.136	0.125	0.115	0.087	0.068	0.064	0.058	0.063	0.043	0.039	0.032	0.02	0.015	0.012	0.011	0.007	0.008	0.004	0.004	0.003	0.004	0.003	0.002	0	0	0	0	0	0	0	0	0	0	0	0.002	0.001	0	0	0	0	0	0	0	0	0	0	0	0	0	0	0	0	0	0	0	0	0	0	
1	1	1	1	1	1	1	1	1	1	1	1	1	1	1	1	1	1	1	1	1	1	1	1	1	1	1	1	1	1	1	1	1	1	1	1	1	1	1	1	1	1	1	1	1	1	1	1	1	1	1	1	1	1	1	1	1	1	1	1	1	1	1	1	1	1	1	1	1	1	0.998	1	1	1	1	1	1	0.999	0.998	0.999	0.999	1	0.998	1	0.999	1	0.999	1	1	1	1	0.999	0.999	1	1	0.999	0.999	0.999	1	1	
1	1	1	1	0.998	0.945	0.832	0.623	0.518	0.416	0.377	0.363	0.328	0.331	0.393	0.356	0.377	0.401	0.444	0.416	0.465	0.515	0.512	0.525	0.507	0.557	0.568	0.594	0.581	0.583	0.56	0.547	0.503	0.469	0.427	0.362	0.317	0.28	0.233	0.172	0.16	0.1	0.099	0.065	0.034	0.033	0.028	0.022	0.013	0.005	0.011	0.002	0.004	0.003	0	0	0.001	0.001	0	0	0	0	0	0	0	0	0	0	0	0	0	0	0	0	0	0	0	0	0	0	0	0	0	0	0	0	0	0	0	0	0	0	0	0	0	0	0	0	0	0	
0.998	0.858	0.582	0.386	0.267	0.17	0.11	0.086	0.077	0.075	0.083	0.099	0.09	0.122	0.141	0.176	0.213	0.272	0.315	0.374	0.43	0.464	0.53	0.599	0.618	0.729	0.728	0.737	0.801	0.757	0.753	0.743	0.724	0.683	0.64	0.573	0.561	0.531	0.476	0.436	0.392	0.344	0.295	0.296	0.265	0.244	0.2	0.19	0.174	0.146	0.141	0.121	0.112	0.106	0.112	0.098	0.097	0.092	0.079	0.079	0.056	0.065	0.043	0.06	0.057	0.049	0.052	0.044	0.04	0.036	0.045	0.026	0.02	0.034	0.031	0.029	0.013	0.021	0.013	0.016	0.014	0.02	0.017	0.01	0.02	0.016	0.012	0.014	0.015	0.01	0.006	0.01	0.006	0.011	0.001	0.003	0.008	0.005	0.005	0.003	
1	1	1	1	1	1	1	1	1	1	1	1	1	1	1	1	1	1	1	1	1	1	1	1	1	1	1	1	1	1	1	1	1	1	1	1	1	1	1	1	1	1	1	1	1	1	1	1	1	0.999	0.999	1	0.999	0.997	0.998	1	0.992	0.997	0.989	0.98	0.979	0.966	0.957	0.939	0.914	0.893	0.866	0.834	0.793	0.733	0.697	0.634	0.566	0.543	0.479	0.42	0.366	0.32	0.273	0.207	0.162	0.149	0.099	0.082	0.069	0.06	0.045	0.033	0.026	0.022	0.012	0.009	0.008	0.007	0.006	0.003	0.003	0.002	0.002	0	
1	1	1	1	1	1	1	0.994	0.968	0.913	0.818	0.689	0.53	0.383	0.239	0.163	0.083	0.037	0.018	0.013	0.004	0.002	0	0	0	0	0	0	0	0	0	0	0	0	0	0	0	0	0	0	0	0	0	0	0	0	0	0	0	0	0	0	0	0	0	0	0	0	0	0	0	0	0	0	0	0	0	0	0	0	0	0	0	0	0	0	0	0	0	0	0	0	0	0	0	0	0	0	0	0	0	0	0	0	0	0	0	0	0	0	
1	1	1	1	1	1	1	1	1	1	1	1	1	1	1	1	1	1	1	1	1	1	1	1	1	1	1	1	1	1	1	1	1	1	1	1	1	1	1	1	1	1	1	1	0.999	0.999	1	0.999	1	1	1	1	1	0.999	0.998	0.998	0.998	0.998	0.997	0.996	0.999	0.996	0.992	0.988	0.987	0.991	0.989	0.985	0.982	0.975	0.986	0.97	0.973	0.971	0.969	0.96	0.961	0.948	0.957	0.944	0.941	0.938	0.932	0.92	0.918	0.895	0.893	0.898	0.887	0.893	0.867	0.863	0.868	0.847	0.836	0.815	0.841	0.799	0.803	0.779	
1	1	1	1	1	1	1	1	1	1	0.999	0.999	0.995	0.987	0.991	0.984	0.971	0.968	0.953	0.927	0.887	0.881	0.864	0.828	0.822	0.753	0.739	0.664	0.695	0.64	0.583	0.547	0.505	0.473	0.425	0.379	0.384	0.318	0.286	0.254	0.248	0.208	0.16	0.153	0.14	0.09	0.096	0.08	0.051	0.053	0.054	0.033	0.031	0.022	0.019	0.013	0.014	0.007	0.002	0.006	0.004	0.002	0	0	0.001	0	0	0	0	0	0	0	0	0	0	0	0	0	0	0	0	0	0	0	0	0	0	0	0	0	0	0	0	0	0	0	0	0	0	0	
1	1	1	1	1	1	1	1	1	1	1	1	1	1	1	1	1	1	1	1	1	1	1	1	1	1	1	1	1	1	1	1	0.999	0.999	0.999	0.996	0.993	0.988	0.981	0.97	0.96	0.929	0.912	0.895	0.867	0.809	0.785	0.767	0.698	0.657	0.636	0.572	0.546	0.501	0.476	0.447	0.416	0.404	0.342	0.326	0.319	0.317	0.324	0.294	0.269	0.24	0.268	0.281	0.283	0.271	0.294	0.297	0.278	0.316	0.308	0.338	0.337	0.376	0.402	0.387	0.443	0.426	0.462	0.506	0.507	0.538	0.536	0.598	0.593	0.65	0.646	0.677	0.687	0.724	0.743	0.789	0.776	0.799	0.836	0.855	
1	1	1	1	1	1	1	1	1	1	1	1	1	1	1	1	1	1	1	1	1	1	1	1	1	1	1	1	1	1	1	1	1	1	1	1	1	1	1	1	1	1	1	1	1	0.999	0.997	0.995	0.997	0.988	0.982	0.971	0.959	0.955	0.931	0.879	0.869	0.814	0.804	0.745	0.699	0.609	0.578	0.503	0.471	0.408	0.326	0.277	0.252	0.209	0.146	0.136	0.104	0.086	0.052	0.044	0.03	0.017	0.014	0.008	0.006	0.001	0.002	0.005	0.001	0.001	0.001	0	0	0	0	0	0	0	0	0	0	0	0	0	
1	1	1	1	1	1	1	1	1	1	1	1	1	1	1	1	1	1	1	1	1	1	1	1	1	0.999	1	0.997	0.995	0.99	0.978	0.969	0.944	0.899	0.849	0.762	0.71	0.608	0.551	0.481	0.373	0.325	0.273	0.215	0.174	0.12	0.092	0.085	0.064	0.044	0.033	0.024	0.026	0.013	0.005	0.013	0.01	0.007	0.003	0.006	0.001	0.004	0	0	0	0	0	0	0.001	0	0	0.001	0	0	0	0	0	0	0	0	0	0	0	0	0	0	0	0	0	0	0	0	0	0	0	0	0	0	0	0	
1	1	1	1	1	1	1	1	1	1	1	1	1	1	1	1	1	1	1	1	1	1	1	1	1	1	1	1	1	1	1	1	1	1	1	1	1	1	0.995	0.996	0.997	0.993	0.995	0.992	0.986	0.975	0.976	0.97	0.964	0.942	0.929	0.919	0.895	0.907	0.887	0.886	0.838	0.833	0.763	0.762	0.744	0.728	0.681	0.65	0.599	0.565	0.536	0.544	0.444	0.433	0.413	0.353	0.305	0.268	0.239	0.192	0.165	0.16	0.11	0.081	0.065	0.057	0.028	0.029	0.022	0.017	0.009	0.007	0.005	0.002	0.002	0.001	0	0	0	0	0	0	0	0	
1	1	1	1	1	1	1	1	1	1	1	1	1	1	1	1	1	1	1	1	1	1	1	0.999	0.994	0.989	0.983	0.965	0.925	0.897	0.804	0.738	0.66	0.573	0.477	0.405	0.327	0.238	0.189	0.144	0.112	0.077	0.06	0.046	0.033	0.01	0.011	0.009	0.004	0.003	0.004	0.005	0	0.002	0.001	0	0	0	0	0	0	0	0	0	0	0	0	0	0	0	0	0	0	0	0	0	0	0	0	0	0	0	0	0	0	0	0	0	0	0	0	0	0	0	0	0	0	0	0	0	
1	1	1	1	1	1	1	0.999	0.997	0.997	0.997	0.995	0.995	0.989	0.995	0.991	0.992	0.992	0.993	0.987	0.988	0.996	0.993	0.991	0.985	0.985	0.99	0.982	0.986	0.979	0.99	0.977	0.984	0.981	0.975	0.975	0.974	0.955	0.962	0.957	0.941	0.937	0.929	0.909	0.892	0.88	0.862	0.812	0.811	0.814	0.76	0.725	0.699	0.677	0.677	0.605	0.583	0.513	0.503	0.482	0.447	0.411	0.367	0.339	0.285	0.254	0.23	0.19	0.169	0.139	0.114	0.089	0.078	0.054	0.054	0.034	0.027	0.016	0.014	0.009	0.011	0.008	0.004	0.005	0	0.003	0	0	0.001	0	0	0	0	0	0	0	0	0	0	0	
1	1	1	1	1	1	1	1	1	1	1	1	1	1	1	1	1	1	1	1	1	1	1	1	1	1	0.999	1	0.998	0.993	0.991	0.989	0.977	0.947	0.923	0.879	0.828	0.797	0.745	0.639	0.613	0.538	0.474	0.416	0.355	0.282	0.238	0.211	0.179	0.125	0.098	0.109	0.078	0.054	0.048	0.033	0.023	0.027	0.018	0.021	0.014	0.013	0.004	0.005	0.005	0.008	0.006	0.002	0.002	0	0	0.001	0.001	0	0	0	0	0	0	0	0	0	0	0	0	0	0	0	0	0	0	0	0	0	0	0	0	0	0	0	
1	1	1	1	1	1	1	1	1	1	1	1	1	1	1	1	1	1	1	0.999	1	0.998	0.998	0.998	0.998	0.994	0.995	0.995	0.982	0.97	0.978	0.977	0.967	0.955	0.942	0.923	0.915	0.89	0.89	0.877	0.843	0.821	0.806	0.76	0.747	0.731	0.733	0.67	0.671	0.628	0.637	0.605	0.591	0.575	0.558	0.524	0.526	0.475	0.482	0.45	0.489	0.448	0.426	0.432	0.419	0.442	0.402	0.413	0.401	0.403	0.395	0.362	0.351	0.372	0.327	0.361	0.35	0.343	0.356	0.332	0.354	0.361	0.347	0.333	0.305	0.349	0.32	0.324	0.311	0.305	0.258	0.294	0.258	0.253	0.259	0.257	0.25	0.254	0.234	0.196	
1	1	1	1	1	1	1	1	1	1	1	1	1	1	1	1	1	1	1	1	0.998	0.997	0.993	0.969	0.945	0.916	0.849	0.801	0.737	0.647	0.562	0.438	0.329	0.27	0.23	0.148	0.112	0.088	0.061	0.037	0.031	0.014	0.01	0.007	0.003	0.003	0.002	0.001	0	0	0	0	0.001	0	0	0	0	0	0	0	0	0	0	0	0	0	0	0	0	0	0	0	0	0	0	0	0	0	0	0	0	0	0	0	0	0	0	0	0	0	0	0	0	0	0	0	0	0	0	0	
1	1	1	1	1	1	1	1	1	1	1	1	1	1	1	1	0.998	0.999	0.994	0.995	0.986	0.974	0.961	0.939	0.907	0.891	0.844	0.813	0.77	0.708	0.641	0.572	0.518	0.475	0.408	0.37	0.341	0.295	0.238	0.236	0.21	0.179	0.149	0.125	0.119	0.119	0.091	0.082	0.076	0.066	0.066	0.058	0.042	0.031	0.036	0.02	0.028	0.019	0.017	0.02	0.017	0.01	0.019	0.011	0.012	0.008	0.003	0.007	0.001	0.002	0.005	0.002	0.001	0.003	0	0.003	0	0	0	0	0	0	0	0	0	0	0	0	0	0	0	0	0	0	0	0	0	0	0	0	
