1	1	1	1	1	1	1	1	1	1	1	1	1	1	1	1	1	0.999	0.992	0.981	0.936	0.849	0.723	0.604	0.463	0.3	0.186	0.112	0.072	0.044	0.02	0.012	0.008	0.004	0.002	0.002	0.001	0	0	0	0	0	0	0	0	0	0	0	0	0	0	0	0	0	0	0	0	0	0	0	0	0	0	0	0	0	0	0	0	0	0	0	0	0	0	0	0	0	0	0	0	0	0	0	0	0	0	0	0	0	0	0	0	0	0	0	0	0	0	0	
1	1	1	1	1	1	1	0.999	0.997	0.99	0.987	0.964	0.935	0.908	0.856	0.821	0.769	0.713	0.67	0.636	0.551	0.552	0.533	0.493	0.457	0.419	0.393	0.404	0.355	0.344	0.322	0.321	0.287	0.31	0.304	0.281	0.27	0.292	0.282	0.303	0.279	0.276	0.312	0.297	0.3	0.308	0.281	0.271	0.29	0.314	0.308	0.304	0.293	0.294	0.312	0.314	0.328	0.291	0.318	0.339	0.316	0.354	0.312	0.327	0.34	0.362	0.374	0.353	0.346	0.377	0.329	0.362	0.363	0.344	0.353	0.338	0.355	0.348	0.37	0.329	0.363	0.345	0.358	0.359	0.341	0.362	0.363	0.359	0.358	0.358	0.384	0.372	0.343	0.337	0.367	0.368	0.398	0.37	0.381	0.408	
1	1	1	1	1	1	1	1	1	1	1	0.998	1	0.998	0.972	0.92	0.823	0.692	0.588	0.469	0.291	0.212	0.158	0.117	0.073	0.051	0.037	0.017	0.01	0.006	0.005	0.005	0.004	0.003	0	0	0	0.001	0	0	0	0	0	0	0	0	0	0	0	0	0	0	0	0	0	0	0	0	0	0	0	0	0	0	0	0	0	0	0	0	0	0	0	0	0	0	0	0	0	0	0	0	0	0	0	0	0	0	0	0	0	0	0	0	0	0	0	0	0	0	
1	1	1	1	1	1	1	1	1	1	1	1	1	1	1	1	1	1	1	1	1	1	1	1	1	1	1	1	1	1	1	1	1	1	1	1	1	1	1	1	1	1	1	1	1	1	1	1	1	1	1	1	1	1	1	1	1	1	0.999	1	0.999	1	1	0.998	0.995	0.992	0.991	0.989	0.986	0.982	0.979	0.962	0.957	0.952	0.937	0.902	0.9	0.864	0.857	0.823	0.786	0.767	0.768	0.73	0.664	0.677	0.62	0.604	0.556	0.521	0.49	0.443	0.437	0.427	0.396	0.361	0.323	0.314	0.289	0.281	
1	1	1	1	1	1	1	1	1	1	1	1	1	1	1	1	1	1	1	1	1	1	1	1	0.999	1	0.999	0.999	0.997	0.998	0.996	0.995	0.995	0.99	0.992	0.988	0.996	0.989	0.99	0.987	0.994	0.993	0.988	0.995	0.989	0.986	0.988	0.986	0.993	0.991	0.988	0.989	0.99	0.994	0.988	0.99	0.992	0.985	0.987	0.987	0.985	0.978	0.984	0.98	0.988	0.974	0.984	0.988	0.989	0.979	0.98	0.975	0.972	0.972	0.963	0.972	0.969	0.973	0.968	0.971	0.949	0.958	0.95	0.966	0.957	0.945	0.95	0.954	0.941	0.935	0.945	0.934	0.934	0.929	0.926	0.923	0.925	0.917	0.933	0.913	
1	1	1	1	1	1	1	1	0.999	1	0.995	0.988	0.982	0.961	0.937	0.903	0.878	0.806	0.73	0.704	0.623	0.516	0.418	0.329	0.237	0.191	0.111	0.069	0.045	0.021	0.007	0.01	0.007	0.003	0.001	0	0	0	0	0	0	0	0	0	0	0	0	0	0	0	0	0	0	0	0	0	0	0	0	0	0	0	0	0	0	0	0	0	0	0	0	0	0	0	0	0	0	0	0	0	0	0	0	0	0	0	0	0	0	0	0	0	0	0	0	0	0	0	0	0	
1	1	1	1	1	1	1	1	1	1	1	1	1	1	1	1	1	1	1	1	1	1	1	1	1	1	1	1	1	1	1	0.999	1	0.997	0.991	0.988	0.98	0.972	0.961	0.932	0.914	0.881	0.841	0.813	0.741	0.719	0.674	0.594	0.564	0.497	0.429	0.393	0.371	0.313	0.28	0.266	0.218	0.191	0.163	0.137	0.124	0.106	0.079	0.08	0.072	0.059	0.056	0.038	0.04	0.022	0.033	0.024	0.016	0.021	0.011	0.011	0.015	0.01	0.008	0.007	0.01	0.004	0.004	0.002	0.004	0.001	0.006	0.004	0	0.004	0.001	0.004	0	0.001	0.001	0	0.001	0.001	0.001	0	
1	1	1	1	1	1	1	1	1	1	1	1	1	1	1	1	0.999	1	0.997	0.984	0.98	0.978	0.976	0.946	0.927	0.905	0.917	0.883	0.876	0.81	0.803	0.809	0.771	0.757	0.722	0.682	0.708	0.672	0.638	0.622	0.583	0.556	0.578	0.517	0.508	0.497	0.478	0.473	0.437	0.431	0.406	0.384	0.358	0.34	0.344	0.3	0.297	0.271	0.263	0.258	0.224	0.208	0.205	0.18	0.179	0.135	0.128	0.137	0.118	0.093	0.098	0.082	0.071	0.055	0.056	0.038	0.036	0.024	0.024	0.024	0.015	0.008	0.009	0.01	0.005	0.006	0.003	0.004	0.003	0.002	0.001	0.001	0	0.001	0	0	0	0	0	0	
1	1	1	1	1	1	1	1	1	1	1	1	1	1	1	1	1	1	1	1	1	1	1	1	1	1	1	1	1	1	1	1	1	1	1	1	1	1	1	1	1	1	1	1	1	1	1	1	0.999	0.999	1	1	0.998	0.996	0.999	0.995	0.995	0.993	0.994	0.993	0.986	0.99	0.982	0.98	0.979	0.971	0.968	0.954	0.955	0.954	0.952	0.931	0.934	0.933	0.906	0.903	0.895	0.867	0.871	0.873	0.86	0.85	0.837	0.821	0.809	0.815	0.793	0.757	0.759	0.754	0.734	0.752	0.722	0.715	0.697	0.7	0.671	0.688	0.672	0.676	
1	1	1	1	1	1	1	1	1	1	1	1	0.998	0.999	0.988	0.983	0.96	0.923	0.864	0.785	0.699	0.606	0.482	0.415	0.324	0.255	0.192	0.138	0.118	0.079	0.059	0.032	0.034	0.015	0.017	0.008	0.012	0.009	0.007	0.002	0.001	0.002	0	0	0	0	0.001	0	0	0	0	0	0	0	0	0	0	0	0	0	0	0	0	0	0	0	0	0	0	0	0	0	0	0	0	0	0	0	0	0	0	0	0	0	0	0	0	0	0	0	0	0	0	0	0	0	0	0	0	0	
1	1	1	1	1	1	1	1	1	1	1	1	1	1	1	1	1	0.999	1	1	0.997	0.995	0.986	0.973	0.939	0.895	0.823	0.735	0.678	0.58	0.476	0.419	0.349	0.297	0.252	0.198	0.147	0.109	0.089	0.075	0.076	0.073	0.047	0.042	0.02	0.02	0.02	0.018	0.015	0.013	0.006	0.011	0.007	0.007	0.008	0.003	0.001	0.002	0.002	0.003	0.003	0.005	0.002	0	0.001	0	0.001	0.003	0.001	0.001	0	0.003	0.001	0.002	0.002	0	0.001	0.001	0	0.001	0.002	0.001	0	0	0	0	0	0.001	0	0.001	0.001	0	0	0	0	0	0.001	0	0.001	0	
1	1	1	1	1	1	1	1	1	1	1	1	1	1	1	1	1	1	1	1	1	1	1	1	1	1	1	1	1	1	1	1	1	1	1	1	1	1	1	1	1	0.999	1	0.998	0.997	0.996	0.986	0.984	0.96	0.938	0.944	0.9	0.879	0.841	0.764	0.763	0.699	0.637	0.569	0.526	0.467	0.395	0.361	0.302	0.298	0.221	0.204	0.167	0.132	0.118	0.096	0.079	0.068	0.041	0.033	0.034	0.022	0.018	0.02	0.019	0.013	0.006	0.006	0.003	0.002	0.003	0.003	0.001	0	0.003	0	0	0.001	0	0	0	0	0.001	0	0	
1	1	1	1	1	1	1	1	1	1	1	1	1	1	1	1	1	1	1	1	1	1	1	1	0.999	1	0.999	0.995	0.995	0.995	0.984	0.972	0.961	0.952	0.914	0.882	0.838	0.763	0.707	0.63	0.549	0.514	0.413	0.372	0.321	0.261	0.231	0.173	0.14	0.112	0.101	0.079	0.045	0.036	0.029	0.034	0.017	0.016	0.008	0.008	0.006	0.003	0.005	0	0.002	0	0.001	0	0.003	0.001	0	0	0.001	0	0	0	0	0	0	0	0	0	0	0	0	0	0	0	0	0	0	0	0	0	0	0	0	0	0	0	
1	1	1	1	1	1	1	1	1	1	1	1	1	1	1	1	1	0.999	0.996	0.987	0.979	0.939	0.874	0.851	0.772	0.688	0.588	0.468	0.397	0.297	0.241	0.159	0.127	0.097	0.057	0.031	0.031	0.011	0.016	0.006	0.007	0.004	0.002	0.001	0.001	0.002	0	0	0	0	0	0	0	0	0	0	0	0	0	0	0	0	0	0	0	0	0	0	0	0	0	0	0	0	0	0	0	0	0	0	0	0	0	0	0	0	0	0	0	0	0	0	0	0	0	0	0	0	0	0	
1	1	1	1	1	1	1	1	1	1	1	1	1	1	1	1	1	1	1	1	1	1	1	1	1	1	1	1	1	1	1	1	1	1	1	1	1	1	1	1	1	1	1	1	1	1	1	1	1	1	1	1	1	1	1	1	1	1	1	1	1	1	1	1	1	1	1	1	1	1	1	1	1	1	1	1	1	1	1	1	1	1	1	1	1	1	0.999	1	1	1	1	0.999	1	0.999	0.998	1	1	1	0.999	0.996	
1	1	1	1	1	1	1	1	1	1	1	1	1	1	1	1	1	1	1	0.999	0.999	0.993	0.995	0.982	0.979	0.967	0.956	0.931	0.907	0.857	0.808	0.792	0.728	0.69	0.649	0.591	0.549	0.51	0.46	0.423	0.381	0.361	0.322	0.324	0.247	0.226	0.217	0.193	0.204	0.164	0.174	0.128	0.124	0.104	0.108	0.091	0.083	0.076	0.092	0.057	0.07	0.051	0.043	0.044	0.04	0.043	0.045	0.039	0.037	0.025	0.023	0.025	0.021	0.027	0.01	0.016	0.018	0.015	0.013	0.006	0.011	0.007	0.009	0.004	0.003	0.004	0.006	0.01	0.001	0.004	0	0.002	0.003	0.001	0.001	0.001	0.001	0.001	0	0.001	
1	1	1	1	1	1	1	1	1	1	1	1	1	1	1	1	1	1	1	1	1	1	1	1	1	1	1	1	1	1	1	1	1	1	1	1	1	1	1	0.999	1	0.999	0.998	0.998	0.999	0.992	1	0.991	0.992	0.988	0.977	0.98	0.976	0.959	0.941	0.959	0.927	0.901	0.892	0.862	0.795	0.808	0.736	0.748	0.726	0.689	0.652	0.579	0.533	0.503	0.453	0.429	0.392	0.309	0.249	0.239	0.215	0.184	0.153	0.131	0.103	0.085	0.064	0.077	0.048	0.041	0.028	0.02	0.019	0.013	0.012	0.007	0.004	0.004	0.004	0.002	0.001	0	0.002	0.002	
1	1	1	1	1	1	1	1	1	0.998	0.996	0.98	0.946	0.895	0.846	0.741	0.669	0.545	0.479	0.39	0.293	0.248	0.18	0.125	0.093	0.059	0.045	0.038	0.011	0.008	0.007	0.002	0.003	0.001	0.001	0.001	0	0	0	0	0	0	0	0	0	0	0	0	0	0	0	0	0	0	0	0	0	0	0	0	0	0	0	0	0	0	0	0	0	0	0	0	0	0	0	0	0	0	0	0	0	0	0	0	0	0	0	0	0	0	0	0	0	0	0	0	0	0	0	0	
1	1	1	1	1	1	1	1	1	1	0.998	0.999	0.994	0.986	0.958	0.901	0.853	0.731	0.658	0.547	0.424	0.322	0.231	0.188	0.108	0.105	0.065	0.044	0.04	0.007	0.009	0.009	0.002	0.004	0	0	0	0	0	0	0	0	0	0	0	0	0	0	0	0	0	0	0	0	0	0	0	0	0	0	0	0	0	0	0	0	0	0	0	0	0	0	0	0	0	0	0	0	0	0	0	0	0	0	0	0	0	0	0	0	0	0	0	0	0	0	0	0	0	0	
1	1	1	1	1	1	1	1	1	1	1	1	1	1	1	1	1	1	1	1	1	1	1	1	1	1	1	1	1	1	1	1	1	1	1	0.998	0.997	0.993	0.979	0.956	0.946	0.913	0.869	0.803	0.737	0.644	0.583	0.463	0.427	0.33	0.249	0.184	0.132	0.094	0.075	0.049	0.029	0.021	0.016	0.011	0.008	0.003	0.002	0.004	0.001	0.001	0	0	0.001	0	0	0	0	0	0	0	0	0	0	0	0	0	0	0	0	0	0	0	0	0	0	0	0	0	0	0	0	0	0	0	
0.649	0.623	0.55	0.53	0.453	0.453	0.426	0.371	0.407	0.358	0.359	0.345	0.364	0.352	0.378	0.349	0.378	0.381	0.338	0.353	0.334	0.321	0.312	0.275	0.264	0.273	0.261	0.25	0.25	0.236	0.203	0.201	0.177	0.194	0.162	0.173	0.158	0.152	0.123	0.145	0.13	0.124	0.132	0.117	0.103	0.103	0.107	0.1	0.078	0.086	0.098	0.094	0.074	0.06	0.065	0.059	0.072	0.06	0.056	0.045	0.058	0.059	0.033	0.038	0.042	0.036	0.034	0.034	0.032	0.035	0.026	0.017	0.02	0.018	0.008	0.007	0.006	0.01	0.006	0.004	0.002	0.002	0.004	0.003	0.001	0.001	0.001	0.002	0.001	0.002	0.001	0	0.001	0	0	0	0.001	0	0	0	
1	1	1	1	1	1	1	1	1	1	1	1	1	1	1	1	1	1	1	1	1	1	1	1	1	1	1	1	1	1	1	1	1	1	1	1	1	1	1	1	1	1	1	1	1	1	1	0.996	0.998	0.998	0.995	0.993	0.988	0.974	0.972	0.957	0.945	0.936	0.889	0.86	0.827	0.796	0.775	0.696	0.673	0.642	0.601	0.572	0.529	0.451	0.437	0.38	0.364	0.325	0.329	0.258	0.265	0.224	0.207	0.182	0.163	0.144	0.143	0.124	0.126	0.115	0.085	0.085	0.072	0.078	0.07	0.066	0.072	0.063	0.046	0.043	0.038	0.033	0.038	0.03	
1	1	1	1	1	1	1	1	1	1	1	1	1	1	1	1	1	1	1	1	1	1	1	1	1	1	1	1	1	1	1	1	0.999	1	0.998	0.998	1	0.999	0.995	0.998	0.997	0.992	0.989	0.986	0.985	0.975	0.956	0.95	0.945	0.939	0.925	0.916	0.885	0.879	0.882	0.827	0.811	0.799	0.772	0.729	0.7	0.659	0.647	0.618	0.587	0.536	0.513	0.475	0.417	0.399	0.359	0.342	0.327	0.294	0.228	0.218	0.209	0.174	0.153	0.127	0.109	0.087	0.073	0.081	0.056	0.042	0.042	0.04	0.039	0.025	0.017	0.014	0.01	0.009	0.009	0.009	0.003	0.002	0.001	0.003	
1	1	1	1	1	1	1	1	1	1	1	1	1	1	1	1	1	1	1	1	1	1	1	1	1	1	1	1	1	1	1	1	1	1	1	1	1	1	1	1	1	1	1	1	1	1	1	1	1	1	1	1	1	1	0.999	0.998	0.999	0.998	0.999	1	0.997	1	0.994	0.996	0.999	0.996	0.997	0.997	0.996	0.995	0.995	0.995	0.994	0.995	0.993	0.988	0.988	0.982	0.988	0.98	0.971	0.979	0.977	0.982	0.97	0.957	0.968	0.955	0.962	0.954	0.952	0.946	0.935	0.94	0.94	0.926	0.929	0.924	0.927	0.914	
1	1	1	1	1	1	1	1	1	1	1	1	1	1	1	1	1	1	1	1	1	1	1	1	1	1	1	1	1	1	1	1	1	1	1	1	1	1	1	1	1	1	1	1	1	1	0.999	1	1	0.999	0.998	0.999	0.997	0.994	0.995	0.992	0.984	0.987	0.964	0.961	0.931	0.923	0.888	0.882	0.834	0.794	0.768	0.709	0.671	0.619	0.588	0.528	0.507	0.434	0.358	0.338	0.315	0.266	0.232	0.203	0.16	0.125	0.13	0.103	0.076	0.07	0.054	0.045	0.036	0.035	0.029	0.031	0.017	0.012	0.016	0.014	0.009	0.013	0.006	0	
1	1	1	1	1	1	1	1	1	0.997	0.991	0.951	0.863	0.755	0.636	0.518	0.412	0.33	0.223	0.189	0.139	0.1	0.055	0.061	0.048	0.032	0.02	0.012	0.005	0.004	0.006	0.004	0.002	0.004	0	0.001	0.001	0.001	0	0.001	0	0	0	0	0	0	0	0	0	0	0	0	0	0	0	0	0	0	0	0	0	0	0	0	0	0	0	0	0	0	0	0	0	0	0	0	0	0	0	0	0	0	0	0	0	0	0	0	0	0	0	0	0	0	0	0	0	0	0	0	
1	1	1	1	1	1	1	1	1	1	1	1	1	1	1	1	1	1	1	1	1	1	1	0.998	0.999	0.997	0.998	0.994	0.992	0.985	0.972	0.974	0.957	0.942	0.925	0.923	0.887	0.871	0.867	0.842	0.788	0.763	0.717	0.706	0.67	0.639	0.609	0.568	0.515	0.471	0.468	0.442	0.424	0.342	0.324	0.285	0.278	0.244	0.25	0.175	0.199	0.184	0.157	0.142	0.119	0.121	0.101	0.096	0.082	0.064	0.068	0.051	0.057	0.042	0.037	0.029	0.031	0.024	0.023	0.019	0.013	0.017	0.011	0.003	0.006	0.008	0.009	0.003	0.003	0.003	0.001	0.002	0.001	0.002	0.001	0	0.003	0.001	0	0.001	
1	1	1	1	1	1	1	1	1	1	1	1	0.999	1	0.999	1	0.997	0.994	0.987	0.978	0.954	0.959	0.936	0.918	0.899	0.892	0.864	0.823	0.794	0.766	0.755	0.762	0.725	0.712	0.673	0.69	0.639	0.621	0.61	0.583	0.574	0.58	0.572	0.562	0.512	0.535	0.508	0.533	0.543	0.491	0.494	0.502	0.516	0.473	0.478	0.47	0.5	0.486	0.476	0.464	0.483	0.474	0.486	0.446	0.43	0.476	0.456	0.445	0.445	0.471	0.46	0.457	0.441	0.44	0.444	0.452	0.435	0.422	0.421	0.442	0.436	0.459	0.423	0.412	0.417	0.42	0.424	0.433	0.434	0.402	0.446	0.435	0.451	0.404	0.415	0.39	0.396	0.397	0.419	0.407	
1	1	1	1	1	1	1	1	1	1	1	1	1	1	1	1	1	1	1	1	1	1	1	1	1	1	1	1	0.999	0.999	0.997	0.974	0.945	0.909	0.829	0.761	0.659	0.565	0.484	0.371	0.309	0.227	0.199	0.134	0.094	0.074	0.056	0.041	0.03	0.023	0.016	0.012	0.006	0.011	0.006	0.002	0.003	0.001	0.002	0.002	0	0.006	0.001	0	0.003	0	0	0	0	0	0	0	0	0	0	0	0	0	0	0	0	0	0	0	0	0	0	0	0	0	0	0	0	0	0	0	0	0	0	0	
1	1	1	1	1	1	1	1	1	1	1	1	1	1	1	0.998	1	0.997	0.995	0.992	0.978	0.976	0.955	0.94	0.889	0.853	0.776	0.765	0.711	0.662	0.575	0.536	0.495	0.399	0.329	0.276	0.259	0.202	0.166	0.125	0.12	0.085	0.072	0.052	0.037	0.033	0.031	0.016	0.017	0.009	0.016	0.007	0.004	0.004	0.001	0	0.001	0	0	0.001	0	0	0	0	0.001	0	0	0	0	0	0	0	0	0	0	0	0	0	0	0	0	0	0	0	0	0	0	0	0	0	0	0	0	0	0	0	0	0	0	0	
1	1	1	1	1	1	1	1	1	1	1	1	0.999	0.999	0.994	0.993	0.99	0.979	0.98	0.978	0.981	0.979	0.975	0.954	0.955	0.964	0.944	0.948	0.954	0.955	0.962	0.963	0.945	0.954	0.952	0.942	0.957	0.954	0.947	0.943	0.939	0.944	0.93	0.937	0.93	0.923	0.94	0.93	0.928	0.923	0.91	0.911	0.928	0.913	0.895	0.883	0.906	0.895	0.89	0.868	0.892	0.885	0.877	0.868	0.867	0.89	0.838	0.84	0.846	0.836	0.842	0.837	0.816	0.819	0.826	0.817	0.813	0.837	0.816	0.818	0.817	0.812	0.815	0.812	0.789	0.799	0.784	0.803	0.792	0.773	0.769	0.778	0.794	0.786	0.76	0.753	0.728	0.768	0.735	0.737	
0.994	0.789	0.503	0.327	0.176	0.108	0.059	0.051	0.032	0.013	0.015	0.008	0.014	0.006	0.006	0.002	0.002	0	0	0.002	0	0	0	0	0	0	0	0	0	0	0	0	0	0	0	0	0	0	0	0	0	0	0	0	0	0	0	0	0	0	0	0	0	0	0	0	0	0	0	0	0	0	0	0	0	0	0	0	0	0	0	0	0	0	0	0	0	0	0	0	0	0	0	0	0	0	0	0	0	0	0	0	0	0	0	0	0	0	0	0	
1	1	1	1	1	1	1	1	1	1	1	1	1	1	1	1	1	1	1	1	1	1	1	1	1	1	1	1	1	1	1	1	1	1	1	1	1	1	1	1	1	1	1	1	1	1	1	1	1	1	1	0.999	1	1	1	0.999	0.999	0.997	1	0.99	0.995	0.991	0.986	0.982	0.969	0.969	0.961	0.953	0.953	0.918	0.919	0.905	0.878	0.863	0.825	0.825	0.796	0.774	0.754	0.693	0.648	0.621	0.617	0.551	0.537	0.504	0.46	0.413	0.396	0.315	0.28	0.309	0.231	0.242	0.184	0.183	0.132	0.13	0.115	0.104	
1	1	1	1	1	1	1	1	1	1	1	1	1	0.993	0.976	0.954	0.886	0.802	0.691	0.544	0.399	0.28	0.198	0.142	0.084	0.049	0.035	0.013	0.008	0.007	0.004	0.002	0	0	0.002	0	0.001	0	0	0	0.001	0	0	0	0	0	0	0	0	0	0	0	0	0	0	0	0	0	0	0	0	0	0	0	0	0	0	0	0	0	0	0	0	0	0	0	0	0	0	0	0	0	0	0	0	0	0	0	0	0	0	0	0	0	0	0	0	0	0	0	
1	1	1	1	1	1	1	1	1	1	1	1	1	1	1	1	1	1	1	1	1	1	1	1	1	1	0.999	0.996	1	0.994	0.992	0.992	0.99	0.988	0.972	0.972	0.959	0.961	0.957	0.927	0.917	0.907	0.871	0.867	0.849	0.842	0.828	0.812	0.781	0.734	0.736	0.73	0.696	0.7	0.667	0.648	0.622	0.632	0.617	0.58	0.581	0.535	0.53	0.506	0.507	0.508	0.474	0.488	0.479	0.468	0.462	0.463	0.42	0.416	0.404	0.422	0.411	0.38	0.414	0.401	0.345	0.363	0.362	0.383	0.358	0.352	0.375	0.319	0.361	0.316	0.345	0.328	0.346	0.361	0.346	0.309	0.3	0.369	0.34	0.32	
1	1	1	1	1	1	1	1	1	1	1	1	1	1	1	1	1	1	1	1	1	1	1	1	1	1	1	0.998	0.997	0.994	0.984	0.977	0.951	0.934	0.892	0.852	0.806	0.752	0.684	0.644	0.59	0.506	0.481	0.416	0.298	0.28	0.212	0.173	0.161	0.125	0.096	0.078	0.064	0.038	0.052	0.031	0.023	0.007	0.014	0.01	0.004	0.002	0.002	0.005	0.004	0.002	0.002	0	0	0	0	0.001	0	0	0	0	0	0	0	0.001	0	0	0	0	0	0	0	0	0	0	0	0	0	0	0	0	0	0	0	0	
1	1	1	1	1	1	1	1	1	1	1	1	1	1	1	1	1	1	1	1	1	1	1	1	1	1	1	1	1	1	1	1	1	0.999	1	1	1	0.999	0.999	0.999	1	1	1	0.998	1	0.996	0.997	0.998	0.995	0.991	0.989	0.982	0.972	0.97	0.955	0.955	0.931	0.92	0.917	0.893	0.868	0.845	0.806	0.798	0.774	0.733	0.726	0.69	0.651	0.624	0.598	0.55	0.526	0.489	0.456	0.413	0.373	0.381	0.334	0.306	0.31	0.29	0.275	0.254	0.218	0.186	0.188	0.188	0.145	0.138	0.128	0.12	0.119	0.116	0.091	0.085	0.082	0.088	0.079	0.058	
1	1	1	1	1	1	1	1	1	1	1	1	1	1	1	1	1	1	1	1	0.998	0.999	0.995	0.992	0.99	0.969	0.966	0.931	0.896	0.844	0.749	0.691	0.579	0.451	0.329	0.24	0.187	0.139	0.076	0.053	0.034	0.015	0.015	0.007	0.006	0	0.003	0.001	0.001	0	0	0.001	0	0	0	0	0	0	0.001	0	0	0	0	0	0	0	0	0	0	0	0	0	0	0	0	0	0	0	0	0	0	0	0	0	0	0	0	0	0	0	0	0	0	0	0	0	0	0	0	0	
1	1	1	1	1	1	1	1	1	1	1	1	1	0.998	0.998	0.998	0.996	0.988	0.99	0.992	0.988	0.98	0.991	0.966	0.961	0.973	0.958	0.954	0.937	0.953	0.898	0.925	0.907	0.896	0.857	0.857	0.838	0.813	0.792	0.773	0.745	0.723	0.689	0.663	0.634	0.622	0.575	0.524	0.529	0.508	0.465	0.427	0.421	0.399	0.384	0.361	0.315	0.296	0.294	0.278	0.26	0.234	0.233	0.207	0.197	0.215	0.186	0.168	0.173	0.176	0.162	0.161	0.156	0.128	0.127	0.13	0.137	0.138	0.139	0.143	0.131	0.138	0.132	0.16	0.158	0.124	0.109	0.12	0.133	0.155	0.137	0.147	0.144	0.144	0.157	0.157	0.176	0.162	0.15	0.154	
1	1	1	1	1	1	1	1	1	1	1	1	1	1	1	1	1	1	1	1	1	1	1	1	1	1	1	1	1	1	1	1	1	1	1	1	1	1	1	1	1	1	1	1	1	1	1	1	0.999	0.999	1	1	0.997	0.998	0.999	1	0.997	0.992	0.995	0.992	0.983	0.991	0.989	0.988	0.982	0.976	0.976	0.968	0.967	0.969	0.964	0.969	0.961	0.956	0.96	0.937	0.954	0.946	0.939	0.946	0.936	0.913	0.945	0.948	0.935	0.921	0.916	0.923	0.935	0.933	0.933	0.924	0.935	0.931	0.925	0.919	0.919	0.905	0.918	0.926	
1	1	1	1	1	1	1	1	1	1	1	1	1	1	1	0.999	0.999	0.996	0.987	0.987	0.975	0.962	0.955	0.921	0.92	0.876	0.832	0.817	0.783	0.735	0.746	0.649	0.567	0.549	0.515	0.446	0.398	0.339	0.32	0.287	0.236	0.221	0.203	0.206	0.171	0.135	0.131	0.129	0.108	0.089	0.084	0.071	0.067	0.066	0.059	0.055	0.06	0.044	0.033	0.034	0.026	0.032	0.029	0.027	0.029	0.019	0.022	0.031	0.018	0.019	0.026	0.011	0.018	0.014	0.014	0.014	0.019	0.008	0.01	0.01	0.01	0.005	0.007	0.01	0.012	0.01	0.005	0.005	0.007	0.005	0.004	0.008	0.004	0.005	0.003	0.002	0.002	0.001	0.003	0.002	
1	1	1	1	1	1	1	1	1	1	1	1	1	1	1	1	1	1	1	1	1	1	1	1	1	1	1	1	1	1	1	1	0.999	0.997	0.997	0.991	0.992	0.987	0.991	0.978	0.966	0.968	0.958	0.962	0.928	0.914	0.933	0.898	0.887	0.852	0.849	0.837	0.803	0.774	0.733	0.744	0.685	0.679	0.644	0.631	0.601	0.57	0.542	0.549	0.523	0.499	0.445	0.457	0.414	0.421	0.398	0.361	0.384	0.335	0.332	0.331	0.34	0.303	0.293	0.265	0.258	0.261	0.224	0.235	0.25	0.227	0.224	0.234	0.226	0.233	0.228	0.229	0.21	0.233	0.213	0.244	0.255	0.262	0.251	0.229	
1	1	1	1	1	1	1	1	1	1	1	1	1	1	0.998	0.999	0.99	0.975	0.954	0.902	0.836	0.737	0.659	0.556	0.465	0.389	0.25	0.211	0.169	0.089	0.079	0.06	0.025	0.021	0.017	0.009	0.005	0.005	0.002	0.001	0	0	0	0.001	0	0	0	0	0	0	0	0	0	0	0	0	0	0	0	0	0	0	0	0	0	0	0	0	0	0	0	0	0	0	0	0	0	0	0	0	0	0	0	0	0	0	0	0	0	0	0	0	0	0	0	0	0	0	0	0	
1	1	1	1	1	1	1	1	1	1	1	1	1	1	1	1	1	1	1	1	1	1	1	1	1	0.997	0.999	0.997	0.997	0.992	0.995	0.988	0.983	0.972	0.965	0.961	0.949	0.946	0.92	0.913	0.886	0.859	0.838	0.803	0.799	0.76	0.727	0.674	0.633	0.609	0.55	0.569	0.524	0.478	0.42	0.389	0.38	0.327	0.295	0.278	0.24	0.22	0.193	0.165	0.147	0.136	0.119	0.092	0.076	0.081	0.067	0.051	0.043	0.046	0.038	0.03	0.018	0.026	0.012	0.008	0.004	0.003	0.002	0.006	0.004	0.001	0.004	0.002	0.005	0.001	0	0	0.001	0	0	0	0.001	0	0	0.001	
1	1	1	1	1	1	1	1	1	1	1	1	1	1	1	1	1	1	1	1	1	1	1	1	1	1	1	1	1	1	1	1	1	1	1	0.999	1	0.995	0.998	0.998	0.997	0.997	0.993	0.99	0.99	0.981	0.961	0.974	0.955	0.942	0.924	0.912	0.885	0.847	0.843	0.783	0.743	0.683	0.676	0.602	0.568	0.487	0.477	0.43	0.415	0.318	0.285	0.266	0.246	0.193	0.148	0.128	0.105	0.109	0.074	0.055	0.057	0.053	0.021	0.025	0.02	0.018	0.011	0.014	0.015	0.008	0.004	0.006	0.002	0.002	0.001	0.002	0	0.001	0.001	0.003	0.001	0.001	0.003	0	
1	1	1	1	1	1	1	1	1	1	1	1	1	1	1	1	1	1	1	1	1	1	1	1	1	1	1	1	1	1	0.997	0.995	0.988	0.96	0.926	0.889	0.804	0.676	0.581	0.476	0.349	0.286	0.204	0.155	0.095	0.064	0.043	0.028	0.021	0.014	0.003	0.006	0.001	0	0	0	0	0.001	0	0	0	0	0	0	0	0	0	0	0	0	0	0	0	0	0	0	0	0	0	0	0	0	0	0	0	0	0	0	0	0	0	0	0	0	0	0	0	0	0	0	
1	1	1	1	1	1	1	1	1	1	1	1	1	1	1	1	1	1	1	1	1	1	1	1	1	1	0.999	1	1	1	0.995	0.997	0.987	0.981	0.98	0.964	0.949	0.931	0.917	0.894	0.878	0.87	0.819	0.786	0.76	0.747	0.696	0.655	0.608	0.56	0.552	0.5	0.456	0.404	0.369	0.32	0.262	0.265	0.226	0.219	0.17	0.158	0.114	0.098	0.089	0.068	0.048	0.042	0.05	0.035	0.029	0.029	0.02	0.011	0.018	0.01	0.007	0.004	0.006	0.005	0.008	0.003	0.004	0.001	0	0.002	0.002	0.003	0.003	0.001	0.001	0.002	0	0	0	0	0	0	0	0	
1	1	1	1	1	1	1	1	1	1	1	1	1	1	1	1	1	1	1	1	1	1	1	1	1	1	1	1	1	1	1	1	1	1	1	1	1	1	1	1	1	1	1	1	1	1	1	1	1	1	1	1	1	1	1	1	1	1	1	1	1	1	1	1	1	1	1	1	1	1	0.999	1	1	1	1	1	1	1	1	0.998	0.999	1	1	0.999	1	1	1	0.998	1	1	0.996	1	0.999	0.999	0.998	0.997	0.996	0.997	0.998	0.995	
1	1	1	1	1	1	1	1	1	1	1	1	1	1	1	1	1	1	1	1	1	1	1	1	1	1	1	1	1	1	1	1	1	1	1	1	1	1	1	1	1	1	1	1	1	1	1	1	1	1	1	1	1	1	1	1	1	1	0.999	0.999	1	0.998	1	0.999	1	1	0.999	0.995	0.997	0.993	0.998	0.994	0.992	0.993	0.985	0.99	0.99	0.982	0.978	0.976	0.972	0.979	0.978	0.967	0.966	0.967	0.966	0.952	0.966	0.959	0.947	0.943	0.95	0.938	0.923	0.949	0.929	0.924	0.934	0.933	
1	1	1	1	1	1	0.993	0.992	0.982	0.982	0.961	0.942	0.944	0.922	0.874	0.868	0.844	0.769	0.741	0.702	0.656	0.598	0.553	0.531	0.462	0.415	0.369	0.314	0.298	0.268	0.233	0.179	0.143	0.135	0.114	0.105	0.094	0.086	0.067	0.072	0.04	0.035	0.031	0.028	0.022	0.022	0.02	0.016	0.02	0.008	0.003	0.009	0.011	0.005	0.005	0.005	0.003	0.007	0.001	0	0	0	0	0.003	0.001	0	0.001	0	0	0.002	0	0	0	0	0	0	0	0	0	0	0	0	0	0	0	0	0	0	0	0	0	0	0	0	0	0	0	0	0	0	
1	1	1	1	1	1	1	1	1	1	1	0.998	1	0.997	0.993	0.986	0.944	0.922	0.885	0.832	0.749	0.637	0.557	0.462	0.38	0.283	0.238	0.178	0.158	0.086	0.073	0.06	0.04	0.038	0.013	0.017	0.013	0.007	0.004	0.006	0.002	0	0	0.001	0.001	0	0	0	0	0	0	0	0	0	0	0	0	0	0	0	0	0	0	0	0	0	0	0	0	0	0	0	0	0	0	0	0	0	0	0	0	0	0	0	0	0	0	0	0	0	0	0	0	0	0	0	0	0	0	0	
1	1	1	1	1	1	1	1	1	1	1	1	1	1	1	1	1	1	1	1	1	1	1	1	1	1	1	1	1	1	1	1	1	1	1	0.999	0.998	0.999	0.999	0.997	0.995	0.993	0.991	0.991	0.986	0.99	0.982	0.983	0.981	0.964	0.969	0.965	0.968	0.956	0.95	0.929	0.943	0.903	0.92	0.912	0.898	0.874	0.878	0.849	0.857	0.831	0.826	0.757	0.773	0.755	0.714	0.711	0.679	0.672	0.66	0.628	0.6	0.569	0.544	0.563	0.532	0.511	0.484	0.472	0.481	0.466	0.47	0.448	0.416	0.39	0.369	0.354	0.343	0.355	0.348	0.318	0.316	0.31	0.319	0.283	
1	1	1	1	1	1	1	1	1	1	1	1	1	1	1	1	1	0.999	0.999	0.999	0.981	0.947	0.905	0.792	0.697	0.565	0.416	0.33	0.224	0.162	0.115	0.065	0.065	0.043	0.027	0.021	0.014	0.012	0.013	0.006	0.001	0.004	0.007	0.006	0.005	0.006	0.008	0.003	0.005	0.007	0.011	0.004	0.007	0.012	0.007	0.008	0.006	0.009	0.011	0.011	0.01	0.015	0.02	0.022	0.014	0.031	0.03	0.033	0.042	0.051	0.049	0.047	0.053	0.063	0.076	0.062	0.063	0.078	0.103	0.098	0.108	0.108	0.118	0.123	0.134	0.163	0.154	0.147	0.151	0.172	0.213	0.174	0.178	0.189	0.216	0.219	0.253	0.212	0.226	0.235	
1	1	1	1	1	1	1	1	1	1	1	1	1	1	1	1	1	0.994	0.991	0.977	0.968	0.926	0.869	0.814	0.758	0.694	0.651	0.519	0.485	0.38	0.359	0.306	0.276	0.215	0.131	0.11	0.104	0.089	0.061	0.05	0.045	0.033	0.031	0.015	0.015	0.019	0.011	0.005	0.011	0.004	0.005	0.001	0.002	0	0.001	0.001	0.001	0.001	0	0	0	0	0.001	0	0.001	0	0	0	0	0	0	0	0	0	0	0	0	0	0	0	0	0	0	0	0	0	0	0	0	0	0	0	0	0	0	0	0	0	0	0	
1	1	1	1	1	1	1	1	1	1	1	1	1	1	1	1	1	1	1	1	1	1	1	1	1	1	1	1	1	1	1	1	1	1	1	1	1	0.995	0.992	0.998	0.989	0.973	0.976	0.961	0.926	0.911	0.878	0.834	0.803	0.744	0.71	0.656	0.653	0.608	0.564	0.532	0.454	0.445	0.387	0.345	0.342	0.302	0.246	0.223	0.213	0.204	0.17	0.151	0.12	0.124	0.097	0.095	0.091	0.064	0.067	0.043	0.053	0.04	0.033	0.03	0.023	0.031	0.027	0.017	0.019	0.011	0.011	0.009	0.015	0.012	0.012	0.016	0.008	0.004	0.009	0.011	0.002	0.004	0.003	0.005	
1	1	1	1	1	1	1	1	1	1	1	1	1	1	1	1	1	1	1	1	1	1	1	1	1	1	1	1	1	1	1	1	1	1	1	1	1	1	1	1	1	1	1	1	1	1	0.999	1	1	0.999	1	1	0.998	0.995	0.996	0.994	0.992	0.993	0.98	0.98	0.973	0.977	0.969	0.959	0.968	0.95	0.943	0.93	0.916	0.896	0.907	0.885	0.858	0.864	0.833	0.854	0.834	0.801	0.8	0.784	0.779	0.747	0.73	0.729	0.735	0.709	0.702	0.688	0.681	0.691	0.663	0.662	0.669	0.601	0.612	0.628	0.621	0.601	0.628	0.584	
1	1	1	1	1	1	1	1	1	1	1	1	1	1	1	1	1	1	1	1	1	1	1	1	1	1	0.999	0.998	0.988	0.975	0.946	0.915	0.879	0.799	0.699	0.612	0.512	0.397	0.336	0.247	0.198	0.16	0.094	0.082	0.059	0.037	0.027	0.019	0.006	0.003	0.004	0.003	0.002	0	0	0	0	0	0	0	0	0	0	0	0	0	0	0	0	0	0	0	0	0	0	0	0	0	0	0	0	0	0	0	0	0	0	0	0	0	0	0	0	0	0	0	0	0	0	0	
1	1	1	1	1	1	1	1	1	1	1	1	1	1	1	1	1	1	1	1	1	1	1	1	1	1	1	1	1	0.998	0.997	0.996	0.983	0.979	0.967	0.949	0.912	0.898	0.84	0.812	0.753	0.724	0.666	0.629	0.548	0.478	0.412	0.392	0.349	0.31	0.248	0.189	0.187	0.159	0.109	0.112	0.07	0.066	0.074	0.043	0.03	0.035	0.034	0.025	0.02	0.022	0.01	0.007	0.004	0.008	0.01	0.003	0.004	0.002	0.006	0.004	0.002	0	0.001	0.002	0.001	0.002	0	0.001	0.001	0	0	0	0	0	0	0	0	0	0	0	0	0	0	0	
1	1	1	1	1	1	1	0.997	0.979	0.909	0.82	0.623	0.456	0.329	0.219	0.14	0.072	0.028	0.022	0.013	0.003	0.006	0	0	0	0	0	0	0	0	0	0	0	0	0	0	0	0	0	0	0	0	0	0	0	0	0	0	0	0	0	0	0	0	0	0	0	0	0	0	0	0	0	0	0	0	0	0	0	0	0	0	0	0	0	0	0	0	0	0	0	0	0	0	0	0	0	0	0	0	0	0	0	0	0	0	0	0	0	0	
1	1	1	1	1	1	1	1	1	1	1	1	1	1	1	1	1	1	1	1	1	1	1	1	1	1	1	1	1	1	1	1	1	1	1	1	1	1	1	1	1	1	1	1	1	1	1	0.999	0.998	0.996	0.995	0.993	0.988	0.992	0.973	0.972	0.96	0.939	0.908	0.907	0.875	0.839	0.805	0.791	0.754	0.715	0.672	0.621	0.568	0.501	0.493	0.452	0.395	0.36	0.29	0.293	0.236	0.223	0.209	0.182	0.169	0.152	0.114	0.116	0.079	0.069	0.063	0.059	0.035	0.046	0.029	0.023	0.014	0.016	0.015	0.012	0.009	0.01	0.005	0.003	
1	1	1	1	1	1	1	1	1	1	1	1	1	1	1	1	1	1	1	1	1	1	1	1	1	1	1	1	0.999	0.999	0.996	0.99	0.989	0.985	0.977	0.945	0.949	0.914	0.898	0.872	0.844	0.812	0.764	0.72	0.708	0.647	0.607	0.534	0.525	0.461	0.444	0.453	0.366	0.336	0.322	0.262	0.269	0.225	0.187	0.184	0.165	0.12	0.129	0.117	0.1	0.08	0.074	0.074	0.061	0.055	0.05	0.045	0.03	0.029	0.018	0.027	0.017	0.023	0.011	0.01	0.014	0.016	0.009	0.007	0.006	0.005	0.004	0.005	0.005	0.003	0.007	0	0.002	0.005	0.001	0.005	0.006	0.001	0.002	0	
1	1	1	1	1	1	1	1	1	1	1	0.999	0.998	0.996	0.993	0.987	0.972	0.943	0.916	0.875	0.819	0.775	0.718	0.675	0.611	0.54	0.508	0.453	0.371	0.352	0.284	0.254	0.223	0.179	0.176	0.15	0.128	0.116	0.091	0.091	0.077	0.075	0.038	0.046	0.029	0.015	0.019	0.016	0.009	0.006	0.01	0.01	0.004	0.003	0	0	0.001	0	0.001	0	0	0	0	0	0	0	0.002	0	0	0	0	0	0	0	0	0	0	0	0	0	0	0	0	0	0	0	0	0	0	0	0	0	0	0	0	0	0	0	0	0	
1	1	1	1	1	1	1	1	1	1	1	0.995	0.979	0.916	0.787	0.62	0.425	0.297	0.174	0.098	0.056	0.025	0.013	0.003	0.004	0	0	0	0	0	0	0	0	0	0	0	0	0	0	0	0	0	0	0	0	0	0	0	0	0	0	0	0	0	0	0	0	0	0	0	0	0	0	0	0	0	0	0	0	0	0	0	0	0	0	0	0	0	0	0	0	0	0	0	0	0	0	0	0	0	0	0	0	0	0	0	0	0	0	0	
1	1	1	1	1	1	1	1	1	1	1	1	1	1	1	1	1	1	1	1	1	1	0.999	1	1	0.999	0.999	0.997	0.999	0.999	0.999	0.994	0.99	0.987	0.988	0.994	0.981	0.978	0.972	0.966	0.958	0.952	0.936	0.912	0.914	0.908	0.87	0.858	0.851	0.817	0.806	0.784	0.737	0.722	0.7	0.688	0.629	0.615	0.573	0.536	0.503	0.497	0.453	0.413	0.41	0.387	0.346	0.31	0.283	0.247	0.223	0.231	0.198	0.183	0.167	0.169	0.129	0.14	0.12	0.123	0.114	0.102	0.088	0.082	0.077	0.086	0.072	0.076	0.077	0.065	0.058	0.055	0.056	0.066	0.057	0.055	0.063	0.058	0.063	0.053	
1	1	1	1	1	1	1	1	1	1	1	1	1	1	1	1	1	1	1	0.998	1	0.988	0.973	0.94	0.885	0.801	0.642	0.514	0.33	0.197	0.111	0.066	0.029	0.011	0.005	0.001	0.001	0.001	0	0	0	0	0	0	0	0	0	0	0	0	0	0	0	0	0	0	0	0	0	0	0	0	0	0	0	0	0	0	0	0	0	0	0	0	0	0	0	0	0	0	0	0	0	0	0	0	0	0	0	0	0	0	0	0	0	0	0	0	0	0	
1	1	1	1	1	1	1	1	1	1	1	1	1	1	1	1	1	0.998	0.993	0.989	0.956	0.898	0.847	0.739	0.645	0.514	0.428	0.368	0.279	0.198	0.14	0.12	0.08	0.059	0.043	0.029	0.021	0.023	0.017	0.006	0.009	0.004	0.003	0.002	0	0.002	0.001	0.001	0	0.003	0	0.002	0.001	0.002	0	0	0	0	0	0	0.001	0	0	0	0	0	0	0	0	0	0	0	0	0	0	0	0	0	0	0	0	0	0	0	0	0	0	0	0	0	0	0	0	0	0	0	0	0	0	0	
1	1	1	1	1	1	1	1	1	1	1	1	1	1	1	1	1	1	1	0.999	0.998	0.995	0.983	0.963	0.951	0.923	0.907	0.835	0.808	0.762	0.696	0.617	0.556	0.512	0.469	0.385	0.354	0.311	0.224	0.215	0.178	0.156	0.133	0.129	0.108	0.082	0.069	0.062	0.06	0.058	0.042	0.031	0.024	0.025	0.024	0.014	0.023	0.012	0.015	0.014	0.013	0.008	0.013	0.011	0.008	0.004	0.01	0.009	0.011	0.006	0.007	0.005	0.007	0.004	0.009	0.007	0	0.004	0.004	0.005	0.006	0.002	0.003	0.002	0.002	0	0.002	0.001	0.002	0.002	0.002	0.003	0.001	0.001	0.001	0.003	0.002	0.002	0.003	0.002	
1	1	1	1	1	1	1	1	1	1	1	1	1	1	1	1	1	1	1	1	1	1	1	0.999	0.997	0.996	0.992	0.993	0.988	0.992	0.988	0.981	0.977	0.972	0.967	0.969	0.964	0.959	0.956	0.943	0.928	0.934	0.916	0.911	0.9	0.897	0.882	0.874	0.855	0.842	0.819	0.821	0.794	0.774	0.77	0.735	0.705	0.691	0.698	0.652	0.644	0.615	0.606	0.568	0.545	0.538	0.522	0.494	0.503	0.439	0.446	0.436	0.404	0.357	0.371	0.35	0.355	0.355	0.348	0.332	0.296	0.301	0.308	0.302	0.28	0.285	0.257	0.274	0.267	0.26	0.253	0.277	0.25	0.288	0.26	0.242	0.24	0.263	0.253	0.264	
1	1	1	1	1	1	1	1	1	1	1	1	0.999	1	1	1	0.997	0.998	0.992	0.976	0.958	0.928	0.909	0.864	0.822	0.735	0.666	0.642	0.551	0.466	0.404	0.321	0.284	0.212	0.173	0.115	0.118	0.071	0.057	0.043	0.03	0.014	0.009	0.013	0.01	0.012	0.005	0.004	0.005	0.003	0.002	0	0	0.001	0.001	0	0	0	0	0	0	0	0	0	0	0	0	0	0	0	0	0	0	0	0	0	0	0	0	0	0	0	0	0	0	0	0	0	0	0	0	0	0	0	0	0	0	0	0	0	
1	1	1	1	1	1	1	1	1	1	1	1	1	1	1	1	1	0.998	0.999	0.998	0.998	0.986	0.967	0.951	0.935	0.898	0.854	0.847	0.787	0.72	0.665	0.641	0.557	0.507	0.454	0.428	0.35	0.356	0.307	0.274	0.238	0.233	0.196	0.188	0.173	0.142	0.155	0.112	0.109	0.105	0.103	0.087	0.083	0.067	0.066	0.055	0.042	0.052	0.043	0.037	0.033	0.027	0.023	0.025	0.012	0.015	0.021	0.011	0.015	0.004	0.013	0.008	0.002	0.004	0.007	0.004	0.001	0.003	0.002	0.002	0	0.003	0.001	0.001	0	0	0	0	0	0	0.001	0	0	0	0	0	0	0	0	0	
1	1	1	1	1	1	1	1	1	1	1	1	1	1	1	1	1	1	1	1	1	1	1	1	1	1	1	1	1	1	1	1	1	1	1	1	1	1	1	1	1	1	1	1	1	1	1	1	1	1	1	1	1	1	0.999	1	1	1	1	1	1	0.995	0.997	0.999	0.997	0.996	0.995	0.992	0.993	0.992	0.984	0.987	0.988	0.983	0.983	0.986	0.976	0.968	0.975	0.971	0.972	0.966	0.96	0.958	0.946	0.957	0.952	0.95	0.941	0.934	0.934	0.932	0.915	0.901	0.891	0.899	0.864	0.873	0.861	0.871	
1	1	1	1	1	1	1	1	1	1	1	1	1	1	1	1	1	1	0.996	0.994	0.987	0.972	0.936	0.887	0.818	0.764	0.657	0.536	0.466	0.362	0.286	0.19	0.173	0.097	0.079	0.034	0.037	0.017	0.008	0.01	0.003	0.002	0.001	0.002	0	0	0	0	0	0	0	0	0	0	0	0	0	0	0	0	0	0	0	0	0	0	0	0	0	0	0	0	0	0	0	0	0	0	0	0	0	0	0	0	0	0	0	0	0	0	0	0	0	0	0	0	0	0	0	0	
1	1	1	1	1	1	1	1	1	1	1	1	1	1	1	1	1	1	1	1	1	1	1	1	1	1	1	1	1	1	1	1	1	0.998	0.991	0.993	0.978	0.965	0.963	0.936	0.904	0.863	0.799	0.752	0.698	0.637	0.546	0.471	0.405	0.345	0.284	0.25	0.195	0.122	0.097	0.095	0.055	0.058	0.03	0.023	0.013	0.013	0.008	0.011	0.004	0.004	0.003	0.001	0	0.001	0	0	0	0	0	0	0	0	0	0	0	0	0	0	0	0	0	0	0	0	0	0	0	0	0	0	0	0	0	0	
1	1	1	1	1	1	1	1	1	1	1	1	1	1	1	1	1	1	1	1	1	1	1	1	1	1	1	0.997	0.995	0.996	0.994	0.981	0.965	0.952	0.917	0.886	0.873	0.805	0.784	0.705	0.66	0.591	0.526	0.485	0.388	0.341	0.3	0.24	0.172	0.161	0.123	0.088	0.071	0.057	0.046	0.028	0.023	0.013	0.008	0.007	0.004	0.002	0.002	0.001	0.003	0	0.002	0	0	0	0	0	0	0	0	0	0	0	0	0	0	0	0	0	0	0	0	0	0	0	0	0	0	0	0	0	0	0	0	0	
1	1	1	1	1	1	1	1	1	1	1	1	1	1	1	1	1	1	1	1	1	1	1	1	1	0.999	0.996	0.996	0.985	0.982	0.965	0.933	0.906	0.879	0.796	0.726	0.665	0.597	0.511	0.436	0.357	0.341	0.247	0.222	0.168	0.147	0.106	0.089	0.067	0.054	0.052	0.035	0.023	0.02	0.015	0.011	0.012	0.014	0.004	0.005	0.007	0.005	0.004	0.002	0.003	0.002	0.004	0.002	0.001	0	0.002	0	0	0	0.001	0	0	0.001	0	0.001	0.001	0.001	0.001	0	0	0.001	0.001	0	0	0	0	0	0	0.001	0	0.001	0	0.001	0	0	
1	1	1	1	1	1	1	1	1	1	1	1	1	1	1	1	1	1	1	1	1	1	1	1	1	1	1	1	1	1	1	1	1	1	1	1	1	1	1	1	1	0.999	1	0.997	0.992	0.991	0.98	0.975	0.959	0.947	0.935	0.891	0.857	0.827	0.808	0.767	0.704	0.634	0.59	0.525	0.486	0.47	0.366	0.327	0.287	0.258	0.237	0.19	0.164	0.144	0.111	0.085	0.07	0.057	0.034	0.049	0.03	0.017	0.021	0.014	0.01	0.009	0.006	0.004	0.003	0.004	0.005	0.003	0.003	0	0.002	0.001	0.002	0	0	0	0	0	0.001	0	
1	1	1	1	1	1	1	1	1	1	1	1	1	1	1	1	1	0.999	0.997	0.995	0.988	0.974	0.965	0.926	0.892	0.829	0.755	0.687	0.607	0.575	0.496	0.406	0.346	0.29	0.246	0.175	0.185	0.133	0.105	0.097	0.066	0.068	0.068	0.05	0.037	0.043	0.03	0.027	0.028	0.025	0.024	0.022	0.014	0.014	0.012	0.012	0.012	0.014	0.014	0.007	0.008	0.013	0.005	0.011	0.011	0.008	0.008	0.002	0.007	0.008	0.007	0.009	0.003	0.003	0.006	0.003	0.004	0.006	0.006	0.003	0.001	0.007	0.003	0.001	0.004	0.005	0.001	0.002	0.003	0.002	0.001	0.006	0.004	0.004	0	0.001	0.001	0.002	0.002	0.001	
1	1	1	1	1	1	1	0.999	0.994	0.987	0.963	0.904	0.819	0.665	0.505	0.384	0.209	0.125	0.084	0.043	0.016	0.007	0.005	0.001	0.001	0	0	0	0	0	0	0	0	0	0	0	0	0	0	0	0	0	0	0	0	0	0	0	0	0	0	0	0	0	0	0	0	0	0	0	0	0	0	0	0	0	0	0	0	0	0	0	0	0	0	0	0	0	0	0	0	0	0	0	0	0	0	0	0	0	0	0	0	0	0	0	0	0	0	0	
1	1	1	1	1	1	1	1	1	1	1	1	1	1	1	1	1	1	1	1	1	1	1	1	1	1	1	1	1	1	1	1	1	1	1	1	1	1	1	1	0.999	0.997	0.994	0.984	0.96	0.943	0.922	0.842	0.814	0.739	0.679	0.58	0.516	0.406	0.353	0.296	0.261	0.201	0.155	0.113	0.119	0.091	0.059	0.044	0.033	0.034	0.025	0.016	0.013	0.005	0.008	0.007	0.004	0.002	0.004	0.002	0.002	0	0	0	0.002	0.001	0.001	0	0	0	0	0	0.001	0	0	0	0	0	0	0	0	0	0	0	
1	1	1	1	1	1	1	1	1	1	1	1	1	1	1	1	1	1	1	1	1	1	1	1	1	1	1	1	1	1	1	0.999	1	0.995	0.993	0.979	0.969	0.927	0.899	0.862	0.772	0.704	0.614	0.554	0.46	0.418	0.316	0.228	0.231	0.166	0.144	0.114	0.083	0.058	0.059	0.032	0.038	0.024	0.024	0.015	0.013	0.015	0.007	0.007	0.004	0.003	0.002	0.002	0.002	0.005	0	0	0	0	0.001	0	0	0.001	0	0	0	0	0	0	0	0	0	0	0	0	0	0	0	0	0	0	0	0	0	0	
1	1	1	1	1	1	1	1	0.996	0.99	0.941	0.905	0.828	0.786	0.68	0.557	0.457	0.346	0.194	0.121	0.064	0.04	0.016	0.008	0.002	0	0	0	0	0	0	0	0	0	0	0	0	0	0	0	0	0	0	0	0	0	0	0	0	0	0	0	0	0	0	0	0	0	0	0	0	0	0	0	0	0	0	0	0	0	0	0	0	0	0	0	0	0	0	0	0	0	0	0	0	0	0	0	0	0	0	0	0	0	0	0	0	0	0	0	
1	1	1	1	1	1	1	1	1	1	1	1	1	1	1	1	1	1	1	1	1	1	1	1	1	1	0.999	0.992	0.976	0.938	0.896	0.784	0.699	0.589	0.503	0.377	0.303	0.234	0.152	0.111	0.061	0.043	0.038	0.019	0.017	0.01	0.011	0.007	0.001	0.002	0.002	0	0	0	0	0	0	0	0	0	0	0	0	0	0	0	0	0	0	0.001	0	0	0	0	0	0	0	0	0	0	0	0	0	0	0	0	0	0	0	0	0	0	0	0	0	0	0	0	0	0	
1	1	1	1	1	1	1	1	1	1	1	1	1	1	1	1	1	1	1	1	1	1	1	1	1	1	1	1	1	1	1	1	1	1	1	1	1	1	1	1	1	1	1	1	1	1	1	1	1	0.998	0.995	0.995	0.991	0.979	0.97	0.941	0.942	0.887	0.873	0.823	0.78	0.737	0.665	0.581	0.533	0.504	0.444	0.373	0.346	0.291	0.268	0.217	0.19	0.141	0.129	0.109	0.081	0.09	0.06	0.058	0.054	0.039	0.029	0.037	0.023	0.019	0.011	0.01	0.006	0.014	0.008	0.004	0.007	0.002	0.003	0	0.003	0.001	0.001	0.001	
1	1	1	1	1	1	1	1	1	1	1	1	1	1	1	1	1	1	1	1	0.999	0.997	0.99	0.982	0.941	0.888	0.793	0.667	0.514	0.381	0.271	0.187	0.083	0.052	0.036	0.016	0.008	0.002	0.004	0.001	0	0	0	0	0	0	0	0	0	0	0	0	0	0	0	0	0	0	0	0	0	0	0	0	0	0	0	0	0	0	0	0	0	0	0	0	0	0	0	0	0	0	0	0	0	0	0	0	0	0	0	0	0	0	0	0	0	0	0	0	
1	0.998	0.964	0.883	0.738	0.643	0.511	0.443	0.306	0.254	0.18	0.165	0.136	0.092	0.07	0.058	0.036	0.031	0.016	0.019	0.012	0.008	0.005	0.007	0.003	0.001	0	0	0.001	0	0	0	0	0.001	0	0	0	0	0	0	0	0	0	0	0	0	0	0	0	0	0	0	0	0	0	0	0	0	0	0	0	0	0	0	0	0	0	0	0	0	0	0	0	0	0	0	0	0	0	0	0	0	0	0	0	0	0	0	0	0	0	0	0	0	0	0	0	0	0	0	
1	1	1	1	1	1	1	1	1	1	1	1	1	1	1	1	1	1	1	1	1	0.999	0.999	0.998	0.996	0.989	0.975	0.95	0.913	0.879	0.809	0.734	0.651	0.549	0.499	0.417	0.312	0.249	0.21	0.175	0.153	0.106	0.093	0.073	0.062	0.025	0.036	0.022	0.022	0.026	0.023	0.007	0.012	0.017	0.006	0.004	0.008	0.005	0.008	0.004	0.003	0.005	0.006	0.002	0.003	0.006	0.003	0.005	0.006	0.006	0.004	0.003	0.006	0.005	0.003	0.005	0.006	0.004	0.005	0.008	0.006	0.005	0	0.004	0.006	0.006	0.001	0.004	0.004	0.009	0.003	0.004	0.008	0.002	0.003	0.004	0.006	0.007	0.001	0.004	
1	1	1	1	1	1	1	1	1	1	1	1	1	1	1	1	1	1	1	1	1	1	1	1	1	1	1	1	0.997	0.998	0.997	0.991	0.987	0.977	0.977	0.953	0.957	0.947	0.939	0.917	0.89	0.856	0.85	0.825	0.799	0.768	0.725	0.68	0.652	0.593	0.6	0.517	0.484	0.446	0.387	0.372	0.322	0.312	0.257	0.209	0.191	0.184	0.159	0.142	0.117	0.091	0.079	0.057	0.051	0.041	0.029	0.029	0.013	0.013	0.025	0.011	0.01	0.007	0.002	0.004	0	0.003	0	0.002	0.001	0.001	0	0	0.002	0	0	0	0	0	0.001	0	0	0	0	0	
1	1	1	1	1	1	1	1	1	1	1	1	1	1	1	1	1	1	1	1	1	1	1	1	0.998	0.995	0.985	0.964	0.938	0.89	0.806	0.733	0.624	0.51	0.434	0.341	0.226	0.148	0.122	0.076	0.049	0.03	0.015	0.007	0.003	0.004	0.002	0.001	0.001	0.001	0.001	0	0	0.001	0	0	0	0	0	0	0	0	0	0	0	0	0	0	0	0	0	0	0	0	0	0	0	0	0	0	0	0	0	0	0	0	0	0	0	0	0	0	0	0	0	0	0	0	0	0	
1	1	1	1	1	1	1	1	1	1	1	1	1	1	1	1	1	1	1	1	1	1	1	1	1	1	1	1	1	1	1	1	1	0.999	0.998	1	0.997	1	1	0.999	0.995	0.993	0.994	0.99	0.986	0.988	0.975	0.978	0.983	0.966	0.954	0.962	0.954	0.948	0.94	0.934	0.912	0.912	0.91	0.895	0.89	0.898	0.886	0.895	0.896	0.883	0.882	0.855	0.88	0.863	0.865	0.866	0.863	0.87	0.851	0.852	0.863	0.851	0.851	0.831	0.842	0.837	0.843	0.851	0.832	0.822	0.85	0.853	0.842	0.835	0.823	0.84	0.819	0.839	0.826	0.837	0.803	0.823	0.834	0.814	
1	1	1	1	1	1	1	1	1	1	1	1	1	1	1	1	1	1	1	1	0.999	0.999	0.996	0.998	0.99	0.978	0.978	0.944	0.93	0.905	0.862	0.819	0.743	0.715	0.619	0.558	0.504	0.419	0.364	0.288	0.236	0.192	0.171	0.105	0.103	0.067	0.07	0.035	0.04	0.023	0.018	0.015	0.018	0.007	0.008	0.006	0.002	0.002	0.001	0.001	0.001	0.001	0	0.001	0	0	0.001	0	0	0	0	0	0	0	0	0	0	0	0	0	0	0	0	0	0	0	0	0	0	0.001	0	0	0	0	0	0	0	0	0	0	
1	1	1	1	1	1	1	1	1	1	1	1	1	1	1	0.999	0.999	0.995	0.987	0.985	0.979	0.978	0.951	0.924	0.88	0.837	0.781	0.719	0.633	0.552	0.526	0.456	0.384	0.334	0.336	0.266	0.228	0.196	0.183	0.148	0.123	0.112	0.104	0.104	0.079	0.081	0.065	0.075	0.059	0.068	0.053	0.054	0.049	0.062	0.047	0.046	0.047	0.034	0.041	0.033	0.049	0.034	0.047	0.039	0.036	0.049	0.044	0.04	0.036	0.035	0.04	0.046	0.041	0.043	0.028	0.044	0.036	0.034	0.026	0.042	0.042	0.05	0.053	0.035	0.031	0.038	0.032	0.039	0.039	0.031	0.033	0.04	0.051	0.034	0.034	0.032	0.031	0.035	0.04	0.029	
1	1	1	1	1	1	1	1	1	1	1	1	1	1	1	1	1	1	1	1	1	1	1	1	1	1	1	1	1	1	1	1	1	1	0.999	0.998	0.997	0.999	0.998	0.989	0.982	0.989	0.959	0.951	0.938	0.893	0.88	0.857	0.817	0.765	0.737	0.688	0.663	0.606	0.551	0.499	0.456	0.433	0.389	0.346	0.314	0.296	0.234	0.206	0.193	0.167	0.121	0.094	0.079	0.072	0.055	0.057	0.043	0.038	0.022	0.015	0.017	0.013	0.011	0.009	0.012	0.004	0.007	0.004	0.002	0.002	0.001	0.002	0	0	0	0	0.001	0	0	0	0	0	0	0	
1	1	1	1	1	1	1	1	1	1	1	1	1	1	1	0.999	0.998	0.988	0.965	0.919	0.878	0.778	0.692	0.576	0.521	0.43	0.338	0.25	0.19	0.155	0.108	0.08	0.055	0.044	0.024	0.016	0.008	0.007	0.003	0.002	0.001	0	0.001	0.002	0	0	0	0	0	0	0	0	0	0	0	0	0	0	0	0	0	0	0	0	0	0	0	0	0	0	0	0	0	0	0	0	0	0	0	0	0	0	0	0	0	0	0	0	0	0	0	0	0	0	0	0	0	0	0	0	
1	1	0.999	0.997	0.995	0.99	0.99	0.971	0.957	0.953	0.933	0.916	0.761	0.495	0.212	0.093	0.022	0.006	0.006	0.001	0.001	0	0	0	0	0	0	0	0	0	0	0	0	0	0	0	0	0	0	0	0	0	0	0	0	0	0	0	0	0	0	0	0	0	0	0	0	0	0	0	0	0	0	0	0	0	0	0	0	0	0	0	0	0	0	0	0	0	0	0	0	0	0	0	0	0	0	0	0	0	0	0	0	0	0	0	0	0	0	0	
1	1	1	1	1	1	1	1	1	1	1	1	1	1	1	1	1	1	1	1	1	1	1	1	1	1	1	1	1	1	1	0.998	0.996	0.999	0.98	0.962	0.93	0.893	0.844	0.768	0.69	0.624	0.498	0.425	0.355	0.312	0.252	0.193	0.167	0.105	0.084	0.072	0.044	0.035	0.024	0.021	0.014	0.02	0.008	0.006	0.006	0.003	0.002	0	0.004	0.003	0.004	0.002	0	0.002	0	0.001	0.002	0.001	0	0.001	0	0	0	0	0	0.001	0.001	0	0	0	0	0	0	0	0	0	0	0	0	0	0	0	0	0	
1	1	1	1	1	1	1	1	1	1	1	1	1	1	1	1	1	1	1	1	1	1	1	1	1	1	1	1	1	0.998	0.995	0.997	0.996	0.994	0.986	0.982	0.979	0.957	0.952	0.95	0.929	0.909	0.904	0.885	0.859	0.825	0.83	0.789	0.77	0.747	0.747	0.721	0.689	0.679	0.654	0.649	0.649	0.615	0.631	0.595	0.588	0.584	0.584	0.562	0.564	0.572	0.531	0.569	0.576	0.534	0.541	0.563	0.569	0.564	0.558	0.585	0.569	0.622	0.584	0.619	0.652	0.647	0.645	0.649	0.649	0.666	0.669	0.709	0.723	0.734	0.727	0.758	0.756	0.786	0.792	0.783	0.803	0.804	0.833	0.824	
1	1	1	1	1	1	1	1	1	1	1	1	1	1	1	1	1	1	1	1	1	1	1	1	1	1	1	1	1	0.999	0.997	0.996	0.983	0.974	0.944	0.902	0.848	0.77	0.715	0.599	0.534	0.386	0.298	0.229	0.19	0.127	0.093	0.067	0.049	0.026	0.02	0.009	0.006	0.003	0.001	0.002	0.002	0.001	0.001	0	0	0	0	0	0	0	0	0	0	0	0	0	0	0	0	0	0	0	0	0	0	0	0	0	0	0	0	0	0	0	0	0	0	0	0	0	0	0	0	0	
1	1	1	1	1	1	1	1	1	0.998	0.996	0.968	0.871	0.73	0.596	0.435	0.279	0.181	0.096	0.051	0.022	0.008	0.003	0.001	0.001	0	0	0	0	0	0	0	0	0	0	0	0	0	0	0	0	0	0	0	0	0	0	0	0	0	0	0	0	0	0	0	0	0	0	0	0	0	0	0	0	0	0	0	0	0	0	0	0	0	0	0	0	0	0	0	0	0	0	0	0	0	0	0	0	0	0	0	0	0	0	0	0	0	0	0	
1	1	1	1	1	1	1	1	1	1	1	1	1	1	1	1	1	1	1	1	1	1	1	1	1	1	0.998	0.995	0.994	0.971	0.934	0.896	0.805	0.716	0.6	0.517	0.392	0.285	0.215	0.153	0.11	0.077	0.028	0.025	0.019	0.007	0.008	0.001	0.002	0.001	0.002	0	0.001	0	0	0	0	0	0	0	0	0	0	0	0	0	0	0	0	0	0	0	0	0	0	0	0	0	0	0	0	0	0	0	0	0	0	0	0	0	0	0	0	0	0	0	0	0	0	0	
1	1	1	1	1	1	1	1	1	1	1	1	1	0.999	1	0.998	0.997	1	0.992	0.988	0.979	0.977	0.979	0.975	0.963	0.958	0.937	0.943	0.932	0.925	0.934	0.911	0.91	0.915	0.912	0.881	0.87	0.892	0.873	0.887	0.874	0.876	0.861	0.857	0.866	0.858	0.858	0.844	0.857	0.854	0.834	0.829	0.81	0.835	0.804	0.822	0.81	0.812	0.804	0.813	0.802	0.806	0.81	0.789	0.81	0.816	0.795	0.796	0.797	0.781	0.768	0.794	0.767	0.776	0.747	0.782	0.779	0.768	0.768	0.739	0.747	0.738	0.725	0.753	0.735	0.749	0.749	0.733	0.746	0.755	0.732	0.726	0.729	0.723	0.717	0.738	0.714	0.714	0.71	0.701	
