1	1	1	1	1	1	1	1	1	1	1	1	1	1	1	1	1	1	1	1	1	1	1	1	1	1	1	0.999	0.994	0.992	0.99	0.978	0.972	0.945	0.941	0.915	0.901	0.847	0.811	0.778	0.693	0.622	0.558	0.453	0.397	0.317	0.258	0.175	0.133	0.099	0.063	0.036	0.021	0.02	0.007	0.003	0.002	0.001	0.001	0	0	0	0	0	0	0	0	0	0	0	0	0	0	0	0	0	0	0	0	0	0	0	0	0	0	0	0	0	0	0	0	0	0	0	0	0	0	0	0	0	
1	1	1	1	1	1	1	1	1	0.997	0.99	0.981	0.968	0.921	0.877	0.829	0.74	0.682	0.636	0.576	0.506	0.473	0.409	0.357	0.312	0.278	0.266	0.254	0.201	0.194	0.189	0.179	0.162	0.149	0.14	0.152	0.137	0.144	0.143	0.133	0.121	0.113	0.118	0.125	0.137	0.143	0.149	0.163	0.145	0.181	0.173	0.173	0.187	0.194	0.222	0.216	0.223	0.213	0.233	0.21	0.231	0.221	0.239	0.276	0.278	0.258	0.239	0.237	0.226	0.192	0.175	0.158	0.145	0.103	0.106	0.067	0.055	0.038	0.034	0.013	0.017	0.008	0.006	0.001	0	0.001	0	0	0	0	0	0	0	0	0	0	0	0	0	0	
1	1	1	1	1	1	1	1	1	1	1	1	1	1	1	1	1	1	1	1	1	1	1	1	1	1	1	1	1	1	1	1	1	1	1	1	1	1	1	1	1	1	1	1	1	1	1	0.999	0.999	0.999	0.998	1	0.998	0.998	1	0.998	0.994	0.994	0.993	0.996	0.994	0.99	0.991	0.987	0.98	0.98	0.98	0.974	0.966	0.961	0.95	0.941	0.93	0.903	0.866	0.835	0.833	0.819	0.747	0.702	0.672	0.605	0.546	0.441	0.436	0.356	0.319	0.258	0.191	0.185	0.118	0.13	0.093	0.077	0.043	0.038	0.024	0.018	0.012	0.012	
1	1	1	1	1	1	1	1	1	1	1	1	1	1	1	1	1	1	1	1	1	1	1	1	1	1	1	1	1	1	1	1	1	1	0.999	0.999	0.985	0.974	0.943	0.855	0.805	0.724	0.598	0.528	0.416	0.263	0.198	0.147	0.095	0.072	0.046	0.024	0.022	0.012	0.006	0.006	0.002	0	0	0	0	0	0	0	0	0	0	0	0	0	0	0	0	0	0	0	0	0	0	0	0	0	0	0	0	0	0	0	0	0	0	0	0	0	0	0	0	0	0	0	
1	1	1	1	1	1	1	1	1	1	1	1	1	1	1	1	1	1	1	1	1	1	1	1	1	1	1	1	1	1	1	1	1	0.999	1	0.999	0.999	0.996	0.992	0.985	0.97	0.941	0.91	0.844	0.743	0.675	0.61	0.52	0.423	0.31	0.259	0.192	0.163	0.136	0.088	0.067	0.044	0.03	0.016	0.024	0.005	0.01	0.006	0.002	0.003	0.003	0.001	0.001	0	0	0	0	0	0	0	0	0	0	0	0	0	0	0	0	0	0	0	0	0	0	0	0	0	0	0	0	0	0	0	0	
1	1	1	1	1	1	1	1	1	1	1	0.999	1	1	0.998	0.975	0.948	0.894	0.792	0.675	0.533	0.454	0.329	0.23	0.149	0.098	0.063	0.029	0.02	0.016	0.011	0.008	0.001	0.002	0.001	0	0	0	0.001	0	0	0	0	0	0	0	0	0	0	0	0	0	0	0	0	0	0	0	0	0	0	0	0	0	0	0	0	0	0	0	0	0	0	0	0	0	0	0	0	0	0	0	0	0	0	0	0	0	0	0	0	0	0	0	0	0	0	0	0	0	
1	1	1	1	1	1	1	1	1	1	0.999	0.996	0.994	0.983	0.949	0.89	0.826	0.759	0.679	0.595	0.523	0.441	0.388	0.328	0.294	0.223	0.195	0.181	0.163	0.138	0.126	0.12	0.092	0.101	0.065	0.059	0.073	0.059	0.065	0.052	0.063	0.047	0.055	0.051	0.043	0.046	0.05	0.056	0.057	0.065	0.062	0.053	0.051	0.061	0.05	0.075	0.069	0.063	0.069	0.099	0.104	0.103	0.093	0.114	0.127	0.12	0.111	0.147	0.136	0.138	0.153	0.17	0.167	0.184	0.182	0.213	0.203	0.224	0.242	0.24	0.214	0.265	0.278	0.282	0.279	0.316	0.303	0.31	0.325	0.332	0.397	0.383	0.376	0.392	0.385	0.386	0.42	0.415	0.432	0.447	
1	1	1	1	1	1	1	1	1	1	1	1	1	1	1	1	1	1	1	1	1	1	1	1	1	1	1	1	1	1	1	1	1	1	1	1	0.998	1	1	0.999	0.995	0.999	0.992	0.986	0.977	0.975	0.943	0.947	0.908	0.89	0.826	0.778	0.733	0.653	0.595	0.531	0.436	0.367	0.313	0.264	0.199	0.134	0.113	0.071	0.052	0.044	0.025	0.018	0.006	0.008	0.003	0.006	0.001	0.001	0	0.002	0	0	0	0	0	0	0	0	0	0	0	0	0	0	0	0	0	0	0	0	0	0	0	0	
1	1	1	0.999	1	0.998	0.998	0.99	0.993	0.988	0.991	0.992	0.989	0.987	0.994	0.992	0.993	0.998	0.997	0.995	1	0.998	0.997	0.998	1	1	1	0.999	1	0.999	1	1	0.999	1	1	1	1	1	1	1	1	1	1	0.998	0.999	1	0.997	0.995	0.998	0.994	0.996	0.996	0.995	0.999	0.992	0.996	0.993	0.99	0.992	0.989	0.986	0.989	0.988	0.989	0.984	0.977	0.981	0.982	0.968	0.973	0.964	0.966	0.956	0.97	0.954	0.954	0.944	0.946	0.932	0.921	0.918	0.881	0.872	0.852	0.827	0.78	0.759	0.702	0.689	0.597	0.581	0.502	0.475	0.412	0.377	0.305	0.305	0.248	0.243	0.163	
1	1	1	1	1	1	1	1	1	1	1	1	1	1	1	1	1	1	1	1	1	1	1	1	1	1	1	1	1	1	1	1	0.999	0.998	0.997	0.995	0.987	0.981	0.974	0.967	0.948	0.947	0.907	0.892	0.861	0.815	0.815	0.762	0.723	0.69	0.655	0.6	0.575	0.542	0.516	0.484	0.444	0.44	0.409	0.372	0.36	0.332	0.343	0.32	0.295	0.28	0.249	0.229	0.261	0.23	0.201	0.217	0.177	0.184	0.182	0.135	0.175	0.16	0.136	0.128	0.114	0.132	0.138	0.12	0.116	0.108	0.133	0.097	0.109	0.104	0.101	0.117	0.089	0.106	0.099	0.08	0.092	0.101	0.08	0.083	
1	1	1	1	1	1	0.998	0.989	0.961	0.884	0.792	0.684	0.589	0.492	0.388	0.317	0.255	0.225	0.169	0.132	0.094	0.061	0.054	0.047	0.021	0.013	0.01	0.002	0.003	0.001	0	0	0	0	0	0	0	0	0	0	0	0	0	0	0	0	0	0	0	0	0	0	0	0	0	0	0	0	0	0	0	0	0	0	0	0	0	0	0	0	0	0	0	0	0	0	0	0	0	0	0	0	0	0	0	0	0	0	0	0	0	0	0	0	0	0	0	0	0	0	
1	1	1	1	1	1	1	1	1	1	1	1	1	1	1	1	1	1	1	1	1	1	1	1	1	1	1	1	1	1	1	1	1	1	0.999	0.999	0.996	0.998	0.994	0.992	0.986	0.996	0.996	0.988	0.98	0.98	0.984	0.972	0.974	0.974	0.962	0.962	0.963	0.954	0.972	0.959	0.96	0.961	0.95	0.951	0.964	0.968	0.962	0.968	0.959	0.964	0.954	0.961	0.962	0.953	0.957	0.95	0.941	0.947	0.929	0.939	0.924	0.896	0.902	0.86	0.83	0.796	0.785	0.743	0.682	0.646	0.577	0.498	0.431	0.374	0.333	0.251	0.187	0.152	0.089	0.085	0.048	0.041	0.018	0.017	
1	1	1	1	1	1	1	1	1	1	1	1	1	1	1	1	1	1	1	1	1	1	1	1	1	1	1	1	1	1	1	1	1	1	1	1	1	1	1	1	1	1	1	1	1	1	1	1	1	1	0.999	1	0.998	0.998	1	0.999	0.997	0.998	0.998	0.994	0.993	0.992	0.987	0.99	0.992	0.991	0.996	0.986	0.986	0.979	0.973	0.985	0.975	0.973	0.977	0.963	0.95	0.954	0.949	0.929	0.909	0.916	0.877	0.876	0.832	0.788	0.761	0.708	0.662	0.622	0.547	0.51	0.447	0.411	0.343	0.292	0.288	0.229	0.191	0.142	
1	1	1	1	1	1	1	1	1	1	1	1	1	1	1	1	1	1	1	1	1	1	1	1	1	1	1	1	1	1	0.999	1	1	0.999	0.999	0.996	0.996	0.994	0.986	0.975	0.951	0.934	0.907	0.875	0.832	0.807	0.73	0.68	0.61	0.551	0.489	0.438	0.346	0.301	0.199	0.182	0.151	0.111	0.077	0.069	0.047	0.039	0.016	0.012	0.005	0.005	0.005	0.003	0.002	0	0	0	0	0	0	0	0	0	0	0	0	0	0	0	0	0	0	0	0	0	0	0	0	0	0	0	0	0	0	0	
1	1	1	1	1	1	1	1	1	1	1	1	1	1	1	0.997	0.999	0.984	0.954	0.89	0.808	0.663	0.517	0.38	0.264	0.192	0.137	0.081	0.059	0.034	0.024	0.012	0.01	0.008	0.005	0.002	0.001	0.001	0.001	0.001	0.001	0.001	0	0.001	0.002	0	0	0	0	0	0	0	0	0	0	0	0	0	0	0	0	0	0	0	0	0	0	0	0	0	0	0	0	0	0	0	0	0	0	0	0	0	0	0	0	0	0	0	0	0	0	0	0	0	0	0	0	0	0	0	
1	1	1	1	1	1	1	1	1	1	1	1	1	1	1	1	1	1	1	1	1	1	1	0.995	0.988	0.993	0.973	0.957	0.939	0.899	0.886	0.82	0.787	0.723	0.707	0.652	0.637	0.596	0.534	0.504	0.47	0.424	0.422	0.376	0.372	0.352	0.316	0.317	0.287	0.3	0.282	0.307	0.275	0.31	0.299	0.315	0.304	0.304	0.323	0.362	0.367	0.374	0.428	0.436	0.468	0.492	0.519	0.552	0.584	0.621	0.663	0.69	0.693	0.735	0.77	0.806	0.83	0.848	0.862	0.879	0.884	0.91	0.92	0.936	0.946	0.954	0.942	0.961	0.963	0.981	0.982	0.979	0.982	0.986	0.992	0.994	0.994	0.995	0.991	0.992	
1	0.975	0.882	0.814	0.76	0.688	0.64	0.636	0.608	0.567	0.566	0.508	0.458	0.487	0.451	0.437	0.418	0.411	0.41	0.414	0.389	0.357	0.361	0.357	0.347	0.356	0.351	0.33	0.352	0.358	0.344	0.347	0.339	0.366	0.353	0.375	0.369	0.366	0.401	0.369	0.403	0.392	0.421	0.411	0.411	0.407	0.425	0.419	0.442	0.443	0.452	0.457	0.439	0.486	0.513	0.455	0.474	0.495	0.518	0.487	0.511	0.525	0.533	0.531	0.533	0.563	0.548	0.512	0.554	0.52	0.507	0.497	0.45	0.462	0.438	0.386	0.366	0.322	0.288	0.262	0.254	0.18	0.171	0.143	0.134	0.097	0.081	0.074	0.062	0.03	0.031	0.026	0.02	0.01	0.012	0.006	0.007	0.005	0.002	0.002	
1	1	1	1	1	1	1	1	1	1	1	1	1	1	1	1	1	1	1	1	1	1	1	1	0.999	1	0.999	0.997	0.996	0.994	0.986	0.974	0.963	0.941	0.905	0.86	0.803	0.719	0.661	0.56	0.479	0.358	0.315	0.258	0.182	0.14	0.091	0.056	0.055	0.028	0.014	0.012	0.004	0.004	0.001	0.001	0	0	0	0	0	0	0	0	0	0	0	0	0	0	0	0	0	0	0	0	0	0	0	0	0	0	0	0	0	0	0	0	0	0	0	0	0	0	0	0	0	0	0	0	
1	1	1	1	1	1	1	1	1	1	1	1	1	1	1	1	1	1	0.999	0.998	0.997	0.985	0.977	0.943	0.88	0.803	0.773	0.636	0.514	0.448	0.365	0.29	0.234	0.175	0.123	0.11	0.058	0.049	0.049	0.045	0.041	0.019	0.016	0.019	0.013	0.018	0.006	0.01	0.007	0.004	0.005	0.002	0.004	0.002	0.006	0.005	0.003	0.004	0.004	0.005	0.005	0.006	0.005	0.012	0.011	0.012	0.013	0.025	0.024	0.026	0.042	0.054	0.07	0.077	0.115	0.115	0.165	0.217	0.237	0.245	0.297	0.362	0.394	0.462	0.54	0.561	0.621	0.682	0.721	0.74	0.786	0.81	0.86	0.898	0.904	0.917	0.944	0.947	0.97	0.97	
1	1	1	1	1	1	1	1	1	1	1	1	1	1	1	1	1	1	1	1	1	1	1	1	1	1	1	1	1	1	1	1	1	1	1	0.999	1	1	0.998	1	0.999	0.998	0.996	0.993	0.996	0.996	0.991	0.995	0.987	0.991	0.983	0.992	0.987	0.982	0.988	0.984	0.986	0.991	0.994	0.988	0.991	0.997	0.996	0.997	0.996	0.998	0.999	0.997	0.998	0.997	0.998	0.998	1	0.996	1	1	1	1	1	1	1	1	1	1	1	1	1	1	1	1	1	1	1	1	1	1	1	1	1	1	
1	1	1	1	1	1	1	1	1	1	1	1	1	1	1	1	1	1	1	1	1	1	1	0.997	0.999	0.996	0.995	0.995	0.99	0.987	0.979	0.979	0.97	0.976	0.963	0.978	0.963	0.966	0.951	0.966	0.961	0.966	0.969	0.966	0.972	0.959	0.969	0.974	0.954	0.935	0.913	0.89	0.864	0.851	0.809	0.753	0.72	0.665	0.65	0.579	0.511	0.468	0.401	0.371	0.314	0.276	0.257	0.191	0.205	0.132	0.123	0.105	0.084	0.056	0.057	0.037	0.04	0.025	0.023	0.009	0.012	0.012	0.008	0.003	0.004	0.003	0.002	0	0.001	0.001	0	0	0	0	0	0	0	0	0	0	
1	1	1	1	1	1	1	1	1	1	1	1	1	1	1	1	1	1	1	1	1	1	1	1	1	1	1	1	1	1	1	1	1	1	1	1	1	1	1	1	1	1	1	0.999	0.999	0.997	0.994	0.989	0.99	0.969	0.955	0.928	0.903	0.852	0.825	0.764	0.717	0.639	0.549	0.479	0.438	0.37	0.286	0.248	0.22	0.156	0.105	0.089	0.053	0.042	0.039	0.025	0.014	0.012	0.007	0.007	0.004	0.003	0.001	0	0	0	0	0	0	0	0.001	0	0	0	0	0	0	0	0	0	0	0	0	0	
1	1	1	1	1	1	1	1	1	1	1	1	1	1	1	1	1	1	1	1	1	1	0.996	0.992	0.991	0.989	0.977	0.952	0.924	0.907	0.89	0.847	0.817	0.802	0.781	0.735	0.692	0.717	0.678	0.659	0.64	0.639	0.638	0.621	0.665	0.626	0.667	0.684	0.701	0.733	0.731	0.767	0.781	0.781	0.8	0.84	0.839	0.871	0.884	0.879	0.902	0.93	0.919	0.946	0.943	0.969	0.959	0.968	0.981	0.972	0.978	0.984	0.992	0.988	0.995	0.994	0.988	0.996	0.998	0.993	0.999	0.999	0.999	0.997	0.999	1	1	1	0.999	1	1	1	1	1	0.999	1	1	1	1	1	
1	1	1	1	1	1	1	1	1	1	1	1	1	1	1	1	1	1	1	1	1	1	1	1	1	1	1	1	1	1	1	1	1	1	1	1	1	1	1	1	1	1	1	1	1	1	1	1	1	1	1	1	1	1	1	1	1	1	1	1	1	1	1	1	1	1	1	1	1	1	1	1	1	1	1	1	1	1	1	1	0.999	1	1	1	1	1	0.998	1	0.999	0.997	0.997	0.998	0.996	0.998	0.99	0.986	0.982	0.974	0.979	0.966	
1	1	1	1	1	1	1	1	1	1	1	1	1	1	1	1	1	1	1	1	1	1	1	1	1	1	1	1	1	1	1	1	1	1	1	1	1	1	1	1	1	1	1	1	1	1	1	1	1	1	1	1	1	1	1	1	1	1	1	1	1	1	1	1	1	1	1	1	1	1	1	1	1	1	1	1	1	1	1	1	1	1	1	1	1	1	1	1	1	1	1	1	1	1	1	0.998	0.998	1	0.998	1	
1	1	1	1	1	1	1	1	1	1	1	1	1	1	1	1	1	1	1	1	1	1	1	1	1	1	1	1	1	1	1	0.999	0.999	1	0.999	0.999	0.996	0.994	0.991	0.989	0.987	0.978	0.975	0.958	0.946	0.926	0.889	0.874	0.843	0.778	0.718	0.693	0.613	0.546	0.47	0.385	0.377	0.264	0.225	0.17	0.153	0.111	0.089	0.065	0.05	0.028	0.032	0.015	0.007	0.004	0.005	0.004	0.001	0.005	0.001	0	0	0	0	0	0	0	0	0	0.001	0	0	0	0	0	0	0	0	0	0	0	0	0	0	0	
1	1	1	1	1	1	1	1	1	1	1	1	1	1	1	1	1	1	1	1	1	1	1	1	1	1	1	1	1	1	1	1	1	1	1	1	1	1	1	1	1	1	1	0.999	0.995	0.993	0.982	0.976	0.954	0.931	0.906	0.863	0.809	0.73	0.682	0.585	0.492	0.459	0.378	0.322	0.25	0.19	0.146	0.128	0.091	0.072	0.06	0.035	0.023	0.013	0.014	0.002	0.004	0.003	0.004	0	0.001	0	0	0	0	0	0	0	0	0	0	0	0	0	0	0	0	0	0	0	0	0	0	0	
1	1	1	1	1	1	0.998	0.993	0.979	0.956	0.932	0.887	0.84	0.807	0.758	0.721	0.697	0.63	0.61	0.57	0.553	0.51	0.484	0.437	0.415	0.36	0.355	0.319	0.291	0.25	0.261	0.242	0.22	0.224	0.174	0.171	0.16	0.143	0.145	0.099	0.11	0.077	0.066	0.06	0.044	0.039	0.024	0.021	0.009	0.007	0.005	0.006	0.002	0.002	0.001	0	0	0	0	0.001	0	0	0	0	0	0	0	0	0	0	0	0	0	0	0	0	0	0	0	0	0	0	0	0	0	0	0	0	0	0	0	0	0	0	0	0	0	0	0	0	
1	1	1	1	1	1	1	1	1	1	1	1	1	1	1	1	1	1	1	1	1	1	1	1	1	1	1	1	1	1	1	1	1	1	1	1	1	1	1	1	1	1	1	1	1	1	1	1	1	1	1	1	1	1	1	1	0.999	1	0.999	1	1	1	1	1	1	1	0.999	0.998	0.997	0.997	0.985	0.979	0.975	0.954	0.953	0.903	0.865	0.827	0.746	0.663	0.599	0.518	0.418	0.358	0.273	0.2	0.138	0.092	0.062	0.051	0.016	0.011	0.006	0.005	0.003	0.004	0.001	0	0.001	0	
1	1	1	1	1	1	1	1	1	1	0.997	0.993	0.975	0.936	0.875	0.804	0.669	0.566	0.455	0.355	0.269	0.211	0.154	0.096	0.084	0.053	0.03	0.032	0.023	0.019	0.018	0.01	0.002	0.006	0.003	0.001	0.002	0.002	0.001	0	0.001	0	0	0	0	0.001	0.001	0	0	0	0.001	0.001	0	0	0	0	0	0	0	0	0	0	0	0	0	0	0	0	0	0	0	0	0	0	0	0	0	0	0	0	0	0	0	0	0	0	0	0	0	0	0	0	0	0	0	0	0	0	0	0	
1	1	1	1	1	1	1	1	1	1	1	1	1	1	1	1	1	1	1	1	1	0.999	1	0.999	0.994	0.987	0.984	0.949	0.937	0.878	0.847	0.753	0.68	0.611	0.516	0.446	0.377	0.311	0.26	0.236	0.164	0.135	0.119	0.089	0.073	0.067	0.047	0.037	0.027	0.023	0.006	0.009	0.008	0.01	0.008	0.005	0.003	0.001	0.002	0.002	0	0	0	0	0	0	0	0	0	0	0	0	0	0	0	0	0	0	0	0	0	0	0	0	0	0	0	0	0	0	0	0	0	0	0	0	0	0	0	0	
1	1	1	1	1	1	1	1	1	1	1	1	1	1	1	1	1	1	1	1	1	1	1	1	1	1	1	1	1	1	1	1	0.999	1	0.993	0.987	0.986	0.976	0.965	0.933	0.882	0.857	0.81	0.744	0.656	0.577	0.529	0.45	0.344	0.311	0.231	0.232	0.165	0.101	0.067	0.063	0.041	0.021	0.014	0.012	0.01	0.007	0.006	0.006	0	0.001	0.001	0	0	0	0	0	0	0	0	0	0	0	0	0	0	0	0	0	0	0	0	0	0	0	0	0	0	0	0	0	0	0	0	0	
1	1	1	1	1	1	1	1	1	1	1	1	1	1	1	1	1	1	1	1	1	1	1	1	1	1	1	1	1	1	1	0.999	0.997	0.999	0.993	0.991	0.969	0.958	0.904	0.869	0.778	0.693	0.627	0.528	0.41	0.323	0.247	0.168	0.127	0.078	0.061	0.05	0.03	0.016	0.012	0.003	0.002	0.001	0.001	0.002	0	0	0	0	0	0	0	0	0	0	0	0	0	0	0	0	0	0	0	0	0	0	0	0	0	0	0	0	0	0	0	0	0	0	0	0	0	0	0	0	
1	1	1	1	1	1	1	1	1	1	1	1	1	1	1	1	1	1	1	1	1	0.999	0.999	0.998	0.997	0.992	0.978	0.966	0.948	0.93	0.907	0.856	0.8	0.777	0.716	0.683	0.638	0.538	0.49	0.453	0.374	0.34	0.283	0.247	0.192	0.167	0.136	0.098	0.074	0.058	0.043	0.032	0.024	0.022	0.021	0.008	0.006	0.002	0.007	0.001	0.004	0.001	0	0.001	0	0	0	0	0	0	0	0	0	0	0	0	0	0	0	0	0	0	0	0	0	0	0	0	0	0	0	0	0	0	0	0	0	0	0	0	
0.575	0.536	0.522	0.476	0.508	0.543	0.549	0.558	0.585	0.623	0.643	0.625	0.69	0.714	0.746	0.741	0.762	0.765	0.784	0.784	0.795	0.742	0.788	0.746	0.679	0.661	0.586	0.495	0.375	0.314	0.233	0.159	0.135	0.087	0.052	0.041	0.028	0.011	0.012	0.003	0.002	0.002	0.001	0	0	0	0.001	0	0	0	0	0	0	0	0	0	0	0	0	0	0	0	0	0	0	0	0	0	0	0	0	0	0	0	0	0	0	0	0	0	0	0	0	0	0	0	0	0	0	0	0	0	0	0	0	0	0	0	0	0	
1	1	1	1	1	1	1	1	1	1	1	1	1	1	1	1	1	1	1	1	1	1	1	1	1	1	1	1	1	1	1	1	1	1	1	1	1	1	1	1	1	1	0.999	1	1	0.999	0.998	0.997	0.994	0.993	0.986	0.978	0.972	0.964	0.961	0.929	0.903	0.849	0.816	0.792	0.702	0.633	0.553	0.497	0.433	0.307	0.274	0.259	0.169	0.132	0.105	0.073	0.062	0.038	0.017	0.009	0.017	0.006	0.006	0.003	0	0	0	0	0	0	0.001	0	0	0	0	0	0	0	0	0	0	0	0	0	
1	1	1	1	1	1	1	1	1	1	1	1	1	1	0.999	0.999	0.985	0.975	0.954	0.92	0.84	0.745	0.623	0.485	0.393	0.275	0.193	0.132	0.096	0.064	0.029	0.025	0.01	0.005	0.005	0.004	0.003	0.001	0.001	0	0	0	0	0	0	0	0	0	0	0	0	0	0	0	0	0	0	0	0	0	0	0	0	0	0	0	0	0	0	0	0	0	0	0	0	0	0	0	0	0	0	0	0	0	0	0	0	0	0	0	0	0	0	0	0	0	0	0	0	0	
1	1	1	1	1	1	1	1	1	1	1	1	1	1	1	1	1	1	1	1	1	1	1	1	1	1	1	1	1	1	1	1	1	1	1	1	1	1	1	1	1	1	1	1	1	1	1	1	1	1	1	1	0.999	1	0.996	0.996	0.996	0.99	0.974	0.983	0.959	0.943	0.902	0.857	0.767	0.653	0.546	0.443	0.329	0.254	0.138	0.093	0.077	0.037	0.019	0.011	0.006	0.003	0	0.002	0	0.001	0	0	0	0	0	0	0	0	0	0	0	0	0	0	0	0	0	0	
1	1	1	1	1	1	1	0.998	0.991	0.983	0.976	0.922	0.885	0.841	0.794	0.747	0.686	0.645	0.626	0.532	0.531	0.535	0.488	0.464	0.487	0.447	0.46	0.438	0.442	0.428	0.442	0.425	0.426	0.425	0.451	0.482	0.459	0.468	0.491	0.485	0.506	0.54	0.544	0.561	0.579	0.588	0.612	0.6	0.623	0.658	0.684	0.7	0.698	0.728	0.745	0.772	0.775	0.794	0.821	0.844	0.844	0.864	0.857	0.875	0.875	0.898	0.905	0.903	0.886	0.9	0.895	0.879	0.871	0.85	0.827	0.765	0.752	0.694	0.621	0.566	0.473	0.405	0.366	0.317	0.256	0.176	0.15	0.099	0.081	0.065	0.039	0.025	0.017	0.012	0.006	0.01	0.004	0.001	0	0.001	
1	1	1	1	1	1	1	1	1	1	1	1	1	1	1	1	1	1	1	1	1	1	1	1	1	1	1	1	1	1	1	1	1	1	1	1	1	1	1	1	1	1	1	1	1	1	1	1	1	1	1	1	1	1	1	1	1	1	1	1	1	0.999	0.999	1	0.999	1	0.997	0.998	0.998	0.987	0.981	0.977	0.965	0.96	0.936	0.927	0.899	0.887	0.811	0.813	0.751	0.726	0.658	0.6	0.56	0.512	0.467	0.394	0.363	0.308	0.261	0.229	0.199	0.178	0.139	0.121	0.09	0.075	0.059	0.052	
1	1	1	1	1	1	1	1	1	1	1	1	1	1	0.996	0.992	0.988	0.973	0.958	0.939	0.915	0.905	0.87	0.849	0.829	0.807	0.808	0.774	0.749	0.721	0.665	0.635	0.65	0.626	0.599	0.54	0.515	0.479	0.465	0.398	0.358	0.365	0.333	0.288	0.253	0.254	0.198	0.176	0.139	0.102	0.117	0.089	0.075	0.047	0.049	0.03	0.02	0.015	0.015	0.005	0.006	0.001	0.004	0.001	0.001	0	0	0	0	0	0	0	0	0	0	0	0	0	0	0	0	0	0	0	0	0	0	0	0	0	0	0	0	0	0	0	0	0	0	0	
1	1	1	1	1	1	1	1	1	1	1	1	1	1	1	1	1	1	1	1	1	1	1	0.995	0.986	0.971	0.959	0.888	0.862	0.787	0.725	0.599	0.526	0.423	0.353	0.288	0.237	0.182	0.158	0.123	0.096	0.081	0.051	0.051	0.034	0.021	0.025	0.012	0.014	0.006	0.005	0.004	0.003	0.001	0.001	0.002	0	0.002	0	0	0	0	0	0	0	0	0	0	0	0	0	0	0	0	0	0	0	0	0	0	0	0	0	0	0	0	0	0	0	0	0	0	0	0	0	0	0	0	0	0	
1	1	1	1	1	1	1	1	1	1	1	1	1	1	0.999	0.999	0.996	0.991	0.994	0.987	0.965	0.968	0.94	0.917	0.909	0.87	0.84	0.797	0.742	0.692	0.642	0.591	0.522	0.486	0.408	0.34	0.306	0.233	0.191	0.151	0.125	0.078	0.047	0.023	0.014	0.013	0.008	0.002	0.003	0.002	0.001	0	0	0	0	0	0	0	0	0	0	0	0	0	0	0	0	0	0	0	0	0	0	0	0	0	0	0	0	0	0	0	0	0	0	0	0	0	0	0	0	0	0	0	0	0	0	0	0	0	
1	1	1	1	1	1	1	1	1	1	1	1	1	1	1	1	1	1	1	1	1	1	1	1	1	1	1	1	1	1	1	1	1	1	1	1	1	1	1	1	1	1	1	1	1	1	1	0.999	0.999	0.997	0.994	0.996	0.986	0.98	0.974	0.959	0.953	0.928	0.909	0.87	0.852	0.792	0.743	0.717	0.614	0.579	0.502	0.44	0.342	0.315	0.256	0.18	0.135	0.105	0.092	0.048	0.037	0.036	0.024	0.012	0.008	0.003	0.002	0.002	0	0	0	0	0	0	0	0	0	0	0	0	0	0	0	0	
1	1	1	1	1	1	1	1	1	1	1	1	1	1	1	1	1	1	1	1	1	1	1	1	1	1	1	1	1	1	1	1	1	1	1	1	1	1	1	1	1	1	1	1	1	1	1	1	1	1	1	1	0.997	0.998	0.999	0.999	0.999	0.995	0.996	1	1	0.999	0.999	0.998	0.998	0.998	0.997	0.999	0.996	0.998	0.999	0.999	1	0.996	0.999	0.999	1	0.999	0.999	0.999	0.999	1	0.999	0.999	1	1	1	1	0.998	1	1	1	1	1	1	1	1	1	1	1	
1	1	1	1	1	1	1	1	1	1	1	1	1	1	1	1	1	1	1	1	0.999	1	0.998	0.995	0.988	0.989	0.98	0.971	0.96	0.94	0.91	0.895	0.84	0.792	0.767	0.76	0.683	0.646	0.603	0.568	0.492	0.458	0.43	0.373	0.375	0.317	0.277	0.301	0.255	0.228	0.183	0.213	0.175	0.164	0.16	0.13	0.125	0.135	0.109	0.114	0.117	0.083	0.097	0.09	0.086	0.077	0.079	0.078	0.076	0.07	0.061	0.065	0.056	0.062	0.06	0.054	0.054	0.05	0.048	0.045	0.053	0.045	0.039	0.051	0.037	0.049	0.051	0.036	0.036	0.032	0.03	0.03	0.02	0.025	0.027	0.024	0.017	0.017	0.011	0.015	
1	1	1	1	1	1	1	1	1	1	1	1	1	1	1	1	1	1	1	1	1	1	1	1	1	1	1	1	1	1	1	1	1	1	1	1	1	1	1	1	1	1	1	1	1	1	1	0.999	0.998	1	0.999	0.998	1	1	0.999	0.998	0.995	0.995	0.998	0.995	0.998	0.996	0.992	0.987	0.979	0.988	0.959	0.938	0.938	0.903	0.889	0.864	0.823	0.768	0.703	0.636	0.571	0.529	0.445	0.396	0.309	0.271	0.22	0.191	0.144	0.102	0.095	0.069	0.051	0.043	0.024	0.023	0.021	0.016	0.009	0.009	0.007	0.007	0.005	0.003	
1	1	1	1	1	1	1	1	1	1	1	1	1	1	1	1	1	1	1	1	1	1	1	1	1	1	1	1	0.999	0.998	0.995	0.994	0.988	0.974	0.969	0.945	0.929	0.88	0.831	0.783	0.687	0.642	0.539	0.467	0.401	0.346	0.258	0.218	0.149	0.142	0.1	0.083	0.04	0.031	0.027	0.009	0.007	0.006	0.002	0.003	0.002	0	0	0	0	0	0	0.001	0	0	0	0	0	0	0	0	0	0	0	0	0	0	0	0	0	0	0	0	0	0	0	0	0	0	0	0	0	0	0	0	
1	1	1	1	1	1	1	1	1	1	1	1	1	1	1	1	1	1	1	1	1	0.999	0.997	1	0.998	0.993	0.989	0.984	0.978	0.981	0.963	0.959	0.954	0.949	0.937	0.922	0.916	0.904	0.894	0.888	0.904	0.852	0.844	0.846	0.842	0.8	0.784	0.77	0.751	0.727	0.653	0.597	0.583	0.519	0.435	0.382	0.307	0.245	0.169	0.127	0.095	0.072	0.038	0.033	0.021	0.012	0.002	0.002	0	0	0	0	0.001	0	0	0	0	0	0	0	0	0	0	0	0	0	0	0	0	0	0	0	0	0	0	0	0	0	0	0	
1	1	1	1	1	1	1	1	1	1	1	1	1	1	1	1	1	1	1	1	1	1	1	1	1	1	1	1	1	1	1	1	1	1	1	1	1	1	1	1	1	1	1	1	0.999	1	0.998	0.998	0.998	0.999	0.996	0.996	0.997	0.999	0.994	0.995	0.994	0.987	0.992	0.99	0.985	0.979	0.985	0.984	0.978	0.977	0.981	0.976	0.971	0.974	0.964	0.976	0.965	0.963	0.963	0.962	0.961	0.962	0.955	0.944	0.95	0.953	0.938	0.948	0.944	0.949	0.942	0.941	0.921	0.935	0.934	0.932	0.924	0.904	0.912	0.92	0.898	0.905	0.872	0.855	
1	1	1	1	1	1	1	1	1	1	1	1	1	1	1	1	1	1	1	1	0.999	0.998	0.991	0.966	0.928	0.838	0.705	0.591	0.427	0.275	0.173	0.077	0.049	0.024	0.005	0.005	0.002	0	0	0	0	0	0	0	0	0	0	0	0	0	0	0	0	0	0	0	0	0	0	0	0	0	0	0	0	0	0	0	0	0	0	0	0	0	0	0	0	0	0	0	0	0	0	0	0	0	0	0	0	0	0	0	0	0	0	0	0	0	0	0	
1	1	1	1	1	1	1	1	1	1	1	1	1	0.999	0.996	0.991	0.966	0.935	0.848	0.792	0.704	0.59	0.452	0.363	0.306	0.226	0.179	0.127	0.108	0.073	0.07	0.049	0.02	0.027	0.023	0.013	0.009	0.007	0.006	0.004	0.001	0.002	0	0	0.001	0.001	0	0	0	0	0	0	0.001	0	0	0	0	0	0	0	0	0	0	0	0	0	0	0	0	0	0	0	0	0	0	0	0	0	0	0	0	0	0	0	0	0	0	0	0	0	0	0	0	0	0	0	0	0	0	0	
1	1	1	1	1	1	1	1	1	1	1	1	1	1	1	1	1	1	1	1	1	1	1	1	1	0.999	0.999	0.999	1	0.996	0.998	0.995	0.986	0.989	0.976	0.976	0.975	0.962	0.962	0.955	0.94	0.957	0.941	0.937	0.933	0.921	0.92	0.942	0.923	0.94	0.942	0.947	0.936	0.936	0.957	0.948	0.957	0.962	0.96	0.966	0.973	0.98	0.98	0.983	0.989	0.987	0.991	0.998	0.996	0.999	1	0.998	0.999	0.999	0.999	1	1	1	1	1	1	1	1	1	1	1	1	1	1	1	1	1	1	1	1	1	1	1	1	1	
1	1	1	1	1	1	1	1	1	1	1	0.999	0.999	0.999	0.998	0.995	0.992	0.997	0.991	0.989	0.98	0.98	0.963	0.968	0.965	0.951	0.948	0.94	0.939	0.935	0.931	0.936	0.943	0.912	0.902	0.909	0.903	0.886	0.879	0.869	0.888	0.889	0.867	0.887	0.877	0.867	0.872	0.872	0.872	0.847	0.846	0.838	0.859	0.844	0.851	0.859	0.836	0.835	0.836	0.861	0.829	0.825	0.819	0.806	0.79	0.81	0.799	0.764	0.762	0.763	0.738	0.733	0.706	0.713	0.672	0.669	0.656	0.597	0.58	0.526	0.524	0.484	0.421	0.411	0.393	0.314	0.301	0.253	0.225	0.184	0.162	0.146	0.111	0.095	0.076	0.058	0.059	0.034	0.028	0.023	
1	1	1	1	1	1	1	1	1	1	1	1	1	1	1	1	1	1	1	1	1	1	1	1	1	1	1	1	1	1	1	1	1	1	1	1	1	1	1	1	1	1	1	1	1	1	1	0.999	0.999	1	0.998	0.998	0.996	0.983	0.961	0.954	0.928	0.846	0.783	0.672	0.525	0.459	0.332	0.224	0.151	0.096	0.047	0.034	0.015	0.008	0.005	0	0	0	0	0	0	0	0	0	0	0	0	0	0	0	0	0	0	0	0	0	0	0	0	0	0	0	0	0	
1	1	1	1	1	1	1	1	1	1	1	1	1	1	1	1	1	1	1	1	1	0.998	0.993	0.986	0.97	0.941	0.869	0.811	0.716	0.619	0.538	0.47	0.45	0.31	0.295	0.232	0.196	0.153	0.14	0.122	0.123	0.111	0.092	0.101	0.096	0.076	0.081	0.083	0.082	0.078	0.083	0.092	0.119	0.112	0.118	0.141	0.132	0.151	0.177	0.174	0.18	0.196	0.222	0.243	0.253	0.266	0.298	0.298	0.343	0.321	0.346	0.373	0.376	0.384	0.373	0.409	0.361	0.415	0.357	0.349	0.362	0.31	0.278	0.228	0.237	0.215	0.195	0.17	0.128	0.102	0.09	0.078	0.075	0.043	0.051	0.033	0.028	0.013	0.013	0.012	
1	1	1	1	1	1	1	1	1	1	1	1	1	1	1	1	0.999	1	0.996	0.995	0.989	0.992	0.983	0.972	0.96	0.944	0.914	0.884	0.842	0.816	0.756	0.683	0.687	0.603	0.581	0.568	0.511	0.449	0.443	0.411	0.367	0.375	0.327	0.319	0.29	0.272	0.282	0.263	0.256	0.259	0.268	0.267	0.251	0.252	0.262	0.259	0.261	0.286	0.287	0.273	0.27	0.298	0.302	0.294	0.304	0.311	0.349	0.336	0.366	0.372	0.391	0.429	0.387	0.428	0.45	0.447	0.467	0.447	0.48	0.476	0.473	0.486	0.448	0.47	0.464	0.438	0.474	0.408	0.416	0.409	0.35	0.334	0.309	0.267	0.253	0.222	0.195	0.159	0.15	0.15	
0.999	0.995	0.973	0.943	0.925	0.887	0.855	0.757	0.598	0.394	0.242	0.138	0.094	0.045	0.044	0.028	0.029	0.019	0.021	0.008	0.015	0.008	0.005	0.011	0.009	0.004	0.002	0.002	0.001	0	0.002	0.003	0.002	0.001	0.001	0.001	0	0	0	0	0	0	0	0	0	0	0	0.001	0	0	0	0	0	0	0	0	0	0	0	0	0	0	0	0	0	0	0	0	0	0	0	0	0	0	0	0	0	0	0	0	0	0	0	0	0	0	0	0	0	0	0	0	0	0	0	0	0	0	0	0	
1	1	1	1	1	1	1	1	1	1	1	1	1	1	1	1	1	1	1	1	1	1	1	1	1	1	1	1	1	1	1	1	1	1	1	1	1	1	1	1	1	1	1	1	1	1	1	1	1	1	1	0.998	1	1	1	0.997	0.995	0.998	0.991	0.995	0.992	0.984	0.977	0.97	0.957	0.944	0.924	0.9	0.871	0.84	0.764	0.708	0.672	0.572	0.536	0.489	0.4	0.338	0.287	0.229	0.179	0.159	0.097	0.081	0.08	0.054	0.042	0.032	0.027	0.012	0.011	0.008	0.002	0	0.001	0	0	0	0.001	0	
1	1	1	1	1	1	1	1	1	1	1	1	1	1	1	0.997	0.992	0.978	0.94	0.9	0.807	0.735	0.628	0.556	0.453	0.389	0.345	0.252	0.215	0.177	0.131	0.119	0.094	0.075	0.051	0.046	0.028	0.03	0.018	0.027	0.016	0.013	0.006	0.011	0.01	0.008	0.005	0.001	0.001	0.001	0	0	0	0.001	0	0	0	0	0	0	0	0	0	0	0	0	0	0	0	0	0	0	0	0	0	0	0	0	0	0	0	0	0	0	0	0	0	0	0	0	0	0	0	0	0	0	0	0	0	0	
0.997	0.878	0.601	0.445	0.343	0.271	0.246	0.208	0.159	0.122	0.085	0.083	0.067	0.055	0.046	0.045	0.039	0.031	0.034	0.03	0.026	0.018	0.016	0.012	0.013	0.018	0.02	0.016	0.018	0.015	0.011	0.006	0.012	0.006	0.008	0.01	0.005	0.002	0.003	0.004	0.004	0.005	0.001	0.005	0.002	0	0	0	0.004	0	0	0.001	0.001	0	0	0	0	0	0	0	0	0	0	0	0	0	0	0	0	0	0	0	0	0	0	0	0	0	0	0	0	0	0	0	0	0	0	0	0	0	0	0	0	0	0	0	0	0	0	0	
1	1	1	1	1	1	1	1	1	1	1	1	1	1	1	1	1	1	1	1	1	1	1	1	0.999	1	1	1	0.999	1	0.998	0.996	0.997	0.996	0.997	0.996	0.996	0.993	0.992	0.993	0.99	0.988	0.982	0.978	0.98	0.975	0.964	0.963	0.948	0.946	0.918	0.901	0.891	0.892	0.875	0.859	0.843	0.812	0.796	0.746	0.711	0.688	0.627	0.583	0.585	0.525	0.506	0.439	0.394	0.332	0.301	0.243	0.21	0.161	0.13	0.11	0.085	0.055	0.035	0.043	0.031	0.014	0.02	0.004	0.003	0.003	0.001	0	0.001	0.001	0	0	0	0	0	0	0	0	0	0	
1	1	1	1	1	1	1	1	1	1	1	1	1	1	0.999	0.995	0.992	0.987	0.982	0.969	0.947	0.939	0.895	0.866	0.838	0.81	0.756	0.74	0.667	0.677	0.588	0.547	0.512	0.489	0.457	0.425	0.392	0.364	0.357	0.328	0.35	0.302	0.291	0.267	0.274	0.244	0.261	0.241	0.229	0.21	0.219	0.204	0.21	0.225	0.2	0.179	0.203	0.22	0.223	0.198	0.189	0.19	0.176	0.211	0.193	0.187	0.207	0.194	0.162	0.163	0.174	0.188	0.158	0.16	0.166	0.15	0.134	0.129	0.128	0.116	0.122	0.114	0.089	0.096	0.059	0.078	0.062	0.05	0.048	0.034	0.035	0.023	0.012	0.009	0.01	0.003	0.002	0.002	0.002	0	
1	1	1	1	1	1	1	1	1	1	1	1	1	1	1	1	1	1	1	1	1	1	1	1	1	1	0.998	0.997	0.994	0.994	0.989	0.983	0.984	0.97	0.966	0.96	0.921	0.923	0.886	0.902	0.88	0.863	0.826	0.825	0.817	0.793	0.771	0.697	0.702	0.667	0.648	0.603	0.607	0.595	0.56	0.533	0.497	0.494	0.481	0.453	0.438	0.416	0.386	0.386	0.343	0.311	0.329	0.286	0.282	0.253	0.242	0.21	0.204	0.164	0.141	0.148	0.107	0.098	0.088	0.056	0.05	0.04	0.036	0.038	0.02	0.015	0.015	0.005	0.006	0.005	0.005	0.001	0.004	0	0	0	0	0	0.001	0.001	
1	1	1	1	1	1	1	1	1	1	1	1	0.999	0.993	0.977	0.962	0.948	0.929	0.879	0.844	0.826	0.777	0.762	0.737	0.677	0.617	0.56	0.492	0.443	0.401	0.31	0.281	0.231	0.192	0.162	0.145	0.136	0.117	0.087	0.074	0.088	0.064	0.066	0.044	0.059	0.062	0.065	0.062	0.056	0.078	0.071	0.071	0.093	0.077	0.082	0.093	0.072	0.081	0.079	0.087	0.088	0.076	0.073	0.069	0.071	0.05	0.047	0.025	0.03	0.015	0.011	0.006	0.006	0.002	0.002	0.002	0.003	0	0	0	0	0.001	0	0	0	0	0	0	0	0	0	0	0	0	0	0	0	0	0	0	
1	1	1	1	1	1	1	1	1	1	1	1	1	1	1	1	1	1	0.995	0.984	0.961	0.878	0.781	0.612	0.472	0.329	0.205	0.124	0.085	0.042	0.02	0.013	0.004	0.003	0.001	0	0	0	0	0	0	0	0	0	0	0	0	0	0	0	0	0	0	0	0	0	0	0	0	0	0	0	0	0	0	0	0	0	0	0	0	0	0	0	0	0	0	0	0	0	0	0	0	0	0	0	0	0	0	0	0	0	0	0	0	0	0	0	0	0	
1	1	1	1	1	1	1	1	1	1	1	1	1	1	1	1	1	1	1	1	1	1	1	1	1	1	1	1	1	1	1	1	1	1	1	1	1	1	1	1	1	1	1	1	1	1	1	1	1	1	1	1	1	1	1	1	1	0.999	1	1	0.999	1	0.998	0.999	0.996	0.987	0.987	0.977	0.957	0.947	0.928	0.889	0.854	0.78	0.728	0.639	0.573	0.471	0.366	0.346	0.259	0.215	0.163	0.09	0.078	0.048	0.035	0.028	0.011	0.013	0.007	0.004	0.005	0.005	0	0.001	0.001	0	0.001	0	
1	1	1	1	1	1	1	1	0.99	0.971	0.961	0.925	0.853	0.823	0.714	0.62	0.535	0.444	0.39	0.326	0.278	0.225	0.197	0.17	0.137	0.107	0.112	0.093	0.075	0.083	0.075	0.07	0.074	0.064	0.068	0.069	0.055	0.059	0.058	0.062	0.057	0.069	0.056	0.063	0.075	0.089	0.083	0.105	0.1	0.089	0.132	0.138	0.151	0.127	0.141	0.162	0.17	0.182	0.226	0.232	0.242	0.274	0.268	0.29	0.301	0.326	0.371	0.353	0.347	0.382	0.34	0.369	0.376	0.327	0.345	0.325	0.277	0.237	0.261	0.174	0.2	0.142	0.11	0.103	0.079	0.067	0.053	0.033	0.017	0.025	0.011	0.006	0.006	0.006	0.004	0.003	0.001	0	0.001	0.003	
1	1	1	1	1	1	1	1	1	1	1	1	1	1	1	1	1	1	0.999	1	1	0.998	1	0.993	0.993	0.983	0.968	0.947	0.937	0.882	0.86	0.808	0.74	0.677	0.614	0.499	0.436	0.362	0.295	0.21	0.163	0.127	0.087	0.067	0.041	0.023	0.018	0.017	0.015	0.006	0.003	0.004	0.002	0.003	0.001	0	0	0	0	0	0.001	0	0	0	0	0	0	0	0	0	0	0	0	0	0	0	0	0	0	0	0	0	0	0	0	0	0	0	0	0	0	0	0	0	0	0	0	0	0	0	
1	1	1	1	1	1	1	1	1	1	1	1	1	1	1	1	1	1	1	1	1	1	1	1	1	1	1	1	1	1	1	1	1	1	1	0.999	1	1	0.999	0.998	0.999	0.992	0.985	0.98	0.956	0.949	0.925	0.889	0.863	0.822	0.783	0.72	0.697	0.601	0.54	0.434	0.414	0.348	0.259	0.214	0.152	0.124	0.097	0.075	0.058	0.035	0.028	0.015	0.01	0.002	0.004	0.004	0.001	0.002	0.001	0	0	0	0	0	0	0	0	0	0	0	0	0	0	0	0	0	0	0	0	0	0	0	0	0	
1	1	1	1	1	1	1	1	1	1	1	1	1	1	1	1	1	1	1	1	1	1	1	1	1	1	1	1	1	1	1	1	1	1	1	1	1	0.999	1	1	0.998	0.997	0.995	0.99	0.991	0.995	0.979	0.98	0.971	0.954	0.943	0.906	0.909	0.843	0.81	0.752	0.701	0.631	0.617	0.546	0.459	0.415	0.36	0.294	0.234	0.187	0.144	0.118	0.088	0.072	0.045	0.023	0.024	0.017	0.015	0.005	0.004	0.001	0	0.001	0	0	0	0	0	0	0	0.001	0	0	0	0	0	0	0	0	0	0	0	0	
1	1	1	1	1	1	1	1	1	1	1	1	1	1	1	1	1	1	1	1	1	1	1	0.999	0.997	0.996	0.996	0.996	0.985	0.974	0.969	0.957	0.949	0.927	0.921	0.882	0.888	0.827	0.804	0.762	0.733	0.695	0.649	0.657	0.619	0.552	0.513	0.478	0.47	0.417	0.395	0.376	0.321	0.293	0.283	0.247	0.222	0.207	0.196	0.183	0.142	0.139	0.106	0.114	0.107	0.09	0.075	0.071	0.056	0.079	0.056	0.047	0.053	0.044	0.048	0.052	0.033	0.033	0.035	0.026	0.022	0.015	0.013	0.015	0.011	0.016	0.008	0.013	0.007	0.002	0.007	0.011	0.002	0.001	0.004	0	0.001	0	0	0	
1	1	1	1	1	1	1	1	1	1	1	1	1	1	1	1	1	1	1	1	1	1	1	1	1	1	1	1	1	1	1	1	1	1	1	1	1	1	1	1	0.999	0.998	0.999	0.997	0.993	0.983	0.966	0.953	0.917	0.888	0.856	0.797	0.713	0.619	0.529	0.456	0.402	0.303	0.247	0.217	0.135	0.095	0.065	0.051	0.024	0.024	0.012	0.012	0.006	0.002	0.001	0	0	0	0	0.001	0	0	0	0	0	0	0	0	0	0	0	0	0	0	0	0	0	0	0	0	0	0	0	0	
1	1	1	1	1	1	1	0.996	0.995	0.954	0.947	0.887	0.854	0.776	0.701	0.626	0.619	0.537	0.476	0.452	0.391	0.384	0.334	0.309	0.298	0.274	0.228	0.19	0.187	0.164	0.15	0.156	0.102	0.094	0.097	0.062	0.042	0.043	0.032	0.02	0.021	0.016	0.015	0.013	0.006	0.005	0.005	0.002	0.002	0.002	0	0	0.001	0	0	0	0.001	0	0	0	0	0	0	0	0	0	0	0	0	0	0	0	0	0	0	0	0	0	0	0	0	0	0	0	0	0	0	0	0	0	0	0	0	0	0	0	0	0	0	0	
1	1	1	1	1	1	1	1	1	1	1	1	1	1	1	0.999	0.999	1	0.999	0.998	0.998	0.997	0.998	0.998	0.998	0.999	0.997	0.995	0.998	0.992	0.996	0.995	0.991	0.987	0.985	0.986	0.983	0.982	0.974	0.97	0.966	0.958	0.962	0.951	0.941	0.93	0.939	0.933	0.911	0.891	0.879	0.889	0.886	0.854	0.849	0.808	0.799	0.789	0.783	0.78	0.781	0.761	0.735	0.707	0.721	0.693	0.677	0.671	0.651	0.618	0.63	0.593	0.622	0.596	0.586	0.617	0.584	0.541	0.543	0.495	0.486	0.45	0.422	0.414	0.367	0.335	0.358	0.34	0.289	0.26	0.235	0.175	0.154	0.167	0.124	0.107	0.105	0.085	0.06	0.064	
1	1	1	1	1	1	1	1	1	1	0.996	0.996	0.976	0.955	0.93	0.878	0.841	0.794	0.775	0.719	0.72	0.688	0.619	0.634	0.626	0.592	0.596	0.583	0.57	0.543	0.565	0.552	0.559	0.585	0.542	0.566	0.596	0.597	0.602	0.602	0.64	0.619	0.648	0.658	0.657	0.65	0.711	0.72	0.733	0.74	0.765	0.758	0.775	0.794	0.804	0.79	0.796	0.801	0.784	0.807	0.806	0.803	0.773	0.751	0.766	0.745	0.747	0.727	0.699	0.661	0.618	0.659	0.619	0.589	0.565	0.565	0.514	0.505	0.505	0.462	0.454	0.421	0.443	0.435	0.385	0.379	0.336	0.354	0.335	0.303	0.319	0.308	0.281	0.259	0.293	0.253	0.228	0.236	0.2	0.163	
1	1	1	1	1	1	0.999	0.994	0.989	0.957	0.908	0.877	0.78	0.732	0.551	0.439	0.324	0.255	0.189	0.122	0.08	0.054	0.032	0.024	0.005	0.001	0.002	0.003	0	0	0	0	0	0	0	0	0	0	0	0	0	0	0	0	0	0	0	0	0	0	0	0	0	0	0	0	0	0	0	0	0	0	0	0	0	0	0	0	0	0	0	0	0	0	0	0	0	0	0	0	0	0	0	0	0	0	0	0	0	0	0	0	0	0	0	0	0	0	0	0	
1	1	1	1	1	1	1	1	1	1	0.998	0.999	0.992	0.985	0.985	0.969	0.95	0.94	0.914	0.894	0.863	0.844	0.815	0.766	0.733	0.702	0.658	0.61	0.567	0.552	0.485	0.449	0.422	0.38	0.344	0.331	0.294	0.282	0.204	0.171	0.161	0.116	0.102	0.095	0.081	0.058	0.051	0.034	0.039	0.021	0.012	0.007	0.006	0.008	0.001	0.001	0.003	0.001	0.001	0	0	0	0	0.001	0	0	0	0	0	0	0	0	0	0	0	0	0	0	0	0	0	0	0	0	0	0	0	0	0	0	0	0	0	0	0	0	0	0	0	0	
1	1	1	1	1	1	1	1	1	1	1	1	0.999	0.996	0.988	0.978	0.955	0.929	0.895	0.838	0.757	0.691	0.643	0.542	0.52	0.439	0.378	0.334	0.262	0.223	0.186	0.157	0.12	0.115	0.11	0.074	0.081	0.066	0.055	0.038	0.042	0.031	0.021	0.026	0.022	0.016	0.025	0.011	0.02	0.02	0.015	0.012	0.016	0.015	0.021	0.016	0.007	0.011	0.016	0.02	0.035	0.021	0.03	0.04	0.045	0.053	0.05	0.064	0.068	0.069	0.093	0.135	0.139	0.152	0.152	0.185	0.196	0.229	0.276	0.284	0.313	0.318	0.345	0.389	0.357	0.373	0.411	0.397	0.4	0.399	0.384	0.376	0.365	0.347	0.301	0.275	0.235	0.211	0.168	0.138	
1	1	1	1	1	1	1	1	1	1	1	1	1	1	1	1	1	1	1	1	1	1	1	1	1	1	1	1	1	1	1	1	0.999	1	1	0.999	0.998	0.996	0.989	0.99	0.977	0.962	0.936	0.911	0.872	0.854	0.782	0.756	0.739	0.675	0.621	0.592	0.51	0.491	0.443	0.373	0.349	0.309	0.248	0.257	0.212	0.182	0.137	0.135	0.09	0.108	0.067	0.073	0.057	0.055	0.053	0.044	0.033	0.03	0.02	0.02	0.02	0.014	0.01	0.007	0.008	0.005	0.004	0.001	0.003	0.004	0.002	0.005	0.003	0.001	0.001	0	0	0.001	0	0	0	0	0	0.001	
1	1	1	1	1	1	1	1	1	1	1	1	1	1	1	1	1	1	1	1	1	0.998	0.997	0.995	0.988	0.984	0.969	0.96	0.943	0.931	0.894	0.864	0.806	0.798	0.743	0.701	0.648	0.596	0.542	0.488	0.43	0.364	0.351	0.284	0.262	0.203	0.189	0.142	0.113	0.118	0.072	0.07	0.04	0.05	0.025	0.02	0.011	0.012	0.009	0.004	0.005	0.001	0	0	0	0.001	0.001	0	0	0	0	0	0	0	0	0	0	0	0	0	0	0	0	0	0	0	0	0	0	0	0	0	0	0	0	0	0	0	0	0	
1	1	1	1	1	1	1	1	1	1	1	1	1	1	1	1	1	1	1	1	1	1	1	1	1	1	1	1	1	1	1	1	1	1	0.998	0.999	0.996	0.994	0.989	0.984	0.977	0.947	0.936	0.911	0.87	0.817	0.787	0.708	0.69	0.636	0.563	0.474	0.437	0.368	0.327	0.254	0.201	0.159	0.133	0.103	0.082	0.085	0.045	0.033	0.03	0.01	0.015	0.008	0.006	0.001	0.001	0.001	0.001	0.001	0	0.001	0	0.001	0	0	0	0	0	0	0	0	0	0	0	0	0	0	0	0	0	0	0	0	0	0	
1	1	1	1	1	1	1	1	1	1	0.999	0.994	0.987	0.969	0.963	0.927	0.901	0.861	0.812	0.731	0.625	0.557	0.419	0.348	0.234	0.177	0.135	0.073	0.059	0.033	0.017	0.014	0.009	0.005	0.004	0.001	0.001	0.001	0	0	0	0.001	0	0	0	0	0	0	0	0	0	0	0	0	0	0	0	0	0	0	0	0	0	0	0	0	0	0	0	0	0	0	0	0	0	0	0	0	0	0	0	0	0	0	0	0	0	0	0	0	0	0	0	0	0	0	0	0	0	0	
1	1	1	1	1	1	1	1	1	1	1	1	1	1	1	1	1	1	1	1	1	1	1	1	1	1	1	1	1	1	1	1	1	1	1	1	1	0.998	0.999	1	0.998	0.989	0.991	0.987	0.978	0.956	0.941	0.897	0.824	0.775	0.703	0.635	0.562	0.483	0.411	0.308	0.267	0.228	0.148	0.12	0.095	0.071	0.052	0.027	0.017	0.013	0.008	0.005	0.002	0.002	0.004	0.002	0.001	0	0	0	0.001	0	0	0	0	0	0	0	0	0	0	0	0	0	0	0	0	0	0	0	0	0	0	0	
1	1	1	1	1	1	1	1	1	1	1	1	1	1	1	1	1	1	1	1	0.999	1	1	1	1	0.999	1	1	1	1	1	0.998	1	1	1	1	0.999	1	0.999	1	0.999	1	1	1	1	0.999	1	1	0.999	1	1	0.999	0.998	0.999	0.996	1	0.998	0.997	0.995	0.997	0.988	0.99	0.987	0.989	0.983	0.987	0.985	0.976	0.974	0.964	0.97	0.957	0.941	0.936	0.918	0.902	0.884	0.828	0.863	0.826	0.799	0.732	0.701	0.617	0.594	0.572	0.473	0.435	0.408	0.359	0.319	0.271	0.236	0.211	0.149	0.165	0.111	0.09	0.085	0.072	
1	1	1	1	0.999	0.999	0.997	0.993	0.99	0.983	0.972	0.942	0.941	0.886	0.852	0.811	0.758	0.698	0.658	0.619	0.524	0.491	0.438	0.372	0.32	0.271	0.211	0.167	0.133	0.1	0.093	0.069	0.044	0.032	0.024	0.013	0.01	0.015	0.011	0.006	0.003	0.003	0.002	0.002	0.003	0	0.001	0.002	0	0	0.001	0.001	0	0	0	0	0	0	0	0	0	0	0	0	0	0	0	0	0	0	0	0	0	0	0	0	0	0	0	0	0	0	0	0	0	0	0	0	0	0	0	0	0	0	0	0	0	0	0	0	
1	1	1	1	1	1	1	1	1	1	1	1	1	1	1	1	1	1	1	1	1	1	1	1	1	0.999	0.999	0.996	0.995	0.983	0.979	0.968	0.955	0.941	0.909	0.891	0.859	0.802	0.82	0.802	0.741	0.713	0.694	0.67	0.611	0.608	0.588	0.561	0.519	0.517	0.508	0.485	0.496	0.489	0.483	0.471	0.465	0.449	0.431	0.398	0.401	0.391	0.399	0.383	0.377	0.348	0.366	0.361	0.362	0.345	0.35	0.303	0.343	0.31	0.285	0.321	0.288	0.283	0.261	0.23	0.227	0.206	0.19	0.194	0.18	0.175	0.169	0.152	0.141	0.124	0.115	0.119	0.094	0.09	0.072	0.074	0.073	0.042	0.055	0.049	
1	1	1	1	1	1	1	1	1	1	1	1	1	1	1	1	1	1	1	0.998	0.998	0.999	0.996	0.986	0.99	0.981	0.981	0.959	0.965	0.95	0.924	0.906	0.923	0.911	0.895	0.882	0.86	0.858	0.827	0.806	0.782	0.774	0.791	0.767	0.749	0.733	0.72	0.689	0.693	0.666	0.663	0.627	0.62	0.572	0.572	0.565	0.553	0.499	0.52	0.489	0.465	0.51	0.46	0.442	0.425	0.438	0.416	0.427	0.422	0.382	0.383	0.408	0.364	0.412	0.392	0.392	0.38	0.373	0.372	0.339	0.329	0.304	0.288	0.268	0.267	0.24	0.212	0.177	0.133	0.143	0.104	0.114	0.08	0.066	0.063	0.043	0.036	0.034	0.013	0.017	
1	1	1	1	1	1	1	1	1	1	1	1	1	1	1	1	1	1	1	1	1	1	1	1	1	1	1	1	1	1	1	1	0.999	1	1	1	0.999	1	0.999	1	0.993	0.981	0.983	0.977	0.954	0.936	0.914	0.878	0.867	0.82	0.791	0.72	0.639	0.611	0.572	0.519	0.427	0.361	0.315	0.266	0.228	0.187	0.133	0.121	0.086	0.055	0.06	0.026	0.023	0.02	0.016	0.011	0.006	0.003	0.003	0.003	0.001	0	0.001	0	0	0	0	0	0	0	0	0	0	0	0	0	0	0	0	0	0	0	0	0	
1	1	1	1	1	1	1	1	1	0.999	1	1	0.998	0.996	0.995	0.988	0.97	0.954	0.924	0.882	0.817	0.747	0.671	0.564	0.453	0.375	0.287	0.184	0.111	0.086	0.044	0.024	0.015	0.006	0.007	0.002	0.001	0	0.001	0.001	0	0	0	0	0	0	0	0	0	0	0	0	0	0	0	0	0	0	0	0	0	0	0	0	0	0	0	0	0	0	0	0	0	0	0	0	0	0	0	0	0	0	0	0	0	0	0	0	0	0	0	0	0	0	0	0	0	0	0	0	
1	1	1	1	1	1	1	1	1	1	1	1	1	1	1	1	1	1	1	1	1	1	1	1	1	1	1	1	1	1	1	1	1	1	1	1	1	1	1	1	1	1	0.999	0.999	0.999	0.996	0.985	0.988	0.985	0.96	0.954	0.938	0.885	0.861	0.818	0.784	0.706	0.653	0.597	0.523	0.451	0.383	0.305	0.26	0.196	0.163	0.115	0.077	0.062	0.044	0.03	0.024	0.008	0.006	0.005	0.004	0.001	0	0	0.001	0	0	0	0	0	0	0	0	0	0	0	0	0	0	0	0	0	0	0	0	
1	1	1	1	1	1	1	1	1	1	0.997	0.994	0.988	0.984	0.971	0.951	0.922	0.911	0.857	0.814	0.796	0.736	0.692	0.637	0.635	0.552	0.553	0.44	0.462	0.43	0.414	0.36	0.353	0.308	0.282	0.275	0.238	0.248	0.237	0.226	0.189	0.191	0.164	0.157	0.155	0.146	0.155	0.146	0.14	0.11	0.107	0.105	0.098	0.085	0.1	0.103	0.082	0.084	0.081	0.085	0.073	0.063	0.067	0.066	0.078	0.08	0.081	0.072	0.068	0.08	0.085	0.079	0.09	0.081	0.09	0.086	0.086	0.09	0.09	0.093	0.101	0.112	0.103	0.117	0.109	0.121	0.143	0.141	0.139	0.143	0.137	0.131	0.123	0.122	0.148	0.141	0.156	0.167	0.14	0.147	
1	1	1	1	1	1	1	1	1	1	1	1	1	1	1	1	1	1	1	1	1	1	1	1	1	1	1	1	1	1	1	1	1	1	1	1	1	0.999	1	0.997	0.994	0.992	0.985	0.975	0.956	0.947	0.912	0.884	0.847	0.76	0.725	0.636	0.562	0.48	0.401	0.309	0.247	0.189	0.157	0.099	0.057	0.047	0.034	0.019	0.011	0.006	0.005	0.003	0.001	0	0	0	0	0	0	0	0	0	0	0	0	0	0	0	0	0	0	0	0	0	0	0	0	0	0	0	0	0	0	0	
1	1	1	1	1	1	1	1	1	1	1	1	1	1	1	1	1	0.994	0.991	0.971	0.936	0.875	0.822	0.757	0.641	0.59	0.501	0.435	0.368	0.33	0.261	0.241	0.181	0.172	0.125	0.116	0.102	0.068	0.06	0.049	0.041	0.031	0.019	0.023	0.019	0.004	0.01	0.007	0.002	0.004	0.005	0	0.001	0	0	0	0	0	0	0	0	0	0	0	0	0	0	0	0	0	0	0	0	0	0	0	0	0	0	0	0	0	0	0	0	0	0	0	0	0	0	0	0	0	0	0	0	0	0	0	
1	1	1	1	1	1	1	1	1	1	1	1	1	1	1	1	1	1	1	1	1	1	1	1	1	1	1	1	1	1	1	1	0.998	0.997	0.994	0.993	0.985	0.975	0.97	0.97	0.949	0.934	0.91	0.89	0.862	0.844	0.786	0.76	0.72	0.655	0.627	0.549	0.545	0.515	0.429	0.448	0.346	0.341	0.276	0.236	0.215	0.191	0.169	0.145	0.139	0.092	0.087	0.072	0.057	0.041	0.05	0.04	0.019	0.023	0.018	0.015	0.006	0.006	0.014	0.008	0.004	0	0.002	0.004	0.003	0.001	0.001	0.001	0.001	0.001	0.001	0	0	0	0	0	0	0	0	0	
1	1	1	1	1	1	1	1	0.999	1	0.998	0.996	0.991	0.983	0.971	0.943	0.942	0.91	0.896	0.86	0.805	0.797	0.777	0.729	0.704	0.693	0.665	0.676	0.648	0.646	0.591	0.624	0.618	0.6	0.573	0.553	0.538	0.445	0.377	0.342	0.27	0.223	0.2	0.135	0.087	0.062	0.047	0.019	0.013	0.007	0.004	0.002	0	0	0	0	0	0	0	0	0	0	0	0	0	0	0	0	0	0	0	0	0	0	0	0	0	0	0	0	0	0	0	0	0	0	0	0	0	0	0	0	0	0	0	0	0	0	0	0	
1	1	1	1	1	1	1	1	1	1	1	1	1	1	1	1	1	1	1	1	1	1	0.998	0.994	0.975	0.944	0.887	0.798	0.712	0.58	0.488	0.385	0.318	0.238	0.205	0.159	0.099	0.095	0.082	0.094	0.06	0.063	0.071	0.071	0.059	0.07	0.071	0.084	0.106	0.122	0.122	0.108	0.119	0.121	0.158	0.182	0.192	0.183	0.211	0.192	0.205	0.204	0.2	0.198	0.241	0.225	0.225	0.196	0.211	0.189	0.165	0.174	0.176	0.144	0.136	0.131	0.128	0.103	0.1	0.08	0.06	0.048	0.048	0.037	0.042	0.025	0.021	0.006	0.008	0.008	0.004	0.003	0.003	0	0	0.001	0	0	0	0	
1	1	1	1	1	1	1	1	1	1	1	1	1	1	1	1	1	0.999	0.999	1	0.999	1	0.999	0.997	0.997	0.997	0.995	0.996	0.998	0.991	0.993	0.987	0.985	0.987	0.989	0.988	0.987	0.985	0.973	0.982	0.977	0.965	0.978	0.957	0.971	0.969	0.964	0.963	0.955	0.938	0.948	0.95	0.945	0.929	0.93	0.947	0.933	0.927	0.917	0.93	0.92	0.926	0.902	0.904	0.922	0.892	0.893	0.891	0.891	0.885	0.873	0.867	0.864	0.832	0.854	0.845	0.817	0.809	0.801	0.802	0.775	0.778	0.75	0.722	0.698	0.684	0.655	0.633	0.555	0.517	0.489	0.483	0.426	0.382	0.377	0.312	0.284	0.248	0.196	0.199	
1	1	1	1	1	1	1	1	1	1	1	1	1	1	1	1	1	1	0.999	0.999	1	1	0.996	0.998	0.999	0.998	0.996	1	0.999	0.998	0.998	0.997	0.998	0.998	0.997	0.998	0.996	0.996	0.981	0.987	0.983	0.984	0.979	0.965	0.968	0.965	0.973	0.961	0.949	0.938	0.929	0.908	0.913	0.905	0.88	0.872	0.822	0.814	0.794	0.745	0.699	0.685	0.608	0.602	0.534	0.498	0.436	0.385	0.348	0.306	0.256	0.203	0.169	0.148	0.135	0.088	0.067	0.063	0.046	0.035	0.031	0.019	0.013	0.013	0.005	0.01	0.007	0.002	0.004	0	0	0	0.001	0	0.001	0	0	0	0	0	
1	1	1	1	1	1	1	1	1	1	1	1	1	1	1	1	1	1	1	1	1	1	1	1	1	1	1	0.994	0.986	0.991	0.975	0.965	0.937	0.903	0.861	0.852	0.784	0.734	0.684	0.614	0.529	0.494	0.42	0.366	0.302	0.288	0.215	0.161	0.145	0.131	0.101	0.078	0.063	0.051	0.031	0.027	0.018	0.011	0.008	0.008	0.006	0.004	0.002	0.001	0.001	0.001	0	0	0	0	0.001	0	0	0	0	0	0	0	0	0	0	0	0	0	0	0	0	0	0	0	0	0	0	0	0	0	0	0	0	0	
