1	1	1	1	1	1	1	1	1	1	1	1	1	1	1	1	1	1	1	1	1	1	1	1	1	1	1	1	1	1	1	1	1	1	1	1	1	1	1	1	1	1	1	1	1	1	1	1	1	1	1	1	1	1	1	1	1	1	1	1	1	1	1	1	1	1	1	1	1	1	1	1	1	1	1	1	1	1	1	1	1	1	1	1	1	1	1	1	1	0.972	0.962	0.951	0.94	0.945	0.939	0.922	0.915	0.867	0.867	0.841	
1	1	1	1	1	1	1	1	1	1	1	1	1	1	1	1	1	1	1	1	1	1	1	1	1	1	1	1	1	1	1	1	1	1	1	1	1	1	1	1	1	1	1	1	1	1	1	1	1	1	1	1	1	1	1	1	1	1	1	1	1	1	1	1	1	1	1	1	1	1	1	1	1	1	1	1	1	1	1	1	1	1	1	1	1	1	1	1	1	1	1	1	1	1	1	1	1	1	1	1	
1	1	1	1	1	1	1	1	1	1	1	1	1	1	1	1	1	1	1	1	1	1	1	1	1	1	1	1	1	1	1	1	1	1	1	1	1	1	1	1	1	1	1	1	1	1	1	1	1	1	1	1	1	1	1	1	1	1	1	1	1	1	1	1	1	1	1	1	1	1	1	1	1	1	1	1	1	1	1	1	1	1	1	1	1	1	1	1	1	1	1	1	1	1	1	1	1	0.992	0.975	0.96	
1	1	1	1	1	1	1	1	1	1	1	1	1	1	1	1	1	1	1	1	1	1	1	1	1	1	1	1	1	1	1	1	1	1	1	1	1	1	1	1	1	1	1	1	1	1	1	1	1	1	1	1	1	1	1	1	1	1	1	1	1	1	1	1	1	1	1	1	1	1	1	1	1	1	1	1	1	1	1	1	1	1	1	1	1	1	1	1	1	1	1	1	1	0.987	0.97	0.933	0.94	0.914	0.911	0.889	
1	1	1	1	1	1	1	1	1	1	1	1	1	1	1	1	1	1	1	1	1	1	1	1	1	1	1	1	1	1	1	1	1	1	1	1	1	1	1	1	1	1	1	1	1	1	1	1	1	1	1	1	1	1	1	1	1	1	1	1	1	1	1	1	1	1	1	1	1	1	1	1	1	1	1	1	1	1	1	1	1	1	1	1	1	1	1	1	1	1	1	1	0.991	0.969	0.96	0.928	0.907	0.902	0.881	0.859	
1	1	1	1	1	1	1	1	1	1	1	1	1	1	1	1	1	1	1	1	1	1	0.991	0.972	0.944	0.944	0.92	0.91	0.884	0.867	0.864	0.829	0.812	0.787	0.782	0.774	0.787	0.752	0.707	0.693	0.653	0.658	0.632	0.644	0.601	0.581	0.57	0.586	0.547	0.518	0.538	0.488	0.47	0.469	0.413	0.385	0.403	0.384	0.37	0.32	0.335	0.316	0.301	0.276	0.243	0.22	0.232	0.204	0.178	0.186	0.154	0.14	0.12	0.115	0.089	0.061	0.055	0.034	0.011	0	0	0	0	0	0	0	0	0	0	0	0	0	0	0	0	0	0	0	0	0	
1	1	1	1	1	1	1	1	1	1	1	1	1	1	1	1	1	1	1	1	1	1	1	1	1	1	1	1	1	1	1	1	1	1	1	1	1	1	1	1	1	1	1	1	1	1	1	1	1	1	1	1	1	1	1	1	1	1	1	1	1	1	0.99	0.967	0.957	0.916	0.925	0.894	0.891	0.848	0.834	0.845	0.808	0.789	0.775	0.763	0.75	0.743	0.716	0.725	0.714	0.686	0.69	0.679	0.692	0.69	0.697	0.656	0.67	0.698	0.69	0.688	0.688	0.669	0.649	0.644	0.597	0.562	0.587	0.545	
1	1	1	1	1	1	1	1	1	1	1	1	1	1	1	1	1	1	1	1	1	1	1	1	1	1	1	1	1	1	1	1	1	1	1	1	1	1	1	1	1	1	1	1	1	1	1	1	1	1	1	1	1	1	1	1	1	1	1	1	1	1	1	1	1	1	1	1	1	1	1	1	1	1	1	1	1	1	1	1	1	1	1	1	0.998	0.98	0.964	0.938	0.93	0.915	0.888	0.874	0.873	0.831	0.815	0.811	0.794	0.753	0.74	0.732	
1	1	1	1	1	1	1	1	1	1	1	1	1	1	1	1	1	1	1	1	1	1	1	1	1	1	1	1	1	1	1	1	1	1	1	1	1	1	1	1	0.985	0.964	0.939	0.926	0.912	0.893	0.872	0.874	0.855	0.852	0.798	0.792	0.769	0.757	0.748	0.721	0.692	0.698	0.656	0.643	0.632	0.603	0.593	0.568	0.559	0.538	0.533	0.521	0.48	0.483	0.49	0.452	0.43	0.406	0.397	0.372	0.35	0.357	0.342	0.325	0.295	0.258	0.242	0.231	0.217	0.191	0.187	0.164	0.147	0.123	0.098	0.094	0.063	0.062	0.038	0.026	0.003	0	0	0	
1	1	1	1	1	1	1	1	1	1	1	1	1	1	1	1	1	1	1	1	1	1	1	1	1	1	1	1	1	1	1	1	1	1	1	1	1	1	1	1	1	1	1	1	1	1	1	1	1	1	1	1	1	1	1	1	1	1	1	1	1	1	1	1	1	1	1	1	1	1	1	1	1	1	1	1	1	1	1	1	1	1	1	1	1	1	1	1	1	1	1	1	1	1	1	0.996	0.973	0.96	0.952	0.93	
1	1	1	1	1	1	1	1	1	1	1	1	1	1	1	1	1	1	1	1	1	1	1	1	1	1	1	1	1	1	1	1	1	1	1	1	1	1	1	1	1	1	1	1	1	1	1	1	1	1	1	1	1	1	1	1	1	1	1	1	1	1	1	1	1	1	1	1	1	1	1	1	1	1	1	1	1	1	1	1	1	1	1	1	1	1	1	1	0.998	0.985	0.958	0.945	0.918	0.902	0.896	0.882	0.853	0.825	0.821	0.816	
1	1	1	1	1	1	1	1	1	1	1	1	1	1	1	1	1	1	1	1	1	1	1	1	1	1	1	1	1	1	1	1	1	1	1	1	1	1	1	1	1	1	1	1	1	1	1	1	1	1	1	1	1	1	1	1	1	1	1	1	1	1	1	1	1	1	1	1	1	1	1	1	1	1	1	1	1	1	1	1	1	1	1	1	1	1	1	1	1	1	1	0.996	0.972	0.962	0.952	0.929	0.901	0.878	0.886	0.865	
1	1	1	1	1	1	1	1	1	1	1	1	1	1	1	1	1	1	1	1	1	1	1	1	1	1	1	1	1	1	1	1	1	1	1	1	1	1	1	1	1	1	1	1	1	1	1	1	1	1	1	1	1	1	1	1	1	1	1	1	1	1	1	1	1	1	1	1	1	1	1	1	1	1	1	1	1	1	1	1	1	1	1	1	1	1	1	1	1	1	1	1	1	1	1	1	1	1	1	1	
1	1	1	1	1	1	1	1	1	1	1	1	1	1	1	1	1	1	1	1	1	1	1	1	1	1	1	1	1	1	1	1	1	1	1	1	1	1	1	1	1	1	1	1	1	1	1	1	1	1	1	1	1	1	1	1	1	1	1	1	1	1	1	1	1	1	1	1	1	1	1	1	1	1	1	1	0.999	0.982	0.953	0.938	0.928	0.916	0.902	0.877	0.87	0.816	0.834	0.818	0.781	0.765	0.78	0.731	0.724	0.701	0.653	0.701	0.658	0.625	0.627	0.601	
0.181	0.186	0.186	0.187	0.175	0.175	0.187	0.146	0.146	0.164	0.135	0.149	0.139	0.137	0.134	0.145	0.118	0.123	0.13	0.125	0.092	0.112	0.103	0.112	0.099	0.111	0.122	0.108	0.092	0.069	0.059	0.046	0.019	0.009	0	0	0	0	0	0	0	0	0	0	0	0	0	0	0	0	0	0	0	0	0	0	0	0	0	0	0	0	0	0	0	0	0	0	0	0	0	0	0	0	0	0	0	0	0	0	0	0	0	0	0	0	0	0	0	0	0	0	0	0	0	0	0	0	0	0	
1	1	1	1	1	1	1	1	1	1	1	1	1	1	1	1	1	1	1	1	1	1	1	1	1	1	1	1	1	1	1	1	1	1	1	1	1	1	1	1	1	1	1	1	1	1	1	1	1	1	1	1	1	1	1	1	1	1	1	1	1	1	1	1	1	1	1	1	1	1	1	1	1	1	1	1	1	1	1	1	1	1	1	1	1	1	1	1	1	1	1	1	1	1	0.991	0.961	0.949	0.941	0.924	0.912	
1	1	1	1	1	1	1	1	1	1	1	1	1	1	1	1	1	1	1	1	1	1	1	1	1	1	1	1	1	1	1	1	1	1	1	1	1	1	1	1	1	1	1	1	1	1	1	1	1	1	1	1	1	1	1	1	1	1	1	1	1	1	1	1	1	1	1	1	1	1	0.993	0.984	0.95	0.94	0.933	0.905	0.879	0.872	0.851	0.835	0.814	0.804	0.788	0.752	0.742	0.723	0.691	0.678	0.695	0.641	0.647	0.613	0.598	0.578	0.598	0.55	0.532	0.532	0.492	0.485	
1	1	1	1	1	1	1	1	1	1	1	1	1	1	1	1	1	1	1	1	1	1	1	1	1	1	1	1	1	1	1	1	1	1	1	1	1	1	1	1	1	1	1	1	1	1	1	1	1	1	1	1	1	1	1	1	1	1	1	1	1	1	1	1	1	1	1	1	1	1	1	1	1	1	1	1	1	1	1	1	1	1	1	1	1	1	1	1	1	1	1	1	1	1	1	1	1	1	1	0.994	
1	1	1	1	1	1	1	1	1	1	1	1	1	1	1	1	1	1	1	1	1	1	1	1	1	1	1	1	1	1	1	1	1	1	1	1	1	1	1	1	1	1	1	1	1	1	1	1	1	1	1	1	1	1	1	1	1	1	1	1	1	1	1	1	1	1	1	1	1	1	1	1	1	1	1	1	1	1	0.99	0.97	0.955	0.937	0.927	0.914	0.903	0.869	0.846	0.831	0.842	0.807	0.805	0.753	0.743	0.707	0.703	0.669	0.665	0.674	0.624	0.594	
1	1	1	1	1	1	1	1	1	1	1	1	1	1	1	1	1	1	1	1	1	1	1	1	1	1	1	1	1	1	1	1	1	1	1	1	1	1	1	1	1	1	1	1	1	1	1	1	1	1	1	1	1	1	1	1	1	1	1	1	1	1	1	1	1	1	1	1	1	1	1	1	1	1	1	1	1	1	1	1	1	1	1	1	1	1	1	1	1	1	1	1	1	1	1	1	1	1	1	1	
1	1	1	1	1	1	1	1	1	1	1	1	1	1	1	1	1	1	1	1	1	1	1	1	1	1	1	1	1	1	1	1	1	1	1	1	1	1	1	1	1	1	1	1	1	1	1	1	1	1	1	1	1	1	1	1	1	1	1	1	1	1	1	1	1	1	1	1	1	1	1	1	1	1	1	1	1	1	1	1	1	1	1	1	1	1	1	0.987	0.964	0.948	0.933	0.922	0.911	0.908	0.866	0.84	0.851	0.824	0.795	0.773	
1	1	1	1	1	1	1	1	1	1	1	1	1	1	1	1	1	1	1	1	1	1	1	1	1	1	1	1	1	1	1	1	1	1	1	1	1	1	1	1	1	1	1	1	1	1	1	1	1	1	1	1	1	1	1	1	1	1	1	1	1	1	1	1	1	1	1	1	1	1	1	0.98	0.965	0.961	0.942	0.926	0.893	0.872	0.872	0.838	0.828	0.815	0.789	0.746	0.745	0.737	0.711	0.719	0.691	0.663	0.642	0.613	0.617	0.581	0.585	0.539	0.556	0.53	0.509	0.493	
1	1	1	1	1	1	1	1	1	1	1	1	1	1	1	1	1	1	1	1	1	1	1	1	1	1	1	1	1	1	1	1	1	1	1	1	1	1	1	0.991	0.975	0.951	0.933	0.93	0.901	0.878	0.872	0.858	0.816	0.798	0.792	0.741	0.746	0.745	0.74	0.697	0.682	0.658	0.666	0.632	0.617	0.593	0.58	0.541	0.564	0.539	0.518	0.513	0.467	0.472	0.447	0.442	0.418	0.424	0.391	0.333	0.36	0.341	0.317	0.289	0.288	0.242	0.22	0.22	0.181	0.164	0.178	0.154	0.138	0.091	0.092	0.074	0.066	0.042	0.026	0.005	0	0	0	0	
1	1	1	1	1	1	1	1	1	1	1	1	1	1	1	1	1	1	1	1	1	1	1	1	1	1	1	1	1	1	1	1	1	1	1	1	1	1	1	1	1	1	1	1	1	1	1	1	1	1	1	1	1	1	1	1	1	1	1	1	1	1	1	1	1	1	1	1	1	1	1	1	1	1	1	1	1	1	1	1	1	1	1	1	1	1	1	1	1	1	1	1	1	1	1	1	1	1	1	1	
1	1	1	1	1	1	1	1	1	1	1	1	1	1	1	1	1	1	1	1	1	1	1	1	1	1	1	1	1	1	1	1	1	1	1	1	1	1	1	1	1	1	1	1	1	1	1	1	1	1	1	1	1	1	1	1	1	1	1	1	1	1	1	1	0.99	0.957	0.948	0.922	0.913	0.893	0.875	0.863	0.853	0.831	0.8	0.802	0.75	0.748	0.769	0.756	0.701	0.7	0.687	0.671	0.621	0.624	0.584	0.598	0.567	0.528	0.536	0.509	0.487	0.491	0.448	0.434	0.442	0.424	0.4	0.402	
1	1	1	1	1	1	1	1	1	1	1	1	1	1	1	1	1	1	1	1	1	1	1	1	1	1	1	1	1	1	1	1	1	1	1	1	1	1	1	1	1	1	1	1	1	1	1	1	1	1	1	1	1	1	1	1	1	1	1	1	1	1	1	1	1	1	1	1	1	1	1	1	1	1	1	1	1	1	1	1	1	1	1	1	1	1	1	0.997	0.97	0.958	0.948	0.936	0.903	0.899	0.878	0.853	0.832	0.822	0.791	0.793	
1	1	1	1	1	1	1	1	1	1	1	1	1	1	1	1	1	1	1	1	1	1	1	1	1	1	1	1	1	1	1	1	1	1	1	1	1	1	1	1	1	1	1	1	1	1	1	1	1	1	1	1	1	1	1	1	1	1	1	1	1	1	1	1	1	1	1	1	1	1	1	1	1	1	1	1	1	1	1	1	1	1	1	1	1	1	1	1	1	1	1	1	1	1	1	0.989	0.969	0.963	0.934	0.909	
1	1	1	1	1	1	1	1	1	1	1	1	1	1	1	1	1	1	1	1	1	1	1	1	1	1	1	1	1	1	1	1	1	1	1	1	1	1	1	1	1	1	1	1	1	1	1	1	1	1	1	1	1	1	1	1	1	1	1	1	1	1	1	1	1	1	1	1	1	1	1	1	1	0.998	0.98	0.967	0.935	0.92	0.88	0.911	0.879	0.846	0.859	0.815	0.798	0.763	0.784	0.744	0.739	0.718	0.699	0.677	0.683	0.645	0.61	0.612	0.61	0.559	0.535	0.515	
1	1	1	1	1	1	1	1	1	1	1	1	1	1	1	1	1	1	1	1	1	1	1	1	1	1	1	1	1	1	1	1	1	1	1	1	1	1	1	1	1	1	1	1	1	1	1	1	1	1	1	1	1	1	1	1	1	1	1	1	1	1	1	1	1	1	1	1	1	1	1	1	0.998	0.991	0.97	0.946	0.941	0.91	0.894	0.875	0.88	0.846	0.826	0.813	0.802	0.759	0.76	0.711	0.708	0.689	0.678	0.66	0.649	0.631	0.616	0.569	0.558	0.574	0.541	0.549	
1	1	1	1	1	1	1	1	1	1	1	1	1	1	1	1	1	1	1	1	1	1	1	1	1	1	1	1	1	1	1	1	1	1	1	1	1	1	1	1	1	1	1	1	1	1	1	1	1	1	1	1	1	1	1	1	1	1	1	1	1	1	1	1	1	1	1	1	1	1	1	1	1	1	1	1	1	1	1	1	1	1	1	1	1	1	1	1	0.985	0.975	0.954	0.921	0.909	0.904	0.885	0.854	0.83	0.833	0.793	0.787	
1	1	1	1	1	1	1	1	1	1	1	1	1	1	1	1	1	1	1	1	1	1	1	1	1	1	1	1	1	1	1	1	1	1	1	1	1	1	1	1	1	1	1	1	1	1	1	1	1	1	1	1	1	1	1	1	1	1	1	1	1	1	1	1	1	1	1	1	1	1	1	1	1	1	1	1	1	1	1	1	1	1	1	0.999	0.977	0.952	0.953	0.932	0.908	0.893	0.867	0.84	0.852	0.831	0.795	0.788	0.778	0.756	0.729	0.722	
1	1	1	1	1	1	1	1	1	1	1	1	1	1	1	1	1	1	1	1	1	1	1	1	1	1	1	1	1	1	1	1	1	1	1	1	1	1	1	1	1	1	1	1	1	1	1	1	1	1	1	1	1	1	1	1	1	1	1	1	1	1	1	1	1	1	1	1	1	1	1	1	1	1	1	0.996	0.971	0.957	0.955	0.93	0.91	0.894	0.872	0.846	0.858	0.818	0.787	0.769	0.783	0.745	0.724	0.69	0.712	0.682	0.674	0.625	0.646	0.59	0.616	0.569	
1	1	1	1	1	1	1	1	1	1	1	1	1	1	1	1	1	1	1	1	1	1	1	1	1	1	1	1	1	1	1	1	1	1	1	1	1	1	1	1	1	1	1	1	1	1	1	1	1	1	1	1	1	1	1	1	1	1	1	1	1	1	1	1	1	1	1	1	1	1	1	1	1	1	1	1	0.983	0.966	0.935	0.921	0.908	0.905	0.893	0.878	0.855	0.824	0.789	0.786	0.781	0.763	0.74	0.711	0.723	0.698	0.676	0.653	0.638	0.602	0.609	0.578	
1	1	1	1	1	1	1	1	1	1	1	1	1	1	1	1	1	1	1	1	1	1	1	1	1	1	1	1	1	1	1	1	1	1	1	1	1	1	1	1	1	1	1	1	1	1	1	1	1	1	1	1	1	1	1	1	1	1	1	1	0.995	0.986	0.964	0.936	0.922	0.907	0.887	0.871	0.839	0.817	0.819	0.794	0.792	0.748	0.733	0.729	0.707	0.707	0.656	0.663	0.633	0.625	0.638	0.603	0.609	0.556	0.535	0.514	0.509	0.469	0.489	0.457	0.434	0.425	0.406	0.399	0.368	0.357	0.321	0.336	
1	1	1	1	1	1	1	1	1	1	1	1	1	1	1	1	1	1	1	1	1	1	1	1	1	1	1	1	1	1	1	1	1	1	1	1	1	1	1	1	1	1	1	1	1	1	1	1	1	1	1	1	1	1	1	1	1	1	1	1	1	1	1	1	1	1	1	1	1	1	1	1	1	1	1	1	1	0.997	0.983	0.972	0.943	0.914	0.905	0.911	0.913	0.929	0.912	0.908	0.907	0.922	0.916	0.912	0.92	0.915	0.936	0.919	0.917	0.902	0.924	0.917	
1	1	1	1	1	1	1	1	1	1	1	1	1	1	1	1	1	1	1	1	1	1	1	1	1	1	1	1	1	1	1	1	1	1	1	1	1	1	1	1	1	1	1	1	1	1	1	1	1	1	1	1	1	1	1	1	1	1	1	1	1	1	1	1	1	1	1	1	1	1	1	1	1	1	1	1	1	1	1	1	1	1	1	1	1	1	1	1	0.995	0.971	0.954	0.961	0.919	0.897	0.886	0.874	0.85	0.856	0.84	0.787	
1	1	1	1	1	1	1	1	1	1	1	1	1	1	1	1	1	1	1	1	1	1	1	1	1	1	1	1	1	1	1	1	1	1	1	1	1	1	1	1	1	1	1	1	1	1	1	1	1	1	1	1	1	1	1	1	1	1	1	1	1	1	1	1	1	1	1	1	0.989	0.965	0.959	0.945	0.932	0.901	0.891	0.863	0.854	0.832	0.817	0.789	0.773	0.781	0.745	0.729	0.731	0.687	0.671	0.671	0.652	0.626	0.608	0.577	0.579	0.534	0.539	0.537	0.495	0.475	0.475	0.445	
1	1	1	1	1	1	1	1	1	1	1	1	1	1	1	1	1	1	1	1	1	1	1	1	1	1	1	1	1	1	1	1	1	1	1	1	1	1	1	1	1	1	1	1	1	1	1	1	1	1	1	1	1	1	1	1	1	1	1	1	1	1	1	1	1	1	1	1	1	1	1	1	1	1	1	1	1	1	1	1	1	1	1	0.992	0.977	0.954	0.941	0.923	0.902	0.877	0.857	0.846	0.827	0.785	0.806	0.79	0.751	0.725	0.723	0.712	
1	1	1	1	1	1	1	1	1	1	1	1	1	1	1	1	1	1	1	1	1	1	1	1	1	1	1	1	1	1	1	1	1	1	1	1	1	1	1	1	1	1	1	1	1	1	1	1	1	1	1	1	1	1	1	1	1	1	1	1	1	1	1	1	1	1	1	1	1	1	1	1	1	1	1	1	1	1	1	1	1	1	1	1	1	1	1	1	1	1	1	1	1	1	1	0.994	0.977	0.964	0.945	0.916	
1	1	1	1	1	1	1	1	1	1	1	1	1	1	1	1	1	1	1	1	1	1	1	1	1	1	1	1	1	1	1	1	1	0.987	0.973	0.944	0.945	0.911	0.898	0.879	0.863	0.848	0.83	0.814	0.783	0.763	0.768	0.734	0.734	0.712	0.659	0.697	0.651	0.645	0.62	0.618	0.571	0.58	0.559	0.509	0.503	0.492	0.468	0.498	0.439	0.437	0.393	0.377	0.371	0.354	0.36	0.288	0.291	0.277	0.303	0.245	0.213	0.214	0.216	0.19	0.168	0.143	0.126	0.125	0.077	0.07	0.068	0.045	0.021	0.006	0	0	0	0	0	0	0	0	0	0	
1	1	1	1	1	1	1	1	1	1	1	1	1	1	1	1	1	1	1	1	1	1	1	1	1	1	1	1	1	1	1	1	1	1	1	1	1	1	1	1	1	1	1	1	1	1	1	1	1	1	1	1	1	1	1	1	1	1	1	1	1	1	0.997	0.984	0.953	0.942	0.929	0.888	0.887	0.86	0.859	0.821	0.808	0.796	0.8	0.787	0.726	0.75	0.723	0.697	0.669	0.692	0.621	0.671	0.597	0.623	0.574	0.534	0.531	0.51	0.516	0.463	0.498	0.432	0.426	0.43	0.395	0.371	0.37	0.338	
1	1	1	1	1	1	1	1	1	1	1	1	1	1	1	1	1	1	1	1	1	1	1	1	1	1	1	1	1	1	1	1	1	1	1	1	0.981	0.966	0.943	0.932	0.908	0.901	0.862	0.853	0.838	0.832	0.815	0.787	0.779	0.748	0.752	0.729	0.703	0.687	0.676	0.649	0.64	0.595	0.596	0.561	0.586	0.541	0.539	0.546	0.516	0.53	0.536	0.566	0.523	0.548	0.525	0.515	0.532	0.513	0.47	0.47	0.441	0.457	0.404	0.403	0.393	0.372	0.338	0.326	0.295	0.293	0.285	0.293	0.265	0.227	0.213	0.218	0.172	0.159	0.188	0.148	0.185	0.162	0.16	0.177	
1	1	1	1	1	1	1	1	1	1	1	1	1	1	1	1	1	1	1	1	1	1	1	1	1	1	1	1	1	1	1	1	1	1	1	1	1	1	1	1	1	1	1	1	1	1	1	1	1	1	0.98	0.955	0.936	0.93	0.913	0.897	0.863	0.877	0.856	0.812	0.798	0.829	0.771	0.775	0.77	0.724	0.7	0.684	0.666	0.647	0.627	0.622	0.586	0.576	0.583	0.551	0.546	0.499	0.521	0.446	0.453	0.444	0.425	0.402	0.38	0.355	0.335	0.311	0.316	0.302	0.281	0.268	0.275	0.236	0.206	0.2	0.192	0.156	0.115	0.118	
1	1	1	1	1	1	1	1	1	1	1	1	1	1	1	1	1	1	1	1	1	1	1	1	1	1	1	1	1	1	1	1	1	1	1	1	1	1	1	1	1	1	1	1	1	1	1	1	1	1	1	1	1	1	1	1	1	1	1	1	1	1	1	1	1	1	1	1	1	1	1	1	1	1	1	1	1	1	1	1	1	1	1	1	1	1	1	1	1	1	1	1	1	1	1	1	1	1	1	1	
1	1	1	1	1	1	1	1	1	1	1	1	1	1	1	1	1	1	1	1	1	1	1	1	1	1	1	1	1	1	1	1	1	1	1	1	1	1	1	1	1	1	1	1	1	1	1	1	1	1	1	1	1	1	1	1	1	1	1	1	1	1	1	1	1	1	1	1	1	1	1	1	1	1	1	1	1	1	1	1	1	1	1	1	1	1	1	1	1	1	1	1	1	1	1	1	1	1	1	1	
1	1	1	1	1	1	1	1	1	1	1	1	1	1	1	1	1	1	1	1	1	1	1	1	1	1	1	1	1	1	1	1	1	1	1	1	1	1	1	1	1	1	1	1	1	1	1	1	1	1	1	1	1	1	1	1	1	1	1	1	1	1	1	1	1	1	1	1	1	1	1	1	1	1	1	1	1	1	1	1	1	1	1	1	1	1	1	1	1	1	1	1	1	1	1	1	0.994	0.97	0.956	0.942	
1	1	1	1	1	1	1	1	1	1	1	1	1	1	1	1	1	1	1	1	1	1	1	1	1	1	1	1	1	1	1	1	1	1	1	1	1	1	1	1	1	1	1	1	1	1	1	1	1	1	1	1	1	1	1	1	1	1	1	1	1	1	1	1	1	1	1	1	1	1	1	1	1	1	1	1	1	1	1	1	1	1	1	1	1	1	1	1	1	1	1	0.99	0.97	0.961	0.955	0.925	0.907	0.888	0.851	0.86	
1	1	1	1	1	1	1	1	1	1	1	1	1	1	1	1	1	1	1	1	1	1	1	1	1	1	1	1	1	1	1	1	1	1	1	1	1	1	1	1	1	1	1	1	1	1	1	1	1	1	1	1	1	1	1	1	1	1	1	1	1	1	1	1	1	1	1	1	1	1	1	0.995	0.975	0.957	0.939	0.909	0.894	0.881	0.874	0.837	0.819	0.817	0.799	0.789	0.782	0.768	0.707	0.707	0.671	0.684	0.671	0.645	0.629	0.591	0.583	0.591	0.548	0.536	0.511	0.509	
1	1	1	1	1	1	1	1	1	1	1	1	1	1	1	1	1	1	1	1	1	1	1	1	1	1	1	1	1	1	1	1	1	1	1	1	1	1	1	1	1	1	1	1	1	1	1	1	1	1	1	1	1	1	1	1	1	1	1	1	1	1	1	1	1	1	1	1	1	1	0.996	0.978	0.958	0.946	0.919	0.913	0.888	0.858	0.848	0.848	0.807	0.823	0.808	0.77	0.769	0.717	0.711	0.711	0.688	0.676	0.637	0.598	0.588	0.587	0.586	0.556	0.54	0.52	0.484	0.469	
1	1	1	1	1	1	1	1	1	1	1	1	1	1	1	1	1	1	1	1	1	1	1	1	1	1	1	1	1	1	1	1	1	1	1	1	1	1	1	1	1	1	1	1	1	1	1	1	1	1	1	1	1	1	1	1	1	1	1	1	1	1	1	1	1	1	1	1	1	1	1	1	1	1	1	1	1	1	1	1	1	1	1	1	1	1	1	1	1	1	1	1	1	1	1	1	1	1	1	1	
1	1	1	1	1	1	1	1	1	1	1	1	1	1	1	1	1	1	1	1	1	1	1	1	1	1	1	1	1	1	1	1	1	1	1	1	1	1	1	1	1	1	1	1	1	1	1	1	1	1	1	1	1	1	1	1	1	1	1	1	1	1	1	1	1	1	1	1	1	1	1	1	1	1	1	1	1	1	1	1	1	1	1	1	1	1	1	1	1	1	1	1	1	1	1	1	1	1	1	1	
1	1	1	1	1	1	1	1	1	1	1	1	1	1	1	1	1	1	1	1	1	1	1	1	1	1	1	1	1	1	1	1	1	1	1	1	1	1	1	1	1	1	1	1	1	1	1	1	1	1	1	1	1	1	0.989	0.981	0.953	0.943	0.922	0.889	0.882	0.864	0.841	0.835	0.811	0.804	0.771	0.732	0.734	0.723	0.711	0.685	0.681	0.685	0.648	0.637	0.61	0.589	0.565	0.567	0.524	0.504	0.501	0.488	0.461	0.459	0.423	0.412	0.399	0.399	0.384	0.331	0.315	0.294	0.32	0.252	0.252	0.228	0.215	0.219	
1	1	1	1	1	1	1	1	1	1	1	1	1	1	1	0.986	0.959	0.935	0.914	0.909	0.895	0.91	0.897	0.903	0.918	0.918	0.912	0.908	0.911	0.931	0.905	0.88	0.868	0.871	0.845	0.826	0.805	0.779	0.769	0.761	0.734	0.705	0.705	0.691	0.679	0.634	0.614	0.61	0.579	0.557	0.585	0.545	0.512	0.513	0.495	0.473	0.478	0.441	0.425	0.395	0.364	0.342	0.354	0.331	0.321	0.31	0.259	0.271	0.234	0.201	0.229	0.205	0.179	0.193	0.189	0.186	0.175	0.173	0.157	0.136	0.116	0.085	0.089	0.059	0.058	0.029	0.007	0	0	0	0	0	0	0	0	0	0	0	0	0	
1	1	1	1	1	1	1	1	1	1	1	1	1	1	1	1	1	1	1	1	1	1	1	1	1	1	1	1	1	1	1	1	1	1	1	1	1	1	1	1	1	1	1	1	1	1	1	1	1	1	1	1	1	1	1	1	1	1	1	1	1	1	1	1	1	1	0.994	0.973	0.961	0.94	0.931	0.906	0.886	0.878	0.862	0.834	0.813	0.799	0.793	0.786	0.736	0.717	0.725	0.704	0.668	0.672	0.673	0.627	0.617	0.594	0.58	0.554	0.525	0.523	0.502	0.462	0.471	0.461	0.419	0.405	
1	1	1	1	1	1	1	1	1	1	1	1	1	1	1	1	1	1	1	1	1	1	1	1	1	1	1	1	1	1	1	1	1	1	1	1	1	1	1	1	1	1	1	1	1	1	1	1	1	1	1	1	1	1	1	1	1	1	1	1	0.995	0.985	0.966	0.947	0.932	0.904	0.873	0.888	0.869	0.824	0.801	0.818	0.781	0.758	0.746	0.729	0.714	0.713	0.646	0.67	0.661	0.615	0.61	0.627	0.593	0.574	0.537	0.525	0.496	0.473	0.488	0.463	0.452	0.43	0.425	0.383	0.371	0.394	0.38	0.403	
1	1	1	1	1	1	1	1	1	1	1	1	1	1	1	1	1	1	1	1	1	1	1	1	1	1	1	1	1	1	1	1	1	1	1	1	1	1	1	1	1	1	1	1	1	1	1	1	1	1	1	1	1	1	1	0.989	0.976	0.957	0.922	0.921	0.893	0.882	0.862	0.853	0.841	0.817	0.802	0.792	0.76	0.749	0.734	0.705	0.703	0.68	0.671	0.655	0.634	0.629	0.584	0.574	0.561	0.544	0.509	0.506	0.472	0.479	0.454	0.427	0.411	0.399	0.373	0.353	0.357	0.331	0.3	0.284	0.293	0.247	0.256	0.228	
1	1	1	1	1	1	1	1	1	1	1	1	1	1	1	1	1	1	1	1	1	1	1	1	1	1	1	1	1	1	1	1	1	1	1	1	1	1	1	1	1	1	1	1	1	1	1	1	1	1	1	1	1	1	1	1	1	1	1	1	1	1	1	1	1	1	1	1	1	1	1	1	1	1	1	1	1	1	1	1	1	1	1	1	1	1	1	1	1	1	1	1	1	1	1	1	1	1	1	1	
1	1	1	1	1	1	1	1	1	1	1	1	1	1	1	1	1	1	1	1	1	1	1	1	1	1	1	1	1	1	1	1	1	1	1	1	1	1	1	1	1	1	1	1	1	1	1	1	1	1	1	1	1	1	1	1	1	1	1	1	1	1	1	1	1	1	1	1	1	1	1	1	1	1	1	1	1	1	1	1	1	1	1	1	1	1	1	1	1	1	1	1	1	1	1	1	1	1	1	1	
1	1	1	1	1	1	1	1	1	1	1	1	1	1	1	1	1	1	1	1	1	1	1	1	1	1	1	1	1	1	1	1	1	1	1	1	1	1	1	1	1	1	1	1	1	1	1	1	1	1	1	1	1	1	1	1	1	1	1	1	1	1	1	1	1	1	1	1	1	1	1	1	1	1	1	1	1	1	1	1	1	1	1	1	1	1	1	1	1	1	1	1	1	1	1	1	1	1	1	1	
1	1	1	1	1	1	1	1	1	1	1	1	1	1	1	1	1	1	1	1	1	1	1	1	1	1	1	1	1	1	1	1	1	1	1	1	1	1	1	1	0.997	0.984	0.966	0.937	0.925	0.921	0.9	0.865	0.853	0.843	0.814	0.8	0.792	0.761	0.763	0.753	0.721	0.703	0.669	0.654	0.644	0.641	0.607	0.593	0.581	0.556	0.53	0.532	0.516	0.497	0.46	0.447	0.436	0.427	0.435	0.385	0.386	0.345	0.311	0.315	0.315	0.278	0.256	0.239	0.231	0.192	0.194	0.192	0.159	0.126	0.132	0.105	0.084	0.065	0.062	0.037	0.017	0.001	0	0	
1	1	1	1	1	1	1	1	1	1	1	1	1	1	1	1	1	1	1	1	1	1	1	1	1	1	1	1	1	1	1	1	1	1	1	1	1	1	1	1	1	1	1	1	1	1	1	1	1	1	1	1	1	1	1	1	1	1	1	1	1	1	1	1	1	1	1	1	1	1	1	1	1	1	1	1	1	1	1	1	1	0.988	0.971	0.961	0.945	0.902	0.9	0.886	0.865	0.832	0.838	0.816	0.79	0.774	0.757	0.709	0.722	0.692	0.696	0.672	
1	1	1	1	1	1	1	1	1	1	1	1	1	1	1	1	1	1	1	1	1	1	1	1	1	1	1	1	1	1	1	1	1	1	1	1	1	1	1	1	1	1	1	1	1	1	1	1	1	1	1	1	1	1	1	1	1	1	1	1	1	1	1	1	1	1	1	1	1	1	1	1	1	1	1	1	1	0.988	0.972	0.951	0.946	0.923	0.893	0.877	0.863	0.857	0.843	0.829	0.806	0.77	0.763	0.74	0.718	0.706	0.681	0.645	0.654	0.627	0.603	0.578	
1	1	1	1	1	1	1	1	1	1	1	1	1	1	1	1	1	1	1	1	1	1	1	1	1	1	1	1	1	1	1	1	1	1	1	1	1	1	1	1	1	1	1	1	1	1	1	1	1	1	1	1	1	1	1	1	1	1	1	1	1	1	1	1	1	1	1	1	1	1	1	1	1	1	1	1	1	1	1	1	1	1	1	1	1	1	1	0.996	0.98	0.969	0.943	0.933	0.917	0.9	0.873	0.853	0.835	0.812	0.821	0.783	
1	1	1	1	1	1	1	1	1	1	1	1	1	1	1	1	1	1	1	1	1	1	1	1	1	1	1	1	1	1	1	1	1	1	1	1	1	1	1	1	1	1	1	1	1	1	1	1	1	1	1	1	1	1	1	1	1	1	1	1	1	1	1	1	1	1	1	1	1	1	1	1	1	1	1	1	1	1	1	1	1	1	1	1	1	1	1	1	1	1	1	1	1	1	0.986	0.955	0.949	0.943	0.904	0.904	
1	1	1	1	1	1	1	1	1	1	1	1	1	1	1	1	1	1	1	1	1	1	1	1	1	1	1	1	1	1	1	1	1	1	1	1	1	1	1	1	1	1	1	1	1	1	1	1	1	1	1	1	1	1	1	1	1	1	1	1	1	1	1	1	1	1	1	1	1	1	1	1	1	1	1	1	1	1	1	1	1	1	1	1	1	1	1	1	1	1	1	1	1	1	1	1	0.996	0.978	0.963	0.93	
1	1	1	1	1	1	1	1	1	1	1	1	1	1	1	1	1	1	1	1	1	1	1	1	1	1	1	1	1	1	1	1	1	1	1	1	1	1	1	1	1	1	1	1	1	1	1	1	1	1	1	1	1	1	1	1	1	1	1	1	1	1	1	0.995	0.972	0.951	0.933	0.922	0.9	0.889	0.872	0.859	0.836	0.824	0.804	0.773	0.762	0.747	0.701	0.713	0.695	0.668	0.66	0.633	0.603	0.623	0.591	0.575	0.585	0.522	0.508	0.51	0.474	0.464	0.451	0.422	0.404	0.387	0.398	0.358	
1	1	1	1	1	1	1	1	1	1	1	1	1	1	1	1	1	1	1	1	1	1	1	1	1	1	1	1	1	1	1	1	1	1	1	1	1	1	1	1	1	1	1	1	1	1	1	1	1	1	1	1	1	1	1	1	1	1	1	1	1	1	1	1	1	1	1	1	1	1	1	1	1	1	1	1	1	1	1	0.987	0.964	0.96	0.934	0.922	0.904	0.867	0.869	0.847	0.823	0.809	0.792	0.769	0.763	0.726	0.733	0.702	0.699	0.657	0.627	0.634	
1	1	1	1	1	1	1	1	1	1	1	1	1	1	1	1	1	1	1	1	1	1	1	1	1	1	1	1	1	1	1	1	1	1	1	1	1	1	1	1	1	1	1	1	1	1	1	1	1	1	1	1	1	1	1	0.986	0.972	0.95	0.929	0.911	0.907	0.877	0.868	0.848	0.826	0.808	0.803	0.801	0.733	0.747	0.747	0.687	0.686	0.678	0.659	0.649	0.613	0.584	0.584	0.554	0.553	0.555	0.542	0.499	0.483	0.441	0.437	0.429	0.406	0.365	0.364	0.356	0.369	0.304	0.309	0.31	0.269	0.242	0.257	0.218	
1	1	1	1	1	1	1	1	1	1	1	1	1	1	1	1	1	1	1	1	1	1	1	1	1	1	1	1	1	1	1	1	1	1	1	1	1	1	1	1	1	1	1	1	1	1	1	1	1	1	1	1	1	1	1	1	1	1	1	1	1	1	1	0.993	0.965	0.951	0.947	0.901	0.909	0.88	0.879	0.837	0.814	0.826	0.787	0.788	0.753	0.775	0.748	0.732	0.697	0.676	0.629	0.649	0.622	0.585	0.613	0.572	0.581	0.551	0.514	0.539	0.466	0.464	0.415	0.417	0.418	0.42	0.409	0.395	
1	1	1	1	1	1	1	1	1	1	1	1	1	1	1	1	1	1	1	1	1	1	1	1	1	1	1	1	1	1	1	1	1	1	1	1	1	1	1	1	1	1	1	1	1	1	1	1	1	1	1	1	1	1	1	1	1	1	1	1	1	1	1	1	1	1	1	1	1	1	1	1	1	1	1	1	1	1	1	1	1	0.988	0.972	0.97	0.941	0.917	0.909	0.865	0.885	0.843	0.835	0.826	0.804	0.773	0.76	0.755	0.703	0.701	0.692	0.668	
1	1	1	1	1	1	1	1	1	1	1	1	1	1	1	1	1	1	1	1	1	1	1	1	1	1	1	1	1	1	1	1	1	1	1	1	1	1	0.998	0.982	0.961	0.933	0.928	0.905	0.872	0.88	0.846	0.839	0.823	0.799	0.769	0.795	0.762	0.758	0.694	0.703	0.679	0.666	0.643	0.624	0.612	0.585	0.59	0.545	0.546	0.517	0.479	0.478	0.44	0.443	0.419	0.396	0.384	0.39	0.354	0.348	0.348	0.299	0.284	0.285	0.271	0.236	0.235	0.21	0.192	0.173	0.147	0.121	0.125	0.085	0.077	0.064	0.043	0.034	0.009	0	0	0	0	0	
1	1	1	1	1	1	1	1	1	1	1	1	1	1	1	1	1	1	1	1	1	1	1	1	1	1	1	1	1	1	1	1	1	1	1	1	1	1	1	1	1	1	1	1	1	1	1	1	1	1	1	1	1	1	1	1	1	1	1	1	1	1	1	1	1	1	1	1	1	1	1	1	1	1	1	1	1	1	1	1	1	1	1	1	1	1	1	1	1	1	1	1	1	1	1	1	1	1	1	1	
1	1	1	1	1	1	1	1	1	1	1	1	1	1	1	1	1	1	1	1	1	1	1	1	1	1	1	1	1	1	1	1	1	1	1	1	1	1	1	1	1	1	1	1	1	1	1	1	1	1	1	1	1	1	1	1	1	1	1	1	1	1	1	1	1	1	1	1	1	1	1	0.984	0.958	0.953	0.938	0.917	0.914	0.897	0.858	0.838	0.832	0.806	0.807	0.757	0.763	0.742	0.724	0.717	0.691	0.668	0.637	0.639	0.599	0.617	0.567	0.551	0.557	0.531	0.497	0.511	
1	1	1	1	1	1	1	1	1	1	1	1	1	1	1	1	1	1	1	1	1	1	1	1	1	1	1	1	1	1	1	1	1	1	1	1	1	1	1	1	1	1	1	1	1	1	1	1	1	1	1	1	1	1	1	1	1	1	1	1	1	1	1	1	1	1	1	0.973	0.959	0.933	0.932	0.913	0.887	0.887	0.853	0.839	0.842	0.79	0.809	0.783	0.772	0.733	0.706	0.702	0.677	0.648	0.633	0.645	0.626	0.615	0.594	0.565	0.547	0.514	0.509	0.519	0.456	0.464	0.406	0.429	
1	1	1	1	1	1	1	1	1	1	1	1	1	1	1	1	1	1	1	1	1	1	1	1	1	1	1	1	1	1	1	1	1	1	1	1	1	1	1	1	1	1	1	1	1	1	1	1	1	1	1	1	1	1	1	1	1	1	1	1	1	1	1	1	1	1	1	0.985	0.973	0.96	0.96	0.974	0.968	0.956	0.959	0.961	0.967	0.966	0.959	0.962	0.962	0.96	0.955	0.955	0.964	0.943	0.963	0.968	0.951	0.961	0.953	0.96	0.949	0.965	0.959	0.954	0.95	0.957	0.957	0.959	
1	1	1	1	1	1	1	1	1	1	1	1	1	1	1	1	1	1	1	1	1	1	1	1	1	1	1	1	1	1	1	1	1	1	1	1	1	1	1	1	1	1	1	1	1	1	1	1	1	1	1	1	1	1	1	1	1	1	1	1	1	1	1	1	1	1	1	1	1	1	1	1	1	1	1	1	1	1	1	1	1	1	1	1	1	1	1	1	1	1	1	1	1	1	1	0.989	0.97	0.959	0.925	0.906	
1	1	1	1	1	1	1	1	1	1	1	1	1	1	1	1	1	1	1	1	1	1	1	1	1	1	1	1	1	1	1	1	1	1	1	1	1	1	1	1	1	1	1	1	1	1	1	1	1	1	1	1	1	1	1	1	1	1	1	1	1	1	1	1	1	1	1	1	1	1	1	1	1	1	1	1	1	1	1	1	1	1	1	1	1	1	1	1	1	1	0.981	0.975	0.951	0.938	0.914	0.901	0.889	0.874	0.84	0.833	
1	1	1	1	1	1	1	1	1	1	1	1	1	1	1	1	1	1	1	1	1	1	1	1	1	1	1	1	1	1	1	1	1	1	1	1	1	1	1	1	1	1	1	1	1	1	1	1	1	1	1	1	1	1	1	1	1	1	1	1	1	1	1	1	1	1	1	1	1	1	1	1	1	1	1	1	1	1	1	1	1	1	0.984	0.97	0.945	0.936	0.914	0.908	0.885	0.856	0.855	0.826	0.819	0.767	0.762	0.759	0.763	0.729	0.689	0.694	
1	1	1	1	1	1	1	1	1	1	1	1	1	1	1	1	1	1	1	1	1	1	1	1	1	1	1	1	1	1	1	1	1	1	1	1	1	1	1	1	1	1	1	1	1	1	1	1	1	1	1	1	1	1	1	1	1	1	1	1	1	1	1	1	1	1	1	1	1	1	1	1	1	1	1	1	1	1	1	1	1	1	1	1	1	1	1	1	1	1	1	1	1	1	1	1	1	1	1	1	
1	1	1	1	1	1	1	1	1	1	1	1	1	1	1	1	1	1	1	1	1	1	1	1	1	1	1	1	1	1	1	1	1	1	1	1	1	1	1	1	1	1	1	1	1	1	1	1	1	1	1	1	1	1	0.986	0.961	0.937	0.925	0.91	0.891	0.867	0.877	0.829	0.812	0.791	0.8	0.767	0.777	0.767	0.686	0.696	0.675	0.663	0.641	0.625	0.618	0.588	0.566	0.518	0.547	0.545	0.521	0.509	0.471	0.444	0.435	0.401	0.363	0.419	0.364	0.34	0.325	0.298	0.303	0.282	0.292	0.235	0.22	0.211	0.184	
1	1	1	1	1	1	1	1	1	1	1	1	1	1	1	1	1	1	1	1	1	1	1	1	1	1	1	1	1	1	1	1	1	1	1	1	1	1	1	1	1	1	1	1	1	1	1	1	1	1	1	1	1	1	1	1	1	1	1	1	1	1	1	1	1	1	1	1	1	1	1	1	1	1	1	1	1	1	1	1	1	1	1	1	1	1	1	1	1	1	1	1	1	1	1	1	1	1	1	1	
1	1	1	1	1	1	1	1	1	1	1	1	1	1	1	1	1	1	1	1	1	1	1	1	1	1	1	1	1	1	1	1	1	1	1	1	1	1	1	1	1	1	1	1	1	1	1	1	1	1	1	1	1	1	1	1	1	1	1	1	1	1	1	1	1	1	1	1	1	1	0.999	0.981	0.972	0.954	0.923	0.909	0.902	0.893	0.838	0.845	0.813	0.792	0.796	0.775	0.743	0.749	0.736	0.701	0.68	0.669	0.64	0.62	0.616	0.601	0.577	0.532	0.538	0.529	0.524	0.484	
1	1	1	1	1	1	1	1	1	1	1	1	1	1	1	1	1	1	1	1	1	1	1	1	1	1	1	1	1	1	1	1	1	1	1	1	1	1	1	1	1	1	1	1	1	1	1	1	1	1	1	1	1	1	1	1	1	1	1	1	1	1	1	1	1	1	1	1	1	1	1	1	1	1	1	1	1	1	1	1	1	0.982	0.971	0.938	0.924	0.927	0.885	0.868	0.869	0.863	0.854	0.817	0.804	0.773	0.749	0.733	0.71	0.701	0.723	0.675	
1	1	1	1	1	1	1	1	1	1	1	1	1	1	1	1	1	1	1	1	1	1	1	1	1	1	1	1	1	1	1	1	1	1	1	1	1	1	1	1	1	1	1	1	1	1	1	0.986	0.972	0.964	0.944	0.922	0.901	0.859	0.858	0.832	0.824	0.82	0.773	0.769	0.744	0.753	0.725	0.706	0.719	0.699	0.642	0.625	0.652	0.597	0.575	0.559	0.542	0.556	0.524	0.468	0.471	0.451	0.456	0.412	0.433	0.372	0.387	0.367	0.323	0.325	0.304	0.264	0.255	0.26	0.247	0.233	0.225	0.179	0.176	0.13	0.124	0.11	0.099	0.083	
1	1	1	1	1	1	1	1	1	1	1	1	1	1	1	1	1	1	1	1	1	1	1	1	1	1	1	1	1	1	1	1	1	1	1	1	1	1	1	1	1	1	1	1	1	1	1	1	1	1	1	1	1	1	1	1	1	1	1	1	1	1	1	1	1	1	1	1	1	1	1	1	1	1	1	1	1	1	1	1	1	1	1	1	1	1	1	1	1	1	1	1	1	1	1	1	1	1	1	1	
1	1	1	1	1	1	1	1	1	1	1	1	1	1	1	1	1	1	1	1	1	1	1	1	1	1	1	1	1	1	1	1	1	1	1	1	1	1	1	1	1	1	1	1	1	1	1	1	1	1	1	1	1	1	1	1	1	1	1	1	1	1	1	1	1	1	1	1	1	1	1	1	1	1	1	1	1	1	1	1	1	1	1	1	1	1	1	1	1	1	1	1	0.984	0.96	0.954	0.931	0.913	0.89	0.879	0.878	
1	1	1	1	1	1	1	1	1	1	1	1	1	1	1	1	1	1	1	1	1	1	1	1	1	1	1	1	1	1	1	1	1	1	1	1	1	1	1	1	1	1	1	1	1	1	1	1	1	1	1	1	1	1	1	1	1	1	1	1	1	1	1	1	1	1	1	1	1	1	1	1	1	1	1	1	1	1	1	1	1	1	1	1	1	1	0.993	0.961	0.939	0.933	0.922	0.908	0.882	0.871	0.848	0.829	0.794	0.816	0.739	0.773	
1	1	1	1	1	1	1	1	1	1	1	1	1	1	1	1	1	1	1	1	1	1	1	1	1	1	1	1	1	1	1	1	1	1	1	1	1	1	1	1	1	1	1	1	1	1	1	1	1	1	1	1	1	1	1	1	1	1	1	1	1	1	1	1	1	1	1	1	1	1	1	1	1	1	1	1	1	1	1	1	1	1	1	1	1	0.994	0.976	0.954	0.941	0.923	0.895	0.884	0.877	0.859	0.816	0.8	0.807	0.788	0.765	0.73	
1	1	1	1	1	1	1	1	1	1	1	1	1	1	1	1	1	1	1	1	1	1	1	1	1	1	1	1	1	1	1	1	1	1	1	1	1	1	1	1	1	1	1	1	1	1	1	1	1	1	1	1	1	1	1	1	1	1	1	1	1	1	1	1	1	1	1	1	1	1	1	1	1	1	1	1	1	1	1	1	1	1	1	1	1	1	1	1	1	1	1	1	1	1	1	1	0.987	0.975	0.945	0.934	
1	1	1	1	1	1	1	1	1	1	1	1	1	1	1	1	1	1	1	1	1	1	1	1	1	1	1	1	1	1	1	1	1	1	1	1	1	1	1	1	1	1	1	1	1	1	1	1	1	1	1	1	1	1	1	1	1	1	1	1	1	1	1	1	1	1	1	0.995	0.971	0.961	0.948	0.923	0.921	0.889	0.882	0.85	0.854	0.822	0.816	0.794	0.771	0.787	0.74	0.729	0.704	0.668	0.659	0.665	0.608	0.597	0.551	0.586	0.551	0.571	0.504	0.495	0.495	0.496	0.461	0.455	
1	1	1	1	1	1	1	1	1	1	1	1	1	1	1	1	1	1	1	1	1	1	1	1	1	1	1	1	1	1	1	1	1	1	1	1	1	1	1	1	1	1	1	1	1	1	1	1	1	1	1	1	1	1	1	1	1	1	1	1	1	1	1	1	1	1	1	1	1	1	1	1	1	1	1	1	1	1	1	1	1	1	1	1	1	1	1	1	1	1	1	1	1	0.984	0.96	0.963	0.948	0.907	0.899	0.892	
1	1	1	1	1	1	1	1	1	1	1	1	1	1	1	1	1	1	1	1	1	1	1	1	1	1	1	1	1	1	1	1	1	1	1	1	1	1	1	1	1	1	1	1	1	1	1	1	1	1	1	1	1	1	1	1	1	1	1	1	1	1	1	1	1	1	1	1	1	1	1	1	1	1	1	1	1	1	1	1	1	1	1	0.984	0.981	0.933	0.935	0.923	0.898	0.887	0.871	0.842	0.808	0.807	0.784	0.789	0.779	0.73	0.732	0.72	
1	1	1	1	1	1	1	1	1	1	1	1	1	1	1	1	1	1	1	1	1	1	1	1	1	1	1	1	1	1	1	1	1	1	1	1	1	1	1	1	1	1	1	1	1	1	1	1	1	1	1	1	1	1	1	1	1	1	1	1	1	1	1	1	1	1	1	1	1	1	1	1	1	1	1	1	1	1	1	1	1	1	1	1	1	1	1	1	1	1	1	1	1	1	1	1	1	1	1	1	
1	1	1	1	1	1	1	1	1	1	1	1	1	1	1	1	1	1	1	1	1	1	1	1	1	1	1	1	1	1	1	1	1	1	1	1	1	1	1	1	1	1	1	1	1	1	1	1	1	1	1	1	1	1	1	1	1	1	1	1	1	1	1	1	1	1	1	1	1	1	1	1	1	1	1	1	1	1	1	1	1	1	1	1	1	1	1	0.993	0.986	0.948	0.945	0.943	0.906	0.895	0.879	0.853	0.843	0.825	0.778	0.773	
1	1	1	1	1	1	1	1	1	1	1	1	1	1	1	1	1	1	1	1	1	1	1	1	1	1	1	1	1	1	1	1	1	1	1	1	1	1	1	1	1	1	1	1	1	1	1	1	1	1	1	1	1	1	1	1	1	1	1	1	1	1	1	1	1	1	1	1	1	1	1	1	1	1	0.983	0.973	0.951	0.927	0.912	0.891	0.878	0.859	0.824	0.839	0.803	0.769	0.77	0.772	0.745	0.728	0.699	0.702	0.688	0.63	0.627	0.599	0.593	0.61	0.605	0.614	
1	1	1	1	1	1	1	1	1	1	1	1	1	1	1	1	1	1	1	1	1	1	1	1	1	1	1	1	1	1	1	1	1	1	1	1	1	1	1	1	1	1	1	1	1	1	1	1	1	1	1	1	1	1	0.991	0.979	0.96	0.948	0.928	0.906	0.87	0.869	0.843	0.843	0.827	0.8	0.776	0.778	0.735	0.713	0.683	0.714	0.666	0.66	0.656	0.653	0.619	0.591	0.581	0.549	0.505	0.515	0.496	0.473	0.473	0.42	0.445	0.42	0.39	0.396	0.369	0.348	0.334	0.31	0.303	0.248	0.251	0.249	0.224	0.223	
1	1	1	1	1	1	1	1	1	1	1	1	1	1	1	1	1	1	1	1	1	1	1	1	1	1	1	1	1	1	1	1	1	1	1	1	1	1	1	1	1	1	1	1	1	1	1	1	1	1	1	1	1	1	1	1	1	1	1	1	1	1	1	1	1	1	1	1	1	1	1	1	1	1	1	1	1	1	1	1	1	1	1	1	1	1	1	1	1	1	1	1	1	1	1	1	1	1	1	1	
1	1	1	1	1	1	1	1	1	1	1	1	1	1	1	1	1	1	1	1	1	1	1	1	1	1	1	1	1	1	1	1	1	1	1	1	1	1	1	1	1	1	1	1	1	1	1	1	1	1	1	1	1	1	1	1	1	1	1	1	1	1	1	1	1	1	1	1	1	1	1	1	1	1	1	1	1	1	1	1	1	1	1	1	1	1	1	1	1	1	1	1	1	1	1	1	1	1	1	1	
1	1	1	1	1	1	1	1	1	1	1	1	1	1	1	1	1	1	1	1	1	1	1	1	1	1	1	1	1	1	1	1	1	1	1	1	1	1	1	1	1	1	1	1	1	1	1	1	1	1	1	1	1	1	1	1	1	1	1	1	1	1	1	1	1	1	1	1	1	1	1	1	1	1	1	1	1	1	1	1	0.993	0.982	0.96	0.927	0.92	0.904	0.878	0.869	0.846	0.83	0.817	0.808	0.806	0.767	0.776	0.732	0.71	0.731	0.649	0.668	
1	1	1	1	1	1	1	1	1	1	1	1	1	1	1	1	1	1	1	1	1	1	1	1	1	1	1	1	1	1	1	1	1	1	1	1	1	1	1	1	1	1	1	1	1	1	1	1	1	1	1	1	1	1	0.986	0.965	0.952	0.93	0.908	0.905	0.884	0.868	0.821	0.818	0.802	0.781	0.757	0.753	0.725	0.706	0.689	0.668	0.655	0.654	0.641	0.636	0.564	0.563	0.559	0.533	0.496	0.496	0.514	0.46	0.439	0.427	0.426	0.372	0.395	0.355	0.33	0.304	0.301	0.31	0.265	0.26	0.249	0.241	0.22	0.194	
