1	1	1	1	1	1	1	1	1	1	1	1	1	1	1	1	1	0.999	1	1	0.999	0.998	1	0.998	1	0.999	0.997	0.998	0.999	0.995	0.997	0.997	0.992	0.993	0.991	0.988	0.984	0.983	0.973	0.964	0.96	0.951	0.945	0.942	0.947	0.912	0.909	0.898	0.878	0.869	0.847	0.834	0.831	0.801	0.781	0.783	0.752	0.715	0.696	0.686	0.634	0.632	0.623	0.587	0.559	0.516	0.511	0.492	0.449	0.421	0.42	0.423	0.36	0.382	0.355	0.315	0.308	0.308	0.267	0.257	0.217	0.2	0.196	0.185	0.16	0.153	0.129	0.116	0.115	0.105	0.102	0.083	0.082	0.058	0.058	0.034	0.048	0.025	0.027	0.033	
1	1	1	1	1	1	1	1	1	1	1	1	1	1	1	1	1	1	1	1	1	1	1	1	1	1	1	1	1	1	1	1	1	1	1	1	1	1	1	1	1	1	1	0.999	1	1	1	1	0.998	1	1	0.999	0.996	1	0.998	0.995	0.998	0.996	0.994	0.99	0.993	0.991	0.987	0.988	0.979	0.974	0.972	0.972	0.959	0.95	0.942	0.942	0.943	0.929	0.934	0.928	0.907	0.882	0.892	0.883	0.891	0.856	0.832	0.831	0.779	0.787	0.785	0.748	0.749	0.697	0.682	0.664	0.651	0.632	0.612	0.581	0.571	0.505	0.51	0.519	
1	1	1	1	1	1	1	1	1	1	1	1	1	1	1	1	1	1	1	1	1	1	1	1	1	1	0.999	1	1	1	1	0.997	0.997	0.999	0.999	0.998	0.996	0.997	0.998	0.995	0.992	0.993	0.994	0.993	0.985	0.984	0.979	0.981	0.976	0.972	0.974	0.962	0.968	0.962	0.958	0.944	0.939	0.93	0.933	0.923	0.911	0.896	0.909	0.874	0.885	0.843	0.852	0.846	0.839	0.847	0.808	0.784	0.785	0.782	0.764	0.762	0.754	0.731	0.731	0.75	0.689	0.696	0.662	0.661	0.673	0.658	0.616	0.632	0.602	0.602	0.611	0.606	0.582	0.568	0.569	0.581	0.541	0.572	0.558	0.556	
1	1	1	1	1	1	1	1	1	1	1	1	1	1	1	1	1	1	1	1	1	1	1	1	1	1	1	0.999	1	1	0.999	1	1	1	1	1	0.999	0.999	1	0.999	0.998	1	1	0.999	0.997	0.999	0.999	0.997	0.994	0.991	0.992	0.989	0.985	0.988	0.99	0.983	0.986	0.987	0.978	0.967	0.968	0.957	0.964	0.954	0.945	0.948	0.942	0.918	0.914	0.914	0.901	0.888	0.871	0.879	0.863	0.825	0.845	0.797	0.769	0.756	0.751	0.736	0.693	0.666	0.657	0.644	0.604	0.591	0.556	0.513	0.479	0.481	0.456	0.419	0.372	0.353	0.327	0.301	0.273	0.256	
1	0.999	0.999	0.998	0.995	0.997	0.993	0.996	0.993	0.988	0.987	0.978	0.982	0.984	0.964	0.97	0.971	0.955	0.956	0.952	0.935	0.94	0.944	0.934	0.921	0.92	0.908	0.926	0.909	0.904	0.891	0.883	0.875	0.886	0.862	0.855	0.84	0.85	0.848	0.845	0.855	0.81	0.82	0.841	0.8	0.816	0.796	0.781	0.798	0.761	0.772	0.744	0.731	0.74	0.738	0.698	0.703	0.68	0.673	0.666	0.65	0.626	0.639	0.612	0.601	0.566	0.516	0.535	0.518	0.466	0.476	0.469	0.421	0.401	0.375	0.367	0.336	0.324	0.31	0.275	0.24	0.195	0.204	0.179	0.178	0.167	0.124	0.148	0.103	0.085	0.102	0.064	0.05	0.041	0.039	0.029	0.024	0.025	0.016	0.013	
0.635	0.604	0.582	0.538	0.543	0.483	0.462	0.461	0.429	0.418	0.388	0.356	0.326	0.286	0.296	0.287	0.263	0.22	0.22	0.192	0.159	0.173	0.15	0.14	0.13	0.096	0.089	0.091	0.084	0.083	0.072	0.06	0.065	0.051	0.046	0.038	0.043	0.041	0.024	0.022	0.025	0.021	0.023	0.027	0.023	0.009	0.017	0.01	0.012	0.01	0.013	0.011	0.009	0.003	0.001	0.008	0.002	0.005	0.003	0.001	0.002	0.002	0.001	0.001	0	0	0.004	0	0	0	0	0	0	0.001	0.001	0	0.001	0	0	0	0	0	0	0	0	0	0	0	0	0	0	0	0	0	0	0	0	0	0	0	
1	1	1	1	1	1	1	1	1	1	1	1	1	1	1	1	1	1	1	1	1	1	1	1	1	1	1	1	1	1	0.999	1	0.999	0.998	0.998	0.998	0.999	0.993	0.994	0.983	0.976	0.979	0.976	0.96	0.963	0.943	0.941	0.913	0.929	0.894	0.88	0.849	0.841	0.812	0.79	0.733	0.707	0.716	0.641	0.607	0.586	0.547	0.525	0.48	0.459	0.414	0.379	0.349	0.309	0.268	0.241	0.203	0.174	0.134	0.145	0.119	0.088	0.083	0.068	0.044	0.043	0.032	0.027	0.025	0.015	0.013	0.009	0.004	0.004	0.007	0.005	0.001	0.002	0	0.001	0.002	0	0	0	0	
1	1	1	0.999	0.998	1	0.999	0.994	0.998	0.994	0.991	0.998	0.991	0.994	0.993	0.988	0.987	0.992	0.983	0.978	0.975	0.974	0.972	0.968	0.954	0.965	0.958	0.95	0.951	0.942	0.952	0.942	0.939	0.932	0.92	0.922	0.915	0.867	0.878	0.893	0.869	0.877	0.863	0.863	0.842	0.841	0.844	0.833	0.802	0.813	0.78	0.781	0.785	0.781	0.77	0.746	0.723	0.716	0.698	0.715	0.686	0.661	0.63	0.626	0.641	0.622	0.6	0.58	0.576	0.557	0.53	0.529	0.521	0.496	0.469	0.452	0.451	0.449	0.429	0.415	0.377	0.358	0.336	0.359	0.302	0.322	0.306	0.288	0.259	0.275	0.251	0.216	0.204	0.171	0.186	0.192	0.151	0.134	0.134	0.117	
0.997	1	0.985	0.986	0.98	0.974	0.955	0.962	0.942	0.914	0.904	0.893	0.858	0.824	0.835	0.793	0.788	0.736	0.706	0.656	0.673	0.604	0.582	0.548	0.483	0.475	0.442	0.41	0.372	0.339	0.298	0.296	0.267	0.229	0.185	0.18	0.18	0.143	0.141	0.138	0.106	0.097	0.082	0.057	0.057	0.043	0.03	0.039	0.03	0.029	0.018	0.019	0.007	0.008	0.008	0.005	0.011	0.004	0.009	0.002	0.002	0.004	0.004	0.002	0.001	0	0.001	0.001	0	0	0	0	0	0	0	0	0	0	0	0	0	0	0	0	0	0	0	0	0	0	0	0	0	0	0	0	0	0	0	0	
1	1	1	1	1	1	1	1	1	1	1	1	1	1	1	1	1	1	1	1	1	1	1	1	1	1	1	1	0.999	0.999	0.996	0.998	0.998	0.999	0.997	0.998	0.991	0.997	0.989	0.993	0.984	0.987	0.981	0.984	0.983	0.972	0.971	0.95	0.953	0.939	0.941	0.94	0.927	0.918	0.906	0.896	0.891	0.858	0.878	0.866	0.847	0.82	0.789	0.784	0.799	0.739	0.717	0.721	0.711	0.685	0.632	0.605	0.627	0.553	0.537	0.511	0.513	0.475	0.434	0.423	0.379	0.414	0.343	0.338	0.328	0.292	0.285	0.228	0.208	0.211	0.184	0.176	0.176	0.141	0.134	0.115	0.105	0.083	0.074	0.067	
1	1	1	1	0.999	0.999	0.999	0.999	0.998	0.996	0.999	0.997	0.995	0.995	0.98	0.979	0.98	0.978	0.977	0.963	0.952	0.947	0.931	0.925	0.918	0.894	0.887	0.875	0.85	0.836	0.793	0.799	0.782	0.762	0.756	0.709	0.706	0.7	0.684	0.65	0.648	0.615	0.614	0.571	0.551	0.533	0.547	0.496	0.544	0.516	0.527	0.511	0.498	0.464	0.449	0.444	0.458	0.439	0.42	0.406	0.391	0.406	0.391	0.378	0.359	0.368	0.342	0.318	0.316	0.303	0.313	0.294	0.291	0.239	0.283	0.258	0.234	0.256	0.237	0.199	0.195	0.192	0.17	0.163	0.14	0.146	0.111	0.112	0.105	0.089	0.082	0.068	0.063	0.066	0.056	0.038	0.027	0.029	0.024	0.02	
1	1	1	1	1	1	1	1	1	1	1	0.997	0.998	0.996	0.998	0.994	0.999	0.994	0.994	0.993	0.988	0.982	0.974	0.97	0.969	0.955	0.953	0.936	0.922	0.915	0.911	0.879	0.877	0.858	0.842	0.818	0.809	0.777	0.756	0.731	0.699	0.703	0.661	0.636	0.63	0.598	0.556	0.523	0.527	0.535	0.475	0.482	0.452	0.412	0.369	0.418	0.351	0.308	0.318	0.327	0.292	0.271	0.272	0.259	0.231	0.214	0.176	0.189	0.204	0.189	0.177	0.163	0.141	0.14	0.11	0.12	0.115	0.115	0.092	0.095	0.093	0.086	0.068	0.074	0.066	0.056	0.04	0.052	0.03	0.046	0.039	0.02	0.037	0.02	0.022	0.024	0.009	0.017	0.015	0.006	
1	1	1	1	1	1	1	1	1	1	1	1	1	1	1	1	1	1	1	1	1	1	1	1	1	1	1	0.999	1	0.998	1	0.999	0.999	1	1	0.999	0.998	0.999	0.999	0.998	0.997	0.998	0.997	0.998	0.996	0.988	0.997	0.99	0.989	0.989	0.986	0.978	0.984	0.969	0.969	0.974	0.963	0.967	0.967	0.952	0.957	0.939	0.94	0.934	0.913	0.921	0.907	0.918	0.877	0.899	0.865	0.854	0.854	0.812	0.798	0.783	0.773	0.742	0.695	0.693	0.702	0.65	0.626	0.592	0.578	0.543	0.493	0.477	0.441	0.426	0.384	0.336	0.355	0.33	0.255	0.25	0.218	0.182	0.187	0.143	
1	1	0.997	0.999	0.995	0.998	0.991	0.993	0.995	0.99	0.985	0.986	0.987	0.979	0.979	0.981	0.976	0.965	0.967	0.97	0.964	0.955	0.954	0.953	0.94	0.948	0.955	0.939	0.924	0.94	0.936	0.911	0.926	0.921	0.906	0.895	0.888	0.906	0.889	0.89	0.89	0.875	0.872	0.862	0.873	0.886	0.854	0.859	0.848	0.843	0.852	0.848	0.839	0.874	0.821	0.811	0.805	0.811	0.802	0.803	0.77	0.793	0.781	0.791	0.789	0.787	0.767	0.768	0.779	0.754	0.729	0.711	0.701	0.698	0.701	0.677	0.668	0.655	0.659	0.646	0.637	0.621	0.612	0.593	0.56	0.556	0.53	0.52	0.497	0.488	0.469	0.445	0.427	0.443	0.41	0.379	0.363	0.363	0.324	0.297	
1	1	1	1	1	1	1	1	1	1	1	1	1	1	1	1	1	1	0.999	1	1	1	1	1	0.998	0.998	0.997	0.997	0.998	0.994	0.993	0.985	0.981	0.983	0.986	0.981	0.976	0.971	0.969	0.956	0.955	0.936	0.942	0.919	0.925	0.919	0.906	0.892	0.899	0.869	0.86	0.853	0.819	0.826	0.797	0.798	0.768	0.753	0.734	0.72	0.707	0.647	0.66	0.634	0.584	0.578	0.573	0.529	0.494	0.472	0.462	0.44	0.43	0.384	0.368	0.374	0.314	0.295	0.249	0.212	0.253	0.2	0.188	0.172	0.141	0.151	0.115	0.112	0.116	0.08	0.079	0.069	0.041	0.05	0.047	0.034	0.032	0.022	0.02	0.019	
1	1	1	1	1	1	1	1	1	0.999	0.997	0.997	0.997	0.998	0.994	0.996	0.997	0.986	0.986	0.985	0.969	0.962	0.967	0.946	0.955	0.942	0.944	0.922	0.916	0.895	0.886	0.863	0.853	0.839	0.833	0.829	0.783	0.756	0.727	0.717	0.719	0.69	0.637	0.674	0.597	0.576	0.57	0.551	0.534	0.533	0.522	0.495	0.474	0.466	0.421	0.425	0.428	0.387	0.372	0.378	0.343	0.324	0.348	0.355	0.339	0.272	0.283	0.282	0.274	0.29	0.268	0.257	0.254	0.235	0.228	0.235	0.213	0.226	0.246	0.227	0.215	0.218	0.207	0.221	0.193	0.217	0.22	0.22	0.226	0.229	0.214	0.208	0.21	0.216	0.207	0.202	0.221	0.227	0.216	0.218	
0.991	0.984	0.987	0.977	0.981	0.973	0.968	0.962	0.957	0.948	0.933	0.947	0.92	0.943	0.927	0.904	0.911	0.894	0.9	0.885	0.866	0.882	0.882	0.864	0.861	0.865	0.861	0.84	0.815	0.828	0.824	0.815	0.803	0.79	0.803	0.774	0.768	0.748	0.727	0.737	0.725	0.741	0.711	0.699	0.677	0.681	0.654	0.65	0.64	0.602	0.628	0.604	0.596	0.561	0.568	0.558	0.52	0.505	0.481	0.476	0.477	0.416	0.432	0.416	0.387	0.368	0.356	0.331	0.342	0.293	0.313	0.293	0.256	0.25	0.244	0.205	0.202	0.199	0.171	0.148	0.154	0.139	0.115	0.121	0.092	0.099	0.065	0.068	0.054	0.052	0.036	0.036	0.04	0.029	0.027	0.015	0.016	0.014	0.011	0.009	
1	1	1	1	1	1	1	1	1	1	1	1	1	1	1	1	1	1	1	1	1	1	1	1	1	1	1	1	1	1	1	1	1	1	1	1	1	1	1	1	1	1	1	1	1	0.999	1	1	1	0.999	1	0.999	0.999	0.998	0.998	0.997	0.998	1	0.993	0.993	0.991	0.993	0.989	0.986	0.984	0.984	0.963	0.98	0.977	0.964	0.963	0.952	0.944	0.946	0.933	0.933	0.922	0.907	0.872	0.885	0.884	0.859	0.854	0.835	0.801	0.805	0.796	0.767	0.748	0.741	0.732	0.685	0.687	0.647	0.653	0.636	0.576	0.554	0.554	0.508	
0.922	0.926	0.891	0.885	0.875	0.848	0.811	0.835	0.813	0.801	0.801	0.748	0.753	0.715	0.721	0.681	0.703	0.664	0.682	0.663	0.637	0.635	0.612	0.568	0.588	0.551	0.546	0.535	0.535	0.518	0.524	0.503	0.5	0.465	0.459	0.494	0.467	0.448	0.45	0.453	0.422	0.43	0.426	0.426	0.416	0.378	0.384	0.407	0.389	0.362	0.395	0.379	0.351	0.331	0.376	0.362	0.321	0.327	0.301	0.319	0.316	0.308	0.308	0.286	0.299	0.3	0.262	0.266	0.237	0.254	0.253	0.237	0.233	0.216	0.224	0.202	0.2	0.162	0.172	0.153	0.166	0.154	0.132	0.149	0.132	0.122	0.11	0.102	0.09	0.096	0.083	0.081	0.092	0.069	0.05	0.065	0.046	0.045	0.041	0.028	
1	1	0.999	1	0.999	0.999	0.997	0.997	0.989	0.987	0.978	0.972	0.98	0.951	0.948	0.942	0.913	0.898	0.872	0.862	0.803	0.784	0.731	0.701	0.687	0.662	0.619	0.583	0.553	0.547	0.513	0.495	0.477	0.441	0.391	0.378	0.393	0.312	0.299	0.321	0.274	0.277	0.242	0.231	0.231	0.204	0.188	0.197	0.161	0.172	0.121	0.176	0.131	0.117	0.118	0.097	0.083	0.074	0.081	0.07	0.067	0.062	0.067	0.053	0.055	0.042	0.032	0.038	0.028	0.025	0.021	0.016	0.016	0.008	0.013	0.008	0.006	0.013	0.008	0.004	0.005	0.003	0.004	0.001	0.005	0	0	0.001	0	0.001	0	0	0.001	0	0	0	0	0	0	0	
1	1	1	1	0.999	1	1	1	1	1	1	1	1	0.998	0.998	0.997	0.997	0.997	0.996	0.99	0.993	0.989	0.987	0.981	0.981	0.99	0.975	0.973	0.961	0.951	0.955	0.951	0.948	0.948	0.938	0.934	0.931	0.917	0.913	0.902	0.896	0.901	0.866	0.891	0.867	0.857	0.847	0.84	0.839	0.791	0.809	0.776	0.792	0.794	0.765	0.747	0.76	0.715	0.724	0.731	0.685	0.677	0.669	0.653	0.637	0.615	0.599	0.606	0.571	0.539	0.542	0.514	0.483	0.443	0.44	0.427	0.438	0.38	0.362	0.353	0.324	0.293	0.274	0.252	0.243	0.21	0.218	0.18	0.182	0.153	0.143	0.12	0.143	0.109	0.093	0.092	0.072	0.056	0.054	0.041	
1	1	1	1	1	1	1	1	1	1	1	1	1	1	1	1	1	1	1	1	1	1	1	1	1	1	0.998	0.999	1	0.996	0.996	0.998	0.995	0.994	0.992	0.989	0.989	0.983	0.989	0.98	0.983	0.982	0.961	0.971	0.955	0.958	0.952	0.954	0.955	0.94	0.945	0.917	0.921	0.916	0.896	0.892	0.899	0.881	0.889	0.87	0.851	0.873	0.849	0.822	0.795	0.808	0.796	0.793	0.753	0.753	0.754	0.751	0.719	0.721	0.717	0.661	0.671	0.658	0.636	0.587	0.606	0.563	0.551	0.516	0.5	0.492	0.446	0.43	0.364	0.384	0.333	0.33	0.308	0.295	0.254	0.234	0.19	0.207	0.164	0.144	
0.585	0.584	0.602	0.584	0.537	0.554	0.558	0.548	0.573	0.544	0.553	0.545	0.577	0.561	0.549	0.571	0.581	0.566	0.558	0.54	0.582	0.585	0.602	0.599	0.604	0.588	0.609	0.59	0.626	0.602	0.601	0.627	0.604	0.617	0.618	0.631	0.622	0.632	0.586	0.61	0.628	0.617	0.624	0.626	0.631	0.574	0.624	0.582	0.561	0.565	0.557	0.574	0.57	0.525	0.533	0.511	0.48	0.518	0.493	0.478	0.466	0.442	0.432	0.445	0.429	0.416	0.394	0.371	0.37	0.318	0.334	0.338	0.304	0.292	0.3	0.296	0.264	0.256	0.254	0.238	0.205	0.219	0.183	0.189	0.179	0.176	0.144	0.131	0.131	0.127	0.103	0.105	0.09	0.11	0.083	0.065	0.065	0.059	0.061	0.041	
1	1	1	1	1	1	1	1	1	1	1	1	1	1	1	1	1	1	1	1	1	0.999	1	1	1	0.999	0.999	0.997	1	0.999	0.999	0.999	0.995	0.998	0.994	0.996	0.995	0.992	0.994	0.993	0.993	0.991	0.989	0.988	0.988	0.981	0.986	0.973	0.98	0.964	0.948	0.957	0.958	0.952	0.938	0.947	0.929	0.93	0.902	0.874	0.886	0.838	0.85	0.83	0.809	0.8	0.774	0.737	0.679	0.682	0.69	0.63	0.605	0.575	0.52	0.519	0.479	0.452	0.385	0.372	0.372	0.3	0.275	0.238	0.233	0.202	0.162	0.14	0.129	0.119	0.102	0.071	0.059	0.053	0.041	0.034	0.033	0.015	0.024	0.014	
1	1	1	1	1	1	1	1	1	1	1	1	1	1	1	1	1	1	1	1	1	1	1	1	1	1	1	1	1	1	1	1	1	1	1	1	1	1	1	1	1	1	0.999	0.998	1	1	1	0.998	0.999	0.999	1	0.998	0.998	0.996	0.997	0.993	0.998	0.99	0.993	0.995	0.987	0.995	0.984	0.989	0.982	0.983	0.984	0.986	0.981	0.983	0.975	0.972	0.955	0.966	0.968	0.951	0.951	0.949	0.948	0.95	0.928	0.943	0.94	0.905	0.926	0.921	0.924	0.915	0.897	0.898	0.886	0.896	0.893	0.867	0.876	0.883	0.88	0.888	0.87	0.862	
1	1	1	0.999	0.998	1	0.997	0.999	0.996	0.998	0.997	0.985	0.986	0.983	0.987	0.983	0.976	0.967	0.958	0.953	0.94	0.941	0.937	0.913	0.928	0.919	0.895	0.914	0.879	0.886	0.877	0.854	0.853	0.854	0.84	0.83	0.808	0.799	0.777	0.778	0.761	0.745	0.75	0.7	0.727	0.693	0.657	0.669	0.675	0.647	0.634	0.616	0.584	0.6	0.576	0.573	0.552	0.528	0.514	0.472	0.482	0.45	0.452	0.43	0.405	0.379	0.366	0.36	0.324	0.311	0.311	0.276	0.25	0.223	0.214	0.194	0.211	0.174	0.149	0.146	0.145	0.119	0.126	0.085	0.094	0.075	0.082	0.065	0.058	0.044	0.04	0.05	0.032	0.03	0.025	0.016	0.009	0.007	0.01	0.007	
1	1	1	1	1	1	1	1	1	1	1	1	1	1	1	1	1	1	1	1	1	1	1	1	1	1	1	1	1	1	1	1	1	1	1	1	1	0.997	0.999	0.994	0.994	0.994	0.99	0.981	0.976	0.974	0.953	0.951	0.934	0.915	0.885	0.874	0.878	0.857	0.834	0.789	0.759	0.761	0.729	0.661	0.631	0.588	0.558	0.53	0.47	0.504	0.453	0.402	0.378	0.373	0.337	0.29	0.276	0.271	0.245	0.256	0.216	0.19	0.191	0.164	0.129	0.144	0.106	0.114	0.096	0.084	0.06	0.056	0.056	0.037	0.039	0.041	0.027	0.024	0.016	0.011	0.01	0.011	0.007	0.004	
1	1	1	0.999	0.999	0.997	0.997	0.996	0.995	0.991	0.978	0.974	0.967	0.956	0.951	0.932	0.898	0.908	0.873	0.878	0.842	0.8	0.782	0.775	0.732	0.721	0.695	0.684	0.644	0.648	0.606	0.541	0.558	0.526	0.539	0.507	0.474	0.428	0.451	0.409	0.367	0.369	0.352	0.313	0.317	0.27	0.293	0.244	0.207	0.227	0.209	0.176	0.173	0.154	0.151	0.139	0.138	0.111	0.098	0.106	0.096	0.075	0.082	0.084	0.064	0.065	0.046	0.039	0.06	0.055	0.044	0.03	0.041	0.041	0.027	0.028	0.036	0.033	0.035	0.034	0.031	0.018	0.029	0.021	0.013	0.025	0.029	0.017	0.013	0.018	0.011	0.018	0.016	0.009	0.019	0.008	0.01	0.011	0.012	0.006	
1	1	1	1	1	1	1	1	1	1	1	1	1	1	1	1	1	1	1	1	1	1	1	1	1	1	1	0.999	1	1	1	1	0.999	1	1	0.999	0.999	0.997	0.999	0.999	0.996	0.997	0.996	0.995	0.994	0.992	0.996	0.99	0.991	0.995	0.985	0.989	0.982	0.973	0.978	0.977	0.96	0.953	0.951	0.945	0.927	0.931	0.924	0.911	0.894	0.901	0.882	0.876	0.867	0.832	0.792	0.793	0.784	0.754	0.756	0.715	0.695	0.658	0.626	0.625	0.612	0.562	0.534	0.489	0.455	0.449	0.433	0.39	0.386	0.352	0.332	0.286	0.275	0.247	0.218	0.21	0.163	0.165	0.13	0.132	
1	1	1	1	1	1	1	1	1	1	1	1	1	1	1	1	1	1	1	1	1	0.999	0.999	1	1	1	1	0.999	1	0.998	1	0.996	1	0.994	0.993	0.998	0.993	0.99	0.991	0.988	0.991	0.988	0.983	0.981	0.976	0.981	0.979	0.973	0.971	0.971	0.97	0.965	0.969	0.939	0.936	0.953	0.947	0.923	0.944	0.929	0.919	0.923	0.915	0.897	0.886	0.881	0.886	0.867	0.869	0.855	0.864	0.835	0.837	0.827	0.816	0.81	0.809	0.784	0.795	0.775	0.774	0.751	0.751	0.762	0.722	0.741	0.712	0.717	0.748	0.734	0.723	0.716	0.715	0.687	0.711	0.693	0.685	0.693	0.682	0.683	
1	1	1	1	1	0.999	1	0.997	0.997	0.996	0.995	0.992	0.994	0.983	0.983	0.979	0.974	0.955	0.968	0.94	0.931	0.916	0.91	0.881	0.869	0.871	0.858	0.84	0.815	0.8	0.771	0.774	0.739	0.738	0.714	0.673	0.669	0.643	0.603	0.59	0.597	0.584	0.527	0.535	0.515	0.465	0.458	0.43	0.419	0.395	0.39	0.343	0.323	0.326	0.313	0.326	0.269	0.257	0.239	0.238	0.218	0.2	0.186	0.188	0.177	0.171	0.122	0.117	0.131	0.116	0.102	0.095	0.098	0.096	0.085	0.06	0.069	0.073	0.057	0.047	0.042	0.039	0.036	0.033	0.033	0.03	0.02	0.018	0.019	0.009	0.017	0.013	0.005	0.011	0.008	0.005	0.007	0.006	0.004	0.008	
0.984	0.983	0.978	0.968	0.974	0.944	0.955	0.928	0.92	0.916	0.901	0.885	0.9	0.861	0.874	0.849	0.842	0.812	0.821	0.789	0.797	0.764	0.748	0.737	0.741	0.72	0.729	0.716	0.692	0.696	0.668	0.663	0.671	0.645	0.634	0.624	0.599	0.599	0.604	0.57	0.567	0.55	0.535	0.541	0.549	0.528	0.532	0.517	0.484	0.501	0.46	0.432	0.442	0.428	0.406	0.389	0.384	0.374	0.404	0.391	0.35	0.361	0.34	0.301	0.312	0.287	0.258	0.261	0.249	0.246	0.226	0.218	0.194	0.197	0.176	0.188	0.148	0.162	0.143	0.131	0.143	0.124	0.112	0.106	0.092	0.098	0.073	0.079	0.077	0.065	0.058	0.069	0.042	0.041	0.042	0.031	0.028	0.028	0.024	0.013	
1	1	1	1	1	1	1	1	1	1	1	1	1	1	1	1	1	1	1	1	1	1	1	1	1	1	1	1	0.999	0.996	1	0.999	0.998	0.998	1	0.999	0.999	0.996	0.995	0.999	0.993	0.998	0.994	0.993	0.992	0.985	0.99	0.979	0.974	0.973	0.973	0.969	0.963	0.945	0.944	0.936	0.917	0.907	0.906	0.885	0.87	0.853	0.844	0.823	0.799	0.779	0.758	0.748	0.719	0.705	0.676	0.626	0.644	0.637	0.538	0.541	0.509	0.486	0.429	0.454	0.429	0.386	0.346	0.328	0.313	0.271	0.243	0.242	0.198	0.183	0.177	0.156	0.152	0.149	0.126	0.093	0.101	0.09	0.061	0.066	
1	1	1	1	1	1	1	1	1	1	1	1	1	1	1	1	1	1	1	1	1	1	1	1	1	1	1	1	1	1	1	1	1	1	1	1	1	1	1	1	1	1	0.998	0.999	1	0.998	1	1	1	1	1	1	0.998	0.998	0.999	0.998	0.997	0.995	0.998	0.999	0.993	0.991	0.991	0.987	0.991	0.991	0.988	0.988	0.99	0.982	0.988	0.979	0.977	0.977	0.962	0.973	0.962	0.951	0.946	0.944	0.928	0.928	0.928	0.919	0.894	0.896	0.869	0.886	0.888	0.831	0.863	0.804	0.828	0.822	0.804	0.751	0.742	0.72	0.686	0.68	
0.83	0.854	0.839	0.829	0.812	0.843	0.8	0.793	0.804	0.815	0.777	0.786	0.764	0.768	0.758	0.756	0.74	0.718	0.741	0.726	0.738	0.739	0.727	0.696	0.716	0.709	0.706	0.717	0.708	0.702	0.685	0.666	0.678	0.679	0.666	0.676	0.65	0.624	0.638	0.611	0.617	0.605	0.572	0.581	0.567	0.549	0.503	0.545	0.514	0.518	0.451	0.488	0.458	0.416	0.392	0.391	0.362	0.352	0.314	0.294	0.326	0.287	0.308	0.271	0.229	0.25	0.224	0.215	0.211	0.18	0.179	0.15	0.105	0.11	0.115	0.094	0.123	0.085	0.059	0.064	0.053	0.048	0.044	0.044	0.034	0.035	0.031	0.025	0.012	0.014	0.014	0.017	0.005	0.008	0.007	0.009	0.003	0	0.005	0.005	
1	1	1	1	1	1	1	1	1	0.998	1	0.999	0.999	0.998	0.997	0.995	0.992	0.987	0.99	0.992	0.982	0.982	0.973	0.966	0.966	0.96	0.954	0.946	0.946	0.932	0.922	0.939	0.914	0.896	0.9	0.898	0.888	0.877	0.865	0.866	0.861	0.859	0.888	0.84	0.849	0.853	0.817	0.822	0.822	0.805	0.77	0.772	0.778	0.772	0.766	0.734	0.724	0.729	0.74	0.71	0.702	0.7	0.671	0.646	0.633	0.637	0.604	0.567	0.567	0.546	0.555	0.515	0.522	0.481	0.468	0.46	0.419	0.448	0.38	0.386	0.373	0.354	0.331	0.323	0.283	0.281	0.257	0.238	0.23	0.21	0.177	0.195	0.145	0.144	0.12	0.096	0.086	0.076	0.077	0.052	
0.64	0.575	0.575	0.548	0.545	0.473	0.485	0.461	0.424	0.428	0.441	0.393	0.355	0.352	0.361	0.345	0.313	0.321	0.296	0.279	0.289	0.232	0.241	0.243	0.256	0.212	0.227	0.214	0.191	0.217	0.247	0.213	0.197	0.196	0.181	0.173	0.177	0.18	0.182	0.178	0.185	0.171	0.179	0.185	0.185	0.207	0.202	0.207	0.212	0.196	0.223	0.207	0.211	0.23	0.252	0.223	0.252	0.251	0.233	0.272	0.249	0.264	0.273	0.284	0.284	0.296	0.298	0.314	0.309	0.336	0.345	0.343	0.385	0.359	0.384	0.359	0.387	0.404	0.403	0.419	0.434	0.424	0.436	0.459	0.42	0.45	0.466	0.476	0.471	0.498	0.478	0.487	0.507	0.509	0.514	0.503	0.541	0.524	0.525	0.529	
0.482	0.45	0.418	0.404	0.393	0.376	0.347	0.346	0.282	0.294	0.287	0.266	0.251	0.235	0.224	0.198	0.184	0.206	0.209	0.179	0.191	0.161	0.154	0.14	0.134	0.144	0.141	0.147	0.132	0.137	0.131	0.119	0.122	0.117	0.126	0.105	0.105	0.133	0.122	0.1	0.113	0.104	0.113	0.097	0.109	0.117	0.107	0.105	0.092	0.1	0.091	0.088	0.107	0.104	0.081	0.075	0.083	0.104	0.084	0.108	0.101	0.096	0.092	0.085	0.083	0.083	0.092	0.067	0.074	0.077	0.069	0.058	0.074	0.062	0.06	0.043	0.077	0.056	0.058	0.045	0.034	0.054	0.033	0.037	0.03	0.041	0.027	0.034	0.037	0.029	0.028	0.025	0.023	0.013	0.017	0.016	0.016	0.015	0.012	0.009	
1	1	1	1	1	1	1	1	1	1	1	1	1	1	1	1	1	1	1	1	1	1	1	1	1	1	1	1	1	1	1	1	1	1	1	0.999	1	1	1	0.999	0.998	0.999	0.995	0.992	0.996	0.997	0.998	0.993	0.993	0.991	0.974	0.98	0.98	0.967	0.963	0.961	0.959	0.952	0.953	0.939	0.932	0.917	0.928	0.906	0.901	0.887	0.884	0.89	0.851	0.842	0.838	0.818	0.811	0.799	0.772	0.804	0.783	0.745	0.757	0.732	0.724	0.733	0.709	0.702	0.706	0.687	0.685	0.654	0.653	0.639	0.652	0.634	0.646	0.607	0.607	0.596	0.583	0.599	0.583	0.607	
1	1	1	1	1	1	1	1	1	1	1	1	1	1	1	1	1	1	1	1	1	1	1	1	0.999	0.999	0.999	1	0.999	0.996	0.996	0.999	0.996	0.994	0.993	0.996	0.995	0.987	0.992	0.99	0.992	0.984	0.984	0.986	0.961	0.978	0.969	0.98	0.974	0.955	0.965	0.96	0.957	0.963	0.955	0.944	0.942	0.927	0.928	0.929	0.916	0.906	0.908	0.903	0.911	0.89	0.884	0.883	0.893	0.874	0.86	0.851	0.838	0.85	0.82	0.793	0.795	0.807	0.783	0.769	0.745	0.739	0.735	0.69	0.675	0.679	0.647	0.636	0.605	0.587	0.562	0.532	0.541	0.523	0.506	0.474	0.445	0.404	0.404	0.374	
1	1	1	1	1	1	1	1	1	1	1	1	1	1	1	1	1	1	1	1	1	1	1	0.999	0.998	0.998	0.999	0.999	0.997	0.998	0.995	0.992	0.986	0.994	0.987	0.978	0.98	0.969	0.972	0.957	0.966	0.955	0.947	0.943	0.932	0.915	0.916	0.902	0.886	0.875	0.861	0.87	0.86	0.853	0.811	0.829	0.809	0.772	0.786	0.784	0.749	0.734	0.71	0.708	0.688	0.65	0.668	0.669	0.635	0.636	0.605	0.604	0.579	0.58	0.562	0.53	0.498	0.495	0.488	0.464	0.43	0.439	0.392	0.38	0.365	0.346	0.338	0.339	0.321	0.28	0.26	0.249	0.243	0.231	0.204	0.208	0.18	0.186	0.158	0.137	
1	1	1	1	1	1	1	1	1	1	1	1	1	1	1	1	1	1	1	1	1	1	1	1	1	1	1	1	1	1	1	1	1	1	1	1	1	1	1	1	1	1	1	1	1	0.999	1	1	1	1	1	1	0.999	1	1	0.999	0.999	0.999	1	0.998	0.995	0.995	0.993	0.995	0.996	0.992	0.992	0.991	0.981	0.983	0.982	0.975	0.962	0.962	0.952	0.962	0.961	0.946	0.939	0.947	0.91	0.909	0.9	0.873	0.841	0.876	0.825	0.792	0.809	0.785	0.746	0.745	0.736	0.677	0.662	0.615	0.594	0.563	0.536	0.515	
0.999	1	0.992	0.99	0.991	0.989	0.989	0.985	0.985	0.971	0.977	0.965	0.962	0.962	0.956	0.939	0.936	0.937	0.936	0.915	0.896	0.883	0.884	0.871	0.862	0.854	0.838	0.841	0.798	0.783	0.769	0.761	0.717	0.737	0.712	0.675	0.658	0.624	0.601	0.604	0.577	0.544	0.541	0.522	0.473	0.475	0.472	0.475	0.435	0.404	0.406	0.375	0.373	0.357	0.322	0.339	0.302	0.276	0.27	0.259	0.259	0.218	0.202	0.173	0.177	0.171	0.16	0.148	0.146	0.12	0.115	0.105	0.094	0.073	0.062	0.07	0.06	0.062	0.052	0.038	0.046	0.028	0.031	0.03	0.022	0.019	0.012	0.013	0.011	0.015	0.008	0.008	0.003	0.006	0.006	0.002	0	0.001	0.003	0	
1	1	1	1	1	1	1	1	1	1	1	1	1	1	1	1	1	1	1	1	1	1	1	1	1	1	1	1	1	1	1	1	1	0.996	0.997	0.994	0.996	0.997	0.992	0.988	0.993	0.989	0.994	0.981	0.973	0.973	0.972	0.957	0.952	0.936	0.928	0.927	0.917	0.909	0.89	0.854	0.854	0.846	0.846	0.783	0.783	0.766	0.747	0.728	0.7	0.658	0.674	0.642	0.644	0.576	0.538	0.532	0.482	0.468	0.433	0.394	0.395	0.373	0.325	0.317	0.269	0.266	0.243	0.217	0.185	0.188	0.158	0.148	0.104	0.117	0.081	0.085	0.077	0.058	0.053	0.058	0.042	0.04	0.033	0.027	
1	1	1	1	1	1	1	1	1	0.999	1	1	1	0.999	1	1	1	0.998	1	1	0.998	0.997	0.999	0.999	0.994	0.996	0.991	0.992	0.99	0.99	0.992	0.984	0.98	0.978	0.974	0.976	0.972	0.966	0.977	0.969	0.948	0.946	0.941	0.94	0.937	0.93	0.907	0.918	0.907	0.906	0.923	0.884	0.897	0.902	0.88	0.857	0.858	0.848	0.843	0.825	0.823	0.806	0.8	0.8	0.795	0.8	0.746	0.753	0.778	0.739	0.723	0.707	0.707	0.7	0.687	0.66	0.657	0.645	0.669	0.661	0.642	0.634	0.635	0.61	0.604	0.583	0.545	0.527	0.567	0.559	0.533	0.531	0.512	0.52	0.515	0.492	0.507	0.489	0.482	0.518	
1	1	1	1	1	1	1	1	1	1	1	1	1	1	1	1	1	1	1	1	1	1	1	1	1	1	1	1	1	1	1	1	0.999	1	0.998	0.998	0.997	0.995	0.998	0.994	0.996	0.988	0.982	0.975	0.981	0.964	0.954	0.951	0.943	0.933	0.929	0.896	0.873	0.882	0.863	0.828	0.818	0.797	0.778	0.762	0.705	0.68	0.657	0.645	0.595	0.575	0.546	0.522	0.498	0.458	0.405	0.391	0.356	0.329	0.295	0.298	0.257	0.243	0.223	0.217	0.204	0.146	0.147	0.134	0.121	0.118	0.098	0.078	0.064	0.056	0.042	0.042	0.026	0.028	0.02	0.015	0.018	0.017	0.008	0.007	
1	1	1	1	1	1	1	1	1	1	1	1	1	1	1	1	1	1	1	1	1	1	1	1	1	1	1	0.998	1	0.999	1	0.999	1	0.997	0.999	0.998	0.999	0.994	0.996	0.996	0.996	0.996	0.99	0.992	0.992	0.985	0.987	0.993	0.984	0.979	0.982	0.973	0.97	0.967	0.96	0.963	0.957	0.952	0.961	0.94	0.944	0.93	0.919	0.923	0.917	0.908	0.892	0.881	0.856	0.848	0.831	0.856	0.812	0.812	0.798	0.785	0.781	0.767	0.755	0.74	0.731	0.698	0.683	0.695	0.656	0.666	0.616	0.613	0.601	0.595	0.567	0.553	0.538	0.529	0.52	0.491	0.456	0.477	0.442	0.472	
1	1	1	1	1	1	1	1	1	1	1	1	1	1	1	1	1	1	1	1	1	1	1	1	1	1	1	1	1	1	1	1	1	1	1	1	1	1	1	1	0.999	0.999	1	1	1	0.998	0.997	0.996	0.997	0.991	0.992	0.987	0.983	0.98	0.979	0.959	0.963	0.962	0.931	0.916	0.911	0.92	0.892	0.852	0.872	0.86	0.81	0.796	0.76	0.755	0.707	0.68	0.693	0.616	0.607	0.569	0.538	0.489	0.454	0.434	0.409	0.397	0.339	0.324	0.275	0.247	0.235	0.212	0.184	0.145	0.148	0.129	0.104	0.063	0.073	0.056	0.042	0.039	0.033	0.021	
1	1	1	1	1	1	1	1	1	0.999	1	1	1	1	0.999	0.998	0.997	0.996	0.992	0.994	0.997	0.99	0.991	0.986	0.983	0.968	0.981	0.959	0.961	0.945	0.942	0.926	0.935	0.916	0.914	0.888	0.863	0.849	0.836	0.84	0.805	0.779	0.748	0.767	0.762	0.715	0.723	0.692	0.664	0.669	0.65	0.629	0.642	0.613	0.586	0.572	0.559	0.543	0.539	0.553	0.479	0.499	0.469	0.484	0.46	0.475	0.436	0.424	0.393	0.405	0.411	0.424	0.372	0.385	0.376	0.359	0.374	0.355	0.347	0.343	0.345	0.353	0.349	0.351	0.36	0.351	0.29	0.325	0.336	0.34	0.342	0.357	0.331	0.318	0.336	0.339	0.33	0.349	0.363	0.337	
1	1	1	1	1	1	1	1	1	1	1	1	1	1	1	1	1	1	1	1	1	1	1	1	1	1	1	1	1	0.999	1	1	1	1	0.999	1	1	1	0.998	0.995	0.998	0.998	0.999	0.996	0.991	0.993	0.993	0.991	0.982	0.988	0.98	0.98	0.975	0.967	0.963	0.959	0.957	0.945	0.95	0.94	0.93	0.94	0.919	0.909	0.906	0.904	0.879	0.872	0.858	0.858	0.844	0.804	0.841	0.812	0.789	0.759	0.764	0.775	0.77	0.759	0.712	0.713	0.683	0.686	0.678	0.661	0.642	0.646	0.606	0.584	0.574	0.573	0.571	0.534	0.52	0.486	0.464	0.44	0.438	0.427	
1	1	1	1	1	1	1	1	1	1	1	1	1	1	1	1	0.998	0.999	1	1	0.999	0.999	0.998	0.996	0.997	0.993	0.991	0.984	0.985	0.978	0.98	0.97	0.96	0.949	0.953	0.942	0.939	0.918	0.933	0.912	0.902	0.906	0.874	0.853	0.859	0.844	0.829	0.797	0.791	0.794	0.763	0.738	0.752	0.72	0.701	0.7	0.693	0.67	0.655	0.607	0.617	0.591	0.581	0.568	0.55	0.544	0.512	0.508	0.482	0.456	0.459	0.44	0.407	0.414	0.403	0.405	0.336	0.325	0.334	0.301	0.308	0.28	0.257	0.24	0.256	0.228	0.212	0.209	0.186	0.205	0.157	0.186	0.138	0.152	0.136	0.114	0.104	0.105	0.089	0.078	
0.896	0.906	0.889	0.875	0.88	0.889	0.869	0.858	0.851	0.857	0.837	0.842	0.837	0.811	0.836	0.804	0.802	0.797	0.793	0.764	0.791	0.782	0.769	0.771	0.744	0.728	0.708	0.692	0.697	0.715	0.671	0.681	0.674	0.681	0.661	0.631	0.627	0.621	0.594	0.593	0.591	0.605	0.568	0.576	0.573	0.539	0.538	0.555	0.559	0.546	0.534	0.525	0.539	0.552	0.534	0.517	0.536	0.517	0.521	0.501	0.514	0.498	0.512	0.481	0.543	0.495	0.488	0.512	0.506	0.454	0.497	0.504	0.476	0.497	0.509	0.49	0.522	0.503	0.492	0.493	0.501	0.495	0.517	0.529	0.527	0.486	0.553	0.51	0.514	0.526	0.524	0.566	0.553	0.587	0.578	0.596	0.6	0.597	0.621	0.607	
1	1	1	1	1	1	1	0.999	1	0.998	0.999	0.999	0.998	0.999	0.989	0.994	0.983	0.983	0.981	0.976	0.967	0.966	0.956	0.961	0.948	0.953	0.935	0.92	0.915	0.901	0.904	0.894	0.873	0.882	0.881	0.854	0.853	0.837	0.809	0.797	0.793	0.793	0.774	0.739	0.754	0.694	0.706	0.703	0.68	0.659	0.622	0.617	0.623	0.593	0.563	0.543	0.542	0.501	0.524	0.49	0.481	0.473	0.472	0.393	0.419	0.401	0.414	0.368	0.376	0.353	0.337	0.347	0.323	0.309	0.314	0.325	0.281	0.287	0.282	0.273	0.258	0.263	0.258	0.246	0.252	0.251	0.278	0.228	0.233	0.219	0.225	0.231	0.229	0.254	0.218	0.263	0.257	0.234	0.247	0.286	
1	1	1	1	1	1	1	1	1	1	1	1	1	1	1	1	1	1	1	1	1	1	1	1	1	1	1	1	1	0.999	1	0.999	0.999	0.997	0.994	0.993	0.995	0.992	0.993	0.989	0.99	0.98	0.98	0.978	0.969	0.96	0.947	0.959	0.952	0.941	0.93	0.936	0.917	0.907	0.906	0.887	0.882	0.86	0.843	0.851	0.819	0.825	0.795	0.793	0.76	0.755	0.744	0.734	0.726	0.692	0.672	0.695	0.641	0.656	0.603	0.6	0.615	0.596	0.573	0.572	0.552	0.554	0.537	0.501	0.494	0.508	0.494	0.488	0.481	0.473	0.489	0.471	0.438	0.485	0.422	0.445	0.426	0.449	0.44	0.437	
1	1	1	1	1	1	1	1	1	1	0.998	0.999	1	0.998	0.999	1	0.997	0.996	0.995	0.992	0.993	0.992	0.99	0.988	0.979	0.978	0.975	0.971	0.968	0.968	0.949	0.961	0.949	0.913	0.937	0.923	0.916	0.893	0.889	0.859	0.862	0.85	0.802	0.788	0.742	0.714	0.716	0.681	0.673	0.625	0.593	0.545	0.527	0.48	0.453	0.437	0.41	0.393	0.353	0.314	0.336	0.281	0.24	0.219	0.194	0.188	0.152	0.124	0.122	0.105	0.095	0.069	0.068	0.049	0.051	0.053	0.031	0.028	0.017	0.014	0.014	0.011	0.008	0.008	0.006	0.004	0.003	0.001	0.004	0.005	0.001	0	0	0	0	0	0	0	0	0	
1	1	1	1	1	1	1	1	1	1	1	1	1	1	1	1	1	1	1	1	1	1	1	1	1	1	1	1	1	1	1	0.999	1	1	1	1	0.998	0.999	0.99	0.999	0.989	0.979	0.988	0.979	0.98	0.961	0.959	0.96	0.943	0.936	0.908	0.892	0.897	0.866	0.845	0.82	0.811	0.794	0.795	0.736	0.688	0.687	0.679	0.639	0.618	0.573	0.562	0.554	0.491	0.479	0.446	0.417	0.399	0.356	0.351	0.339	0.287	0.27	0.229	0.209	0.188	0.184	0.135	0.128	0.119	0.122	0.124	0.096	0.066	0.059	0.064	0.057	0.029	0.029	0.023	0.026	0.023	0.018	0.017	0.011	
0.999	0.997	0.999	0.998	0.998	0.991	0.994	0.987	0.987	0.983	0.974	0.956	0.959	0.956	0.953	0.935	0.914	0.92	0.897	0.884	0.873	0.856	0.841	0.819	0.798	0.788	0.804	0.728	0.731	0.658	0.669	0.678	0.651	0.617	0.604	0.577	0.57	0.546	0.517	0.506	0.52	0.446	0.464	0.404	0.402	0.375	0.377	0.351	0.332	0.335	0.296	0.296	0.284	0.252	0.272	0.249	0.254	0.209	0.187	0.2	0.164	0.172	0.155	0.165	0.145	0.149	0.157	0.123	0.137	0.127	0.105	0.094	0.096	0.08	0.096	0.09	0.079	0.072	0.075	0.059	0.057	0.071	0.057	0.052	0.055	0.058	0.039	0.038	0.032	0.039	0.027	0.035	0.034	0.027	0.022	0.025	0.02	0.021	0.02	0.016	
1	1	1	1	1	1	1	1	1	1	1	1	1	1	1	1	1	1	1	1	1	1	1	1	1	1	0.999	0.999	1	0.998	0.997	0.998	0.999	1	1	0.998	0.997	1	0.998	0.999	0.995	0.993	0.992	0.986	0.992	0.991	0.988	0.996	0.984	0.99	0.986	0.982	0.976	0.982	0.981	0.979	0.98	0.967	0.967	0.974	0.955	0.972	0.965	0.961	0.952	0.955	0.954	0.944	0.95	0.941	0.935	0.93	0.924	0.936	0.929	0.924	0.904	0.902	0.901	0.896	0.866	0.889	0.885	0.848	0.868	0.844	0.859	0.824	0.81	0.797	0.799	0.78	0.763	0.75	0.737	0.704	0.72	0.697	0.69	0.648	
1	1	1	1	1	1	1	1	1	1	1	1	1	0.998	1	1	0.997	0.995	0.994	0.997	0.992	0.987	0.976	0.976	0.965	0.979	0.968	0.943	0.943	0.931	0.906	0.916	0.9	0.889	0.874	0.866	0.847	0.826	0.818	0.784	0.783	0.775	0.737	0.723	0.69	0.656	0.675	0.631	0.649	0.597	0.59	0.547	0.555	0.506	0.499	0.495	0.428	0.446	0.43	0.395	0.391	0.376	0.335	0.348	0.324	0.309	0.256	0.262	0.251	0.253	0.214	0.209	0.209	0.189	0.193	0.154	0.143	0.156	0.151	0.158	0.118	0.136	0.128	0.109	0.102	0.139	0.112	0.125	0.126	0.114	0.096	0.092	0.102	0.104	0.099	0.102	0.124	0.098	0.097	0.124	
1	0.999	1	0.999	1	1	1	0.999	0.998	0.996	0.996	0.996	0.998	0.995	0.983	0.991	0.982	0.979	0.977	0.978	0.964	0.967	0.954	0.963	0.941	0.942	0.918	0.928	0.923	0.897	0.884	0.869	0.873	0.857	0.861	0.851	0.827	0.8	0.799	0.781	0.763	0.758	0.736	0.726	0.672	0.664	0.663	0.645	0.61	0.607	0.592	0.54	0.561	0.495	0.476	0.451	0.427	0.406	0.389	0.386	0.351	0.34	0.332	0.27	0.286	0.269	0.222	0.208	0.189	0.179	0.151	0.16	0.138	0.103	0.114	0.118	0.107	0.086	0.071	0.065	0.053	0.047	0.04	0.039	0.038	0.032	0.029	0.022	0.013	0.028	0.016	0.011	0.009	0.009	0.004	0.008	0.003	0.003	0.002	0.002	
1	1	1	1	1	1	1	1	1	1	1	1	1	1	1	1	1	1	1	1	1	1	1	1	1	1	0.999	1	0.998	0.999	0.997	0.998	0.994	0.994	0.998	0.995	0.995	0.994	0.989	0.994	0.986	0.99	0.98	0.973	0.982	0.968	0.961	0.975	0.966	0.975	0.963	0.954	0.951	0.955	0.952	0.947	0.923	0.917	0.922	0.897	0.891	0.875	0.871	0.886	0.856	0.859	0.855	0.828	0.829	0.822	0.803	0.805	0.776	0.775	0.764	0.763	0.742	0.724	0.701	0.719	0.664	0.651	0.667	0.652	0.606	0.62	0.573	0.539	0.513	0.518	0.491	0.496	0.448	0.446	0.415	0.394	0.397	0.353	0.3	0.309	
1	1	1	1	1	1	1	1	1	1	1	1	1	1	1	1	1	1	1	1	1	1	1	0.999	1	1	1	1	1	0.999	0.999	0.999	1	0.998	0.996	0.995	0.997	0.997	0.994	0.993	0.986	0.99	0.98	0.983	0.982	0.983	0.972	0.979	0.967	0.963	0.962	0.958	0.959	0.951	0.944	0.937	0.932	0.913	0.911	0.902	0.894	0.897	0.86	0.853	0.87	0.843	0.836	0.812	0.785	0.799	0.794	0.758	0.764	0.706	0.714	0.718	0.7	0.657	0.669	0.606	0.615	0.613	0.582	0.549	0.542	0.536	0.499	0.458	0.459	0.423	0.386	0.389	0.358	0.316	0.308	0.32	0.276	0.277	0.243	0.217	
1	1	1	1	1	1	1	0.999	1	1	1	0.999	1	1	1	0.999	1	1	0.995	0.994	0.992	0.994	0.994	0.99	0.995	0.988	0.986	0.983	0.977	0.983	0.971	0.969	0.963	0.96	0.959	0.953	0.945	0.953	0.914	0.931	0.942	0.909	0.891	0.912	0.888	0.86	0.871	0.874	0.862	0.837	0.854	0.82	0.805	0.832	0.791	0.78	0.777	0.74	0.777	0.731	0.733	0.718	0.714	0.727	0.707	0.686	0.681	0.678	0.652	0.664	0.645	0.628	0.627	0.623	0.571	0.571	0.583	0.571	0.57	0.552	0.542	0.547	0.545	0.508	0.537	0.529	0.502	0.514	0.528	0.505	0.545	0.523	0.479	0.454	0.485	0.484	0.488	0.466	0.47	0.484	
1	1	1	0.999	0.999	1	0.999	0.999	0.998	0.994	0.992	0.992	0.99	0.99	0.984	0.983	0.983	0.985	0.982	0.972	0.982	0.971	0.974	0.971	0.964	0.962	0.954	0.946	0.948	0.954	0.932	0.949	0.94	0.915	0.927	0.923	0.923	0.903	0.893	0.928	0.902	0.896	0.893	0.9	0.879	0.881	0.873	0.87	0.878	0.855	0.869	0.846	0.843	0.86	0.849	0.841	0.822	0.822	0.805	0.806	0.809	0.799	0.793	0.783	0.754	0.761	0.769	0.732	0.735	0.734	0.709	0.695	0.684	0.668	0.653	0.652	0.625	0.608	0.581	0.563	0.559	0.509	0.509	0.492	0.455	0.423	0.438	0.413	0.401	0.35	0.342	0.309	0.294	0.305	0.257	0.256	0.23	0.226	0.193	0.175	
1	1	1	1	1	1	1	1	1	1	1	1	1	1	1	1	1	1	1	1	1	1	1	1	1	1	1	1	1	1	1	1	1	1	1	1	0.999	1	1	0.998	1	0.998	0.997	0.993	0.997	0.993	0.989	0.991	0.988	0.984	0.972	0.977	0.97	0.958	0.954	0.947	0.957	0.951	0.924	0.9	0.893	0.888	0.885	0.873	0.84	0.831	0.802	0.783	0.785	0.759	0.735	0.701	0.652	0.654	0.608	0.578	0.545	0.518	0.482	0.489	0.418	0.409	0.372	0.335	0.304	0.318	0.269	0.264	0.22	0.215	0.17	0.149	0.14	0.132	0.118	0.115	0.08	0.08	0.059	0.062	
0.998	0.991	0.986	0.988	0.984	0.975	0.967	0.945	0.921	0.923	0.893	0.883	0.843	0.842	0.801	0.793	0.782	0.762	0.745	0.671	0.703	0.657	0.606	0.599	0.597	0.564	0.552	0.541	0.475	0.526	0.48	0.443	0.429	0.426	0.406	0.362	0.339	0.343	0.344	0.304	0.293	0.315	0.284	0.275	0.279	0.246	0.245	0.246	0.221	0.237	0.22	0.183	0.216	0.193	0.195	0.166	0.185	0.158	0.16	0.154	0.153	0.159	0.125	0.145	0.122	0.132	0.11	0.121	0.11	0.11	0.114	0.087	0.085	0.078	0.092	0.071	0.078	0.073	0.073	0.069	0.055	0.047	0.064	0.051	0.048	0.038	0.042	0.029	0.042	0.026	0.032	0.035	0.021	0.035	0.025	0.02	0.02	0.011	0.016	0.013	
1	1	1	1	1	1	1	1	1	1	1	1	1	1	1	1	1	1	1	1	1	1	1	0.999	1	0.999	1	1	0.999	0.999	1	1	0.998	0.998	0.993	0.998	0.996	0.999	0.99	0.994	0.991	0.988	0.982	0.983	0.981	0.971	0.971	0.963	0.962	0.94	0.938	0.932	0.923	0.904	0.927	0.901	0.882	0.873	0.883	0.835	0.86	0.868	0.821	0.823	0.795	0.799	0.761	0.748	0.742	0.777	0.735	0.728	0.696	0.7	0.706	0.679	0.664	0.671	0.666	0.631	0.591	0.616	0.607	0.636	0.609	0.558	0.59	0.563	0.601	0.579	0.556	0.551	0.549	0.56	0.536	0.539	0.538	0.541	0.511	0.54	
1	1	1	1	1	1	1	1	1	1	1	1	1	1	1	1	1	1	1	1	1	1	1	1	1	1	0.999	0.999	0.997	0.998	0.999	0.997	0.994	0.992	0.989	0.989	0.986	0.99	0.972	0.978	0.981	0.972	0.97	0.966	0.953	0.958	0.947	0.943	0.934	0.912	0.914	0.92	0.896	0.89	0.869	0.866	0.866	0.837	0.809	0.823	0.795	0.776	0.738	0.768	0.741	0.728	0.715	0.667	0.659	0.65	0.629	0.608	0.597	0.543	0.529	0.507	0.461	0.477	0.428	0.409	0.422	0.4	0.344	0.322	0.304	0.29	0.25	0.268	0.235	0.197	0.197	0.162	0.151	0.143	0.121	0.129	0.104	0.098	0.085	0.084	
1	1	1	1	1	1	1	1	1	1	1	1	1	1	1	1	1	1	1	1	1	1	1	1	1	1	1	1	1	1	1	1	1	1	1	1	1	1	1	1	1	1	1	1	1	1	1	1	1	1	1	1	1	1	1	1	1	1	1	0.999	1	0.996	0.998	0.997	0.997	0.998	0.997	0.996	0.991	0.988	0.984	0.984	0.978	0.983	0.975	0.97	0.952	0.964	0.944	0.929	0.922	0.905	0.909	0.88	0.853	0.855	0.818	0.805	0.784	0.786	0.723	0.719	0.686	0.644	0.598	0.579	0.546	0.499	0.458	0.407	
1	1	1	1	1	1	1	1	1	1	1	1	1	1	1	1	1	1	1	1	1	1	1	1	1	1	1	1	1	1	1	1	0.999	0.999	0.997	0.993	0.999	0.998	0.994	0.99	0.989	0.979	0.978	0.976	0.965	0.958	0.958	0.933	0.945	0.922	0.905	0.902	0.896	0.877	0.847	0.804	0.788	0.781	0.738	0.718	0.653	0.679	0.626	0.635	0.584	0.561	0.486	0.478	0.471	0.382	0.372	0.343	0.308	0.266	0.231	0.211	0.169	0.159	0.134	0.118	0.109	0.066	0.069	0.058	0.048	0.046	0.021	0.017	0.011	0.01	0.008	0.007	0.005	0.002	0.001	0.006	0	0	0	0	
1	1	1	1	1	1	1	1	1	1	1	1	1	1	1	1	1	1	1	0.999	1	1	0.999	1	0.997	0.997	0.998	0.996	0.994	0.994	0.986	0.989	0.992	0.983	0.975	0.982	0.968	0.97	0.955	0.965	0.945	0.941	0.941	0.938	0.917	0.9	0.897	0.868	0.888	0.875	0.825	0.831	0.822	0.785	0.759	0.761	0.701	0.718	0.719	0.674	0.648	0.632	0.609	0.594	0.559	0.538	0.526	0.488	0.461	0.428	0.415	0.399	0.369	0.348	0.3	0.278	0.282	0.275	0.221	0.24	0.21	0.181	0.175	0.128	0.127	0.114	0.114	0.079	0.074	0.088	0.079	0.066	0.056	0.053	0.03	0.046	0.021	0.029	0.035	0.018	
0.999	0.997	0.999	0.995	0.992	0.987	0.983	0.971	0.969	0.969	0.943	0.93	0.931	0.919	0.923	0.904	0.886	0.874	0.863	0.856	0.836	0.842	0.839	0.818	0.825	0.798	0.786	0.747	0.742	0.725	0.716	0.711	0.691	0.688	0.698	0.626	0.651	0.624	0.611	0.581	0.601	0.573	0.582	0.557	0.562	0.539	0.529	0.48	0.482	0.462	0.511	0.455	0.426	0.393	0.371	0.415	0.367	0.367	0.358	0.347	0.312	0.366	0.311	0.305	0.302	0.31	0.273	0.264	0.273	0.232	0.245	0.223	0.216	0.186	0.184	0.199	0.179	0.175	0.179	0.174	0.145	0.159	0.152	0.127	0.113	0.116	0.12	0.116	0.09	0.107	0.078	0.073	0.08	0.077	0.065	0.063	0.052	0.045	0.044	0.039	
0.999	0.997	0.997	0.991	0.982	0.983	0.979	0.962	0.961	0.951	0.938	0.92	0.908	0.892	0.895	0.858	0.855	0.863	0.858	0.822	0.815	0.79	0.783	0.78	0.776	0.769	0.743	0.707	0.692	0.7	0.682	0.673	0.653	0.663	0.624	0.628	0.591	0.586	0.562	0.568	0.515	0.482	0.502	0.496	0.457	0.457	0.435	0.405	0.417	0.37	0.363	0.333	0.348	0.309	0.299	0.295	0.27	0.264	0.229	0.229	0.208	0.192	0.203	0.181	0.174	0.174	0.15	0.133	0.106	0.106	0.108	0.102	0.094	0.11	0.084	0.085	0.081	0.076	0.05	0.065	0.053	0.045	0.043	0.046	0.048	0.038	0.043	0.03	0.023	0.029	0.023	0.023	0.013	0.021	0.017	0.017	0.018	0.02	0.012	0.011	
1	0.999	0.999	1	0.999	1	1	1	0.999	0.999	1	0.999	1	0.999	0.996	1	0.998	0.997	0.999	0.995	0.998	0.996	0.997	0.993	0.993	0.997	0.993	0.997	0.989	0.99	0.988	0.99	0.99	0.986	0.982	0.986	0.976	0.979	0.971	0.982	0.968	0.966	0.974	0.96	0.953	0.971	0.963	0.955	0.95	0.95	0.939	0.935	0.925	0.917	0.909	0.894	0.898	0.9	0.875	0.852	0.857	0.849	0.829	0.838	0.79	0.779	0.79	0.761	0.719	0.695	0.709	0.668	0.667	0.62	0.602	0.563	0.573	0.542	0.523	0.484	0.448	0.436	0.426	0.401	0.368	0.343	0.313	0.284	0.255	0.264	0.254	0.207	0.209	0.178	0.146	0.142	0.15	0.127	0.1	0.092	
1	1	1	1	0.998	0.999	0.999	0.996	0.999	0.996	0.992	0.989	0.982	0.98	0.971	0.969	0.968	0.953	0.952	0.934	0.927	0.916	0.912	0.886	0.866	0.846	0.841	0.828	0.814	0.78	0.798	0.754	0.735	0.713	0.71	0.696	0.677	0.645	0.621	0.622	0.563	0.573	0.571	0.527	0.527	0.492	0.526	0.481	0.472	0.46	0.436	0.434	0.416	0.431	0.379	0.397	0.368	0.343	0.359	0.334	0.35	0.324	0.298	0.284	0.306	0.263	0.324	0.297	0.267	0.261	0.278	0.248	0.245	0.213	0.227	0.237	0.229	0.237	0.202	0.224	0.215	0.21	0.213	0.233	0.201	0.187	0.221	0.189	0.205	0.2	0.192	0.19	0.21	0.195	0.22	0.207	0.199	0.21	0.2	0.239	
1	1	1	1	1	1	1	1	1	1	1	1	1	1	1	1	1	1	1	1	1	1	1	1	1	1	0.999	0.999	1	1	1	0.999	1	1	0.998	0.999	0.996	0.998	0.994	0.996	0.993	0.989	0.994	0.976	0.986	0.976	0.983	0.977	0.962	0.967	0.96	0.953	0.938	0.923	0.921	0.915	0.905	0.904	0.878	0.886	0.892	0.863	0.853	0.84	0.81	0.814	0.783	0.763	0.759	0.732	0.706	0.698	0.681	0.657	0.647	0.615	0.627	0.643	0.616	0.574	0.547	0.551	0.552	0.527	0.544	0.489	0.49	0.476	0.415	0.45	0.422	0.418	0.398	0.396	0.4	0.37	0.364	0.347	0.363	0.369	
1	1	1	0.998	0.995	0.989	0.99	0.984	0.981	0.973	0.954	0.956	0.943	0.93	0.927	0.921	0.914	0.907	0.882	0.838	0.826	0.808	0.78	0.775	0.742	0.717	0.68	0.648	0.641	0.616	0.551	0.564	0.538	0.514	0.447	0.454	0.396	0.395	0.336	0.32	0.328	0.287	0.289	0.288	0.25	0.256	0.23	0.253	0.189	0.201	0.165	0.195	0.165	0.176	0.157	0.15	0.181	0.168	0.14	0.17	0.169	0.172	0.159	0.164	0.172	0.135	0.157	0.169	0.182	0.181	0.184	0.204	0.179	0.222	0.208	0.22	0.232	0.235	0.223	0.247	0.264	0.249	0.268	0.283	0.305	0.286	0.309	0.287	0.303	0.329	0.313	0.33	0.365	0.354	0.365	0.335	0.396	0.417	0.411	0.427	
1	1	1	1	1	1	1	1	1	1	1	1	1	1	1	1	1	1	1	1	1	1	1	1	1	1	1	1	1	1	1	1	1	1	1	1	1	1	1	1	1	1	1	1	1	1	1	1	1	0.999	1	1	1	1	1	1	1	0.999	1	1	0.997	0.997	0.994	0.997	0.997	0.996	0.994	0.995	0.998	0.988	0.995	0.99	0.985	0.988	0.98	0.981	0.975	0.972	0.965	0.972	0.969	0.973	0.966	0.965	0.926	0.934	0.944	0.938	0.912	0.916	0.911	0.878	0.898	0.885	0.855	0.835	0.824	0.815	0.809	0.769	
1	1	1	1	1	1	1	1	1	1	1	1	1	1	1	1	1	1	1	1	1	0.999	0.999	1	1	0.998	0.996	0.998	0.998	0.995	0.99	0.987	0.98	0.972	0.958	0.959	0.937	0.928	0.9	0.867	0.872	0.836	0.802	0.778	0.748	0.744	0.696	0.685	0.629	0.603	0.547	0.523	0.495	0.484	0.469	0.42	0.434	0.381	0.33	0.349	0.269	0.258	0.221	0.216	0.193	0.188	0.138	0.137	0.157	0.109	0.114	0.076	0.07	0.048	0.043	0.054	0.042	0.034	0.019	0.024	0.02	0.013	0.018	0.011	0.009	0.004	0.003	0.01	0.001	0	0.004	0.001	0	0	0	0	0	0	0	0	
1	1	1	1	1	1	1	1	1	1	1	1	1	1	1	1	1	1	1	1	1	1	1	1	1	0.999	1	1	1	1	1	0.999	1	0.999	0.997	0.996	0.994	0.992	0.982	0.989	0.983	0.98	0.971	0.965	0.954	0.944	0.942	0.908	0.911	0.874	0.867	0.868	0.811	0.78	0.77	0.743	0.748	0.691	0.655	0.584	0.601	0.53	0.539	0.48	0.436	0.435	0.394	0.331	0.324	0.273	0.252	0.223	0.214	0.163	0.133	0.119	0.081	0.062	0.071	0.054	0.049	0.033	0.034	0.021	0.024	0.017	0.008	0.004	0.009	0.004	0.003	0.004	0.001	0.005	0.001	0	0.001	0	0	0	
1	1	1	1	0.999	0.996	0.995	0.997	0.995	0.993	0.988	0.992	0.981	0.976	0.97	0.959	0.952	0.943	0.936	0.908	0.895	0.905	0.888	0.881	0.829	0.849	0.83	0.799	0.802	0.778	0.773	0.736	0.76	0.727	0.753	0.708	0.687	0.723	0.688	0.701	0.668	0.652	0.655	0.652	0.624	0.648	0.645	0.638	0.608	0.601	0.602	0.608	0.591	0.588	0.586	0.595	0.573	0.565	0.562	0.552	0.557	0.571	0.584	0.559	0.584	0.571	0.559	0.565	0.572	0.585	0.548	0.595	0.589	0.584	0.599	0.573	0.589	0.562	0.6	0.578	0.578	0.611	0.579	0.614	0.639	0.589	0.619	0.64	0.632	0.629	0.626	0.658	0.641	0.646	0.646	0.65	0.661	0.657	0.652	0.635	
1	1	1	1	1	1	1	1	1	1	1	1	1	1	1	1	1	1	1	1	1	1	1	0.999	1	0.999	0.998	1	1	0.998	0.999	0.997	0.997	0.999	0.998	0.998	0.992	0.996	0.992	0.996	0.993	0.994	0.997	0.985	0.99	0.986	0.98	0.975	0.971	0.969	0.954	0.962	0.958	0.936	0.924	0.916	0.922	0.909	0.888	0.885	0.848	0.86	0.839	0.809	0.803	0.796	0.773	0.726	0.742	0.705	0.673	0.64	0.616	0.593	0.576	0.565	0.517	0.511	0.458	0.454	0.406	0.411	0.366	0.329	0.297	0.303	0.232	0.234	0.221	0.194	0.178	0.145	0.131	0.123	0.098	0.093	0.08	0.072	0.07	0.053	
1	0.999	1	1	0.996	0.995	0.996	0.997	0.987	0.989	0.992	0.979	0.976	0.975	0.966	0.959	0.949	0.954	0.948	0.935	0.915	0.929	0.868	0.873	0.866	0.849	0.837	0.823	0.777	0.802	0.78	0.754	0.737	0.686	0.697	0.684	0.677	0.615	0.612	0.598	0.578	0.588	0.519	0.516	0.503	0.477	0.487	0.463	0.429	0.401	0.378	0.39	0.343	0.345	0.315	0.329	0.326	0.279	0.231	0.233	0.203	0.222	0.203	0.178	0.182	0.152	0.167	0.155	0.165	0.135	0.135	0.123	0.101	0.089	0.092	0.101	0.085	0.09	0.081	0.071	0.062	0.06	0.062	0.049	0.052	0.045	0.036	0.041	0.033	0.032	0.032	0.022	0.027	0.025	0.027	0.022	0.017	0.022	0.014	0.01	
1	1	1	0.999	1	1	1	0.998	1	1	0.999	0.999	0.997	0.998	0.998	0.994	0.998	0.993	0.993	0.994	0.993	0.991	0.987	0.99	0.981	0.979	0.983	0.972	0.979	0.971	0.957	0.969	0.96	0.955	0.966	0.965	0.961	0.948	0.956	0.946	0.954	0.938	0.933	0.924	0.915	0.901	0.902	0.921	0.907	0.9	0.873	0.903	0.887	0.883	0.881	0.872	0.854	0.86	0.842	0.845	0.837	0.84	0.821	0.826	0.808	0.822	0.813	0.785	0.788	0.776	0.742	0.73	0.743	0.71	0.726	0.719	0.693	0.684	0.672	0.668	0.66	0.638	0.605	0.626	0.56	0.581	0.569	0.544	0.556	0.526	0.506	0.489	0.474	0.462	0.433	0.422	0.393	0.363	0.346	0.34	
1	1	1	1	1	1	1	1	1	1	1	1	1	1	1	1	1	1	1	1	1	1	1	1	1	1	1	1	1	1	1	1	1	1	1	1	1	1	1	1	1	1	1	0.997	1	0.999	0.998	0.995	0.998	0.996	0.993	0.992	0.989	0.987	0.98	0.979	0.985	0.983	0.971	0.967	0.946	0.936	0.946	0.944	0.922	0.922	0.877	0.867	0.853	0.858	0.818	0.797	0.774	0.738	0.72	0.692	0.661	0.653	0.623	0.578	0.564	0.522	0.502	0.488	0.436	0.403	0.395	0.35	0.334	0.292	0.252	0.254	0.235	0.203	0.17	0.18	0.13	0.143	0.117	0.093	
1	1	1	1	1	1	1	1	1	1	1	1	1	1	1	1	1	1	1	1	1	1	1	1	1	1	1	1	1	1	1	1	1	1	1	1	1	1	1	1	1	1	1	1	1	1	1	0.999	0.999	0.999	1	1	0.999	0.999	0.998	1	1	0.999	1	0.999	0.998	0.999	1	0.999	1	0.999	0.998	0.999	0.997	0.996	0.997	0.998	0.997	0.995	0.995	0.994	0.996	0.988	0.994	0.993	0.99	0.98	0.99	0.986	0.98	0.987	0.977	0.966	0.972	0.968	0.956	0.934	0.946	0.945	0.933	0.931	0.915	0.922	0.906	0.903	
0.984	0.982	0.979	0.987	0.979	0.983	0.977	0.984	0.97	0.982	0.984	0.975	0.979	0.98	0.974	0.98	0.977	0.973	0.981	0.972	0.973	0.976	0.989	0.981	0.977	0.984	0.981	0.982	0.983	0.976	0.983	0.978	0.982	0.975	0.978	0.983	0.977	0.978	0.985	0.977	0.969	0.977	0.97	0.982	0.962	0.972	0.951	0.961	0.969	0.961	0.963	0.961	0.95	0.947	0.942	0.94	0.961	0.934	0.93	0.92	0.923	0.916	0.897	0.918	0.897	0.886	0.885	0.886	0.881	0.869	0.863	0.833	0.845	0.83	0.825	0.802	0.801	0.774	0.761	0.751	0.734	0.732	0.735	0.685	0.695	0.659	0.645	0.633	0.638	0.615	0.62	0.591	0.536	0.534	0.534	0.495	0.526	0.493	0.467	0.432	
0.934	0.92	0.878	0.845	0.801	0.78	0.724	0.725	0.67	0.658	0.593	0.609	0.539	0.521	0.456	0.479	0.43	0.4	0.409	0.344	0.328	0.306	0.286	0.266	0.25	0.212	0.187	0.179	0.161	0.141	0.119	0.121	0.101	0.062	0.085	0.064	0.053	0.046	0.043	0.036	0.031	0.027	0.022	0.02	0.017	0.012	0.013	0.008	0.008	0.006	0.009	0.002	0.005	0.004	0.002	0.002	0.001	0.001	0.003	0	0	0	0	0.001	0.001	0	0	0	0	0	0	0	0	0	0	0	0	0	0	0	0	0	0	0	0	0	0	0	0	0	0	0	0	0	0	0	0	0	0	0	
1	1	1	1	1	1	1	1	1	1	1	1	1	0.999	1	1	1	1	1	0.999	1	1	1	1	1	1	0.999	0.999	1	1	0.996	0.999	1	0.998	0.998	0.993	0.996	0.996	0.998	0.991	0.992	0.991	0.991	0.988	0.983	0.986	0.986	0.98	0.979	0.979	0.976	0.966	0.966	0.977	0.954	0.958	0.944	0.959	0.945	0.94	0.936	0.93	0.919	0.913	0.9	0.886	0.89	0.879	0.877	0.859	0.836	0.835	0.83	0.796	0.793	0.802	0.774	0.766	0.761	0.75	0.732	0.736	0.712	0.682	0.646	0.645	0.636	0.636	0.611	0.594	0.588	0.608	0.559	0.553	0.549	0.538	0.536	0.549	0.505	0.506	
1	1	1	1	1	1	1	1	0.999	0.998	0.997	0.992	0.99	0.981	0.978	0.964	0.96	0.947	0.917	0.936	0.904	0.878	0.848	0.829	0.782	0.767	0.741	0.714	0.675	0.681	0.631	0.587	0.553	0.521	0.49	0.446	0.476	0.405	0.406	0.375	0.322	0.32	0.294	0.261	0.259	0.217	0.188	0.18	0.158	0.148	0.139	0.129	0.108	0.091	0.086	0.072	0.077	0.051	0.05	0.034	0.026	0.025	0.025	0.018	0.011	0.016	0.009	0.007	0.006	0.003	0.002	0.004	0.001	0.002	0.001	0	0	0	0	0	0	0	0	0	0	0	0	0	0	0	0	0	0	0	0	0	0	0	0	0	
1	1	1	1	1	1	1	1	1	1	1	1	1	1	1	1	0.999	0.994	0.999	0.997	0.997	0.997	0.991	0.985	0.988	0.987	0.982	0.967	0.977	0.965	0.958	0.963	0.947	0.942	0.935	0.926	0.896	0.893	0.886	0.903	0.871	0.849	0.853	0.806	0.815	0.81	0.781	0.763	0.737	0.715	0.708	0.702	0.671	0.687	0.638	0.6	0.643	0.606	0.573	0.591	0.571	0.54	0.504	0.506	0.473	0.471	0.45	0.417	0.399	0.386	0.39	0.345	0.324	0.321	0.317	0.285	0.277	0.277	0.251	0.234	0.21	0.237	0.212	0.205	0.18	0.174	0.162	0.155	0.167	0.151	0.135	0.122	0.126	0.113	0.097	0.088	0.076	0.079	0.068	0.06	
1	1	1	1	1	1	1	1	1	1	1	1	1	1	1	0.996	1	1	0.998	0.995	0.995	0.995	0.988	0.994	0.979	0.981	0.977	0.976	0.968	0.955	0.966	0.936	0.935	0.928	0.911	0.919	0.917	0.894	0.879	0.893	0.843	0.829	0.827	0.793	0.815	0.804	0.764	0.746	0.712	0.73	0.706	0.684	0.69	0.676	0.646	0.642	0.6	0.595	0.582	0.583	0.56	0.583	0.545	0.512	0.503	0.52	0.485	0.478	0.473	0.451	0.455	0.445	0.43	0.423	0.429	0.408	0.405	0.405	0.399	0.36	0.36	0.346	0.354	0.362	0.333	0.358	0.346	0.358	0.358	0.347	0.341	0.344	0.327	0.33	0.341	0.344	0.35	0.332	0.379	0.326	
0.593	0.575	0.584	0.579	0.559	0.576	0.549	0.56	0.53	0.545	0.548	0.524	0.545	0.505	0.522	0.515	0.497	0.495	0.515	0.503	0.502	0.47	0.479	0.481	0.468	0.47	0.454	0.442	0.48	0.442	0.43	0.442	0.446	0.418	0.438	0.429	0.399	0.405	0.407	0.398	0.413	0.434	0.412	0.382	0.381	0.376	0.371	0.355	0.351	0.341	0.348	0.325	0.34	0.336	0.353	0.325	0.311	0.326	0.327	0.29	0.303	0.295	0.28	0.259	0.301	0.274	0.268	0.258	0.258	0.263	0.258	0.25	0.261	0.248	0.236	0.261	0.256	0.216	0.228	0.257	0.248	0.224	0.263	0.229	0.246	0.218	0.244	0.252	0.246	0.243	0.245	0.259	0.267	0.263	0.267	0.252	0.288	0.254	0.27	0.257	
0.999	0.999	0.998	0.997	0.998	0.995	0.997	0.989	0.988	0.989	0.993	0.98	0.971	0.962	0.981	0.959	0.951	0.953	0.951	0.926	0.934	0.935	0.93	0.906	0.904	0.885	0.891	0.881	0.871	0.853	0.838	0.842	0.828	0.824	0.801	0.785	0.776	0.769	0.768	0.738	0.703	0.715	0.686	0.675	0.67	0.638	0.64	0.624	0.616	0.594	0.609	0.563	0.597	0.556	0.541	0.531	0.508	0.513	0.497	0.506	0.474	0.468	0.476	0.453	0.424	0.435	0.403	0.416	0.433	0.371	0.393	0.364	0.329	0.344	0.328	0.324	0.31	0.321	0.306	0.291	0.303	0.271	0.258	0.239	0.238	0.228	0.225	0.218	0.183	0.208	0.187	0.165	0.174	0.141	0.134	0.123	0.142	0.113	0.1	0.1	
1	1	1	1	1	1	1	1	1	1	1	1	1	1	1	1	1	1	1	1	1	1	1	1	0.999	0.999	1	1	1	1	1	0.999	0.997	0.999	0.999	0.998	0.995	0.995	0.996	0.995	0.99	0.992	0.994	0.984	0.991	0.991	0.984	0.982	0.966	0.982	0.974	0.968	0.967	0.96	0.955	0.948	0.949	0.944	0.931	0.931	0.93	0.905	0.914	0.889	0.923	0.877	0.887	0.862	0.857	0.836	0.84	0.836	0.836	0.825	0.807	0.798	0.799	0.763	0.809	0.754	0.739	0.736	0.74	0.699	0.709	0.671	0.704	0.662	0.674	0.665	0.64	0.618	0.66	0.6	0.589	0.576	0.562	0.544	0.548	0.549	
1	1	1	1	1	1	1	1	1	1	1	1	1	1	1	1	1	1	1	1	1	1	1	1	1	1	1	1	1	1	1	1	1	1	1	1	1	1	1	1	1	1	1	0.999	0.999	1	0.998	0.995	0.995	0.995	0.992	0.99	0.986	0.989	0.978	0.975	0.979	0.96	0.974	0.949	0.952	0.935	0.922	0.91	0.898	0.869	0.862	0.848	0.816	0.806	0.794	0.772	0.746	0.722	0.702	0.686	0.636	0.641	0.63	0.577	0.584	0.556	0.512	0.496	0.488	0.416	0.422	0.404	0.397	0.363	0.351	0.35	0.336	0.308	0.275	0.257	0.285	0.249	0.24	0.222	
1	1	1	1	1	1	1	1	1	1	1	1	1	1	1	1	1	1	1	1	1	1	1	1	1	1	1	1	1	1	1	1	1	0.998	1	1	0.999	1	0.999	1	1	1	0.999	0.999	0.999	0.998	0.997	0.993	0.995	0.992	0.997	0.991	0.993	0.986	0.984	0.976	0.98	0.973	0.969	0.974	0.957	0.95	0.952	0.933	0.919	0.919	0.91	0.891	0.885	0.859	0.839	0.802	0.798	0.784	0.753	0.729	0.712	0.69	0.637	0.645	0.625	0.599	0.566	0.493	0.492	0.468	0.425	0.395	0.356	0.298	0.283	0.294	0.26	0.247	0.186	0.178	0.15	0.132	0.138	0.103	
1	1	1	1	1	1	0.999	0.999	1	0.999	1	1	0.996	0.999	0.999	0.999	0.997	0.998	1	0.999	0.998	0.991	0.993	0.997	0.993	0.988	0.986	0.984	0.984	0.98	0.984	0.979	0.967	0.966	0.948	0.948	0.95	0.93	0.917	0.907	0.91	0.891	0.891	0.887	0.839	0.838	0.824	0.818	0.783	0.778	0.77	0.733	0.7	0.717	0.723	0.688	0.627	0.624	0.632	0.593	0.578	0.572	0.554	0.502	0.498	0.491	0.453	0.458	0.432	0.449	0.389	0.372	0.375	0.349	0.348	0.32	0.303	0.298	0.281	0.309	0.282	0.274	0.288	0.275	0.235	0.245	0.232	0.229	0.225	0.24	0.241	0.243	0.232	0.211	0.218	0.241	0.221	0.228	0.221	0.221	
1	1	1	1	1	1	1	1	1	1	1	1	1	1	1	1	1	1	1	1	1	1	1	1	1	0.998	1	1	0.999	0.999	0.995	0.998	0.996	0.997	0.995	0.993	0.993	0.985	0.98	0.981	0.969	0.966	0.955	0.957	0.926	0.927	0.92	0.894	0.891	0.854	0.835	0.817	0.795	0.781	0.739	0.704	0.691	0.66	0.622	0.569	0.581	0.482	0.472	0.458	0.416	0.38	0.348	0.297	0.261	0.224	0.215	0.195	0.166	0.138	0.137	0.115	0.092	0.076	0.073	0.054	0.047	0.033	0.039	0.024	0.019	0.016	0.017	0.011	0.012	0.011	0.007	0.005	0.004	0.004	0.003	0.005	0.002	0.002	0.003	0.002	
1	1	1	1	1	1	1	1	1	1	1	1	1	1	1	1	1	1	1	1	1	1	1	1	0.999	1	1	1	0.998	0.995	0.998	0.996	0.996	0.993	0.991	0.993	0.987	0.989	0.976	0.975	0.977	0.971	0.97	0.97	0.957	0.941	0.941	0.934	0.931	0.929	0.908	0.884	0.885	0.854	0.893	0.85	0.843	0.831	0.799	0.776	0.759	0.766	0.748	0.721	0.666	0.682	0.651	0.642	0.601	0.614	0.563	0.544	0.516	0.506	0.471	0.443	0.424	0.399	0.382	0.362	0.345	0.291	0.277	0.27	0.259	0.256	0.223	0.196	0.177	0.201	0.134	0.149	0.118	0.093	0.101	0.068	0.069	0.073	0.065	0.049	
