1	1	1	1	1	1	1	1	1	1	1	1	1	1	1	1	1	1	1	1	1	1	1	1	1	1	1	0.999	1	1	0.998	0.998	0.997	0.996	0.998	0.997	0.995	0.993	0.993	0.989	0.989	0.988	0.989	0.981	0.977	0.976	0.977	0.976	0.958	0.96	0.953	0.952	0.931	0.947	0.923	0.919	0.916	0.889	0.859	0.86	0.867	0.819	0.825	0.789	0.794	0.726	0.731	0.731	0.688	0.674	0.645	0.634	0.587	0.557	0.566	0.568	0.532	0.473	0.448	0.397	0.361	0.403	0.355	0.331	0.292	0.279	0.246	0.216	0.221	0.206	0.171	0.155	0.144	0.121	0.114	0.074	0.077	0.06	0.08	0.049	
1	1	1	1	1	1	1	1	1	1	1	1	1	1	1	1	1	1	1	1	1	1	1	1	1	1	1	1	1	1	1	1	1	1	1	1	1	1	1	1	1	1	1	0.999	0.999	1	1	1	1	1	0.998	0.999	1	0.999	0.998	1	0.999	0.998	1	0.996	0.995	0.997	0.995	0.994	0.995	0.996	0.995	0.994	0.988	0.987	0.982	0.98	0.981	0.982	0.974	0.972	0.97	0.964	0.968	0.954	0.954	0.943	0.939	0.928	0.928	0.905	0.9	0.896	0.87	0.889	0.877	0.834	0.839	0.826	0.828	0.786	0.779	0.796	0.774	0.755	
1	1	1	1	1	1	1	1	1	1	1	0.998	1	0.999	1	1	1	0.999	1	0.997	0.997	0.998	0.993	0.995	0.994	0.995	0.995	0.992	0.988	0.987	0.987	0.981	0.972	0.983	0.976	0.972	0.969	0.963	0.965	0.941	0.967	0.946	0.941	0.928	0.905	0.893	0.905	0.884	0.875	0.85	0.841	0.844	0.835	0.815	0.78	0.791	0.786	0.751	0.761	0.72	0.718	0.712	0.699	0.659	0.638	0.634	0.64	0.59	0.607	0.595	0.551	0.544	0.536	0.529	0.449	0.507	0.517	0.457	0.438	0.455	0.458	0.404	0.405	0.411	0.369	0.36	0.354	0.377	0.329	0.299	0.334	0.331	0.329	0.304	0.318	0.308	0.313	0.277	0.311	0.312	
1	1	1	1	1	1	1	1	1	1	1	1	1	1	1	1	1	1	1	1	1	1	1	1	1	1	1	1	1	1	1	1	1	1	1	1	1	1	1	1	0.999	1	1	1	1	1	0.999	1	0.999	0.998	0.999	0.999	0.996	0.999	0.995	0.998	0.995	0.991	0.986	0.986	0.982	0.982	0.982	0.976	0.964	0.957	0.971	0.955	0.942	0.952	0.929	0.925	0.909	0.905	0.877	0.86	0.869	0.831	0.836	0.805	0.773	0.768	0.736	0.755	0.731	0.673	0.702	0.623	0.646	0.613	0.591	0.568	0.51	0.51	0.499	0.463	0.43	0.429	0.372	0.372	
1	1	1	1	1	1	1	1	1	1	1	1	1	1	1	1	1	1	1	1	1	1	1	1	1	1	1	1	1	1	1	1	1	1	1	1	1	1	1	1	0.999	0.998	0.998	0.999	0.995	0.994	0.989	0.992	0.983	0.985	0.982	0.963	0.96	0.957	0.959	0.938	0.939	0.933	0.909	0.911	0.894	0.866	0.855	0.847	0.81	0.788	0.763	0.734	0.741	0.686	0.665	0.627	0.618	0.6	0.583	0.505	0.512	0.483	0.424	0.416	0.387	0.367	0.334	0.317	0.266	0.271	0.221	0.206	0.194	0.168	0.146	0.12	0.113	0.09	0.09	0.057	0.056	0.041	0.037	0.027	
0.305	0.262	0.244	0.239	0.194	0.17	0.162	0.163	0.139	0.143	0.115	0.12	0.1	0.094	0.086	0.08	0.068	0.071	0.048	0.061	0.047	0.05	0.05	0.041	0.043	0.041	0.03	0.023	0.03	0.02	0.024	0.023	0.024	0.024	0.023	0.011	0.02	0.022	0.013	0.01	0.013	0.02	0.012	0.012	0.007	0.006	0.008	0.008	0.007	0.007	0.008	0.008	0.009	0.002	0.005	0.005	0.004	0.003	0.004	0.003	0.003	0.006	0.004	0.001	0.004	0.001	0.004	0.003	0.004	0	0.002	0.001	0	0.002	0	0.002	0.004	0.001	0	0.002	0.001	0	0	0	0.002	0	0	0.001	0	0.001	0.001	0	0	0	0	0	0	0	0	0	
1	1	1	1	1	1	1	1	1	1	1	1	1	0.999	0.999	1	1	0.999	0.998	0.996	0.996	0.995	0.996	0.992	0.995	0.991	0.993	0.983	0.978	0.98	0.974	0.967	0.967	0.955	0.931	0.948	0.938	0.921	0.919	0.91	0.874	0.863	0.857	0.85	0.828	0.812	0.769	0.788	0.767	0.736	0.705	0.649	0.651	0.612	0.583	0.554	0.545	0.527	0.507	0.471	0.422	0.388	0.38	0.341	0.344	0.293	0.307	0.279	0.236	0.22	0.19	0.169	0.177	0.153	0.124	0.125	0.111	0.073	0.076	0.051	0.056	0.041	0.039	0.031	0.026	0.032	0.019	0.018	0.019	0.009	0.007	0.003	0.006	0.003	0.005	0	0.003	0	0.001	0.001	
1	1	1	1	1	1	1	1	1	1	1	1	1	1	1	1	1	1	1	0.997	0.998	1	0.998	0.993	0.992	0.993	0.99	0.99	0.99	0.985	0.979	0.99	0.979	0.971	0.97	0.976	0.95	0.95	0.938	0.929	0.92	0.925	0.904	0.899	0.908	0.875	0.873	0.856	0.858	0.83	0.829	0.817	0.793	0.794	0.798	0.777	0.758	0.763	0.744	0.729	0.725	0.692	0.669	0.661	0.635	0.635	0.591	0.601	0.559	0.542	0.527	0.522	0.505	0.446	0.443	0.43	0.4	0.391	0.392	0.352	0.35	0.341	0.323	0.297	0.267	0.246	0.213	0.219	0.173	0.18	0.163	0.142	0.142	0.14	0.121	0.118	0.101	0.079	0.083	0.084	
0.771	0.713	0.708	0.635	0.654	0.615	0.606	0.609	0.571	0.55	0.488	0.512	0.508	0.495	0.439	0.454	0.432	0.405	0.417	0.38	0.368	0.358	0.356	0.348	0.359	0.313	0.296	0.293	0.286	0.273	0.267	0.253	0.236	0.243	0.237	0.223	0.199	0.198	0.194	0.158	0.177	0.167	0.183	0.142	0.169	0.122	0.123	0.121	0.121	0.1	0.099	0.111	0.076	0.085	0.063	0.064	0.06	0.051	0.047	0.028	0.036	0.038	0.033	0.027	0.037	0.019	0.021	0.029	0.008	0.008	0.01	0.009	0.006	0.003	0.01	0.005	0	0.002	0.002	0.002	0.003	0.002	0.002	0	0.001	0.002	0.001	0.001	0	0	0.001	0	0.003	0	0	0	0	0	0.001	0.001	
0.998	0.997	0.996	0.992	0.986	0.987	0.982	0.975	0.961	0.961	0.951	0.945	0.94	0.934	0.927	0.926	0.919	0.907	0.927	0.905	0.904	0.904	0.917	0.904	0.87	0.877	0.875	0.882	0.872	0.866	0.861	0.857	0.841	0.837	0.846	0.837	0.814	0.819	0.817	0.799	0.777	0.801	0.763	0.783	0.747	0.754	0.729	0.723	0.71	0.728	0.707	0.721	0.667	0.655	0.643	0.648	0.658	0.614	0.6	0.569	0.556	0.553	0.52	0.511	0.473	0.489	0.468	0.444	0.452	0.435	0.37	0.38	0.372	0.358	0.317	0.347	0.291	0.288	0.308	0.275	0.244	0.221	0.221	0.209	0.206	0.193	0.155	0.147	0.139	0.148	0.118	0.108	0.117	0.104	0.084	0.073	0.089	0.072	0.072	0.056	
1	1	1	1	1	1	1	1	1	1	1	1	1	1	1	1	1	1	1	1	1	1	1	1	1	1	1	1	1	1	1	1	1	1	1	1	1	1	0.997	1	1	1	0.999	0.997	0.997	0.996	0.997	0.998	0.996	0.996	0.993	0.996	0.983	0.991	0.985	0.984	0.98	0.974	0.982	0.973	0.96	0.964	0.962	0.956	0.966	0.946	0.936	0.922	0.917	0.912	0.903	0.897	0.876	0.865	0.858	0.86	0.83	0.826	0.818	0.801	0.79	0.772	0.76	0.737	0.733	0.715	0.681	0.682	0.656	0.636	0.629	0.592	0.533	0.558	0.543	0.492	0.534	0.496	0.452	0.413	
1	1	1	1	1	1	1	1	1	1	1	1	1	1	1	1	1	1	1	1	1	1	1	1	1	1	1	1	1	0.999	1	0.998	1	1	0.998	0.998	0.998	0.999	0.996	0.998	0.994	0.995	0.997	0.992	0.988	0.989	0.978	0.984	0.984	0.973	0.972	0.975	0.968	0.959	0.96	0.935	0.948	0.93	0.933	0.916	0.91	0.892	0.915	0.891	0.875	0.867	0.854	0.856	0.856	0.834	0.818	0.792	0.813	0.773	0.772	0.752	0.747	0.736	0.698	0.717	0.687	0.687	0.658	0.648	0.645	0.626	0.616	0.597	0.582	0.567	0.567	0.547	0.519	0.562	0.504	0.479	0.482	0.499	0.449	0.457	
1	1	1	1	1	1	1	1	1	1	1	1	1	1	1	1	1	1	1	1	1	1	1	1	1	1	1	1	1	1	1	1	1	1	1	0.999	1	0.997	0.997	0.994	0.997	0.994	0.993	0.99	0.989	0.982	0.983	0.989	0.968	0.981	0.96	0.946	0.949	0.941	0.918	0.92	0.907	0.896	0.909	0.895	0.851	0.854	0.824	0.822	0.78	0.815	0.751	0.715	0.735	0.697	0.662	0.661	0.635	0.616	0.613	0.586	0.514	0.521	0.5	0.506	0.451	0.435	0.421	0.4	0.38	0.385	0.331	0.304	0.284	0.287	0.244	0.241	0.205	0.211	0.207	0.157	0.129	0.135	0.113	0.095	
1	1	1	1	1	1	1	1	1	1	1	1	1	1	1	1	1	1	1	1	1	1	1	1	1	1	1	0.999	0.999	0.998	0.999	1	1	0.997	0.995	0.997	0.996	0.995	0.995	0.991	0.993	0.989	0.993	0.99	0.99	0.989	0.975	0.982	0.984	0.98	0.985	0.976	0.978	0.973	0.967	0.974	0.974	0.959	0.963	0.961	0.948	0.958	0.963	0.959	0.955	0.944	0.949	0.942	0.95	0.939	0.949	0.935	0.926	0.94	0.93	0.927	0.932	0.927	0.916	0.91	0.893	0.907	0.888	0.902	0.879	0.886	0.876	0.877	0.874	0.871	0.857	0.84	0.835	0.817	0.812	0.808	0.808	0.779	0.801	0.776	
0.994	0.99	0.985	0.979	0.959	0.948	0.943	0.937	0.91	0.901	0.889	0.864	0.859	0.826	0.838	0.81	0.798	0.811	0.786	0.75	0.79	0.732	0.734	0.752	0.696	0.698	0.71	0.682	0.662	0.67	0.646	0.641	0.59	0.589	0.615	0.624	0.598	0.59	0.544	0.554	0.566	0.509	0.524	0.48	0.474	0.476	0.462	0.464	0.45	0.417	0.421	0.395	0.395	0.372	0.373	0.34	0.32	0.318	0.315	0.313	0.303	0.305	0.261	0.263	0.253	0.242	0.223	0.211	0.229	0.18	0.18	0.19	0.171	0.17	0.144	0.14	0.142	0.124	0.121	0.115	0.121	0.095	0.098	0.096	0.089	0.094	0.066	0.09	0.066	0.073	0.054	0.043	0.049	0.043	0.042	0.038	0.032	0.043	0.03	0.029	
1	1	1	1	1	1	1	0.999	1	1	1	0.999	0.999	1	1	0.998	0.996	0.994	0.994	0.987	0.989	0.988	0.973	0.977	0.976	0.961	0.956	0.961	0.948	0.929	0.917	0.911	0.897	0.883	0.876	0.856	0.838	0.834	0.802	0.788	0.776	0.727	0.738	0.706	0.709	0.678	0.631	0.63	0.624	0.605	0.562	0.525	0.541	0.534	0.499	0.492	0.46	0.426	0.436	0.415	0.428	0.39	0.334	0.349	0.352	0.359	0.335	0.322	0.292	0.271	0.3	0.254	0.271	0.252	0.272	0.285	0.255	0.255	0.233	0.221	0.223	0.213	0.2	0.227	0.215	0.217	0.207	0.219	0.195	0.23	0.212	0.185	0.213	0.221	0.204	0.218	0.222	0.232	0.238	0.234	
1	1	1	1	1	0.999	0.997	0.998	0.997	0.994	0.991	0.988	0.987	0.98	0.979	0.955	0.97	0.952	0.949	0.948	0.935	0.933	0.925	0.915	0.918	0.897	0.867	0.876	0.845	0.823	0.844	0.82	0.806	0.806	0.781	0.736	0.765	0.727	0.757	0.72	0.705	0.714	0.636	0.675	0.669	0.658	0.615	0.614	0.598	0.58	0.567	0.533	0.563	0.546	0.533	0.504	0.482	0.475	0.459	0.447	0.457	0.413	0.391	0.386	0.359	0.402	0.368	0.362	0.373	0.313	0.317	0.291	0.293	0.274	0.275	0.248	0.245	0.248	0.238	0.23	0.208	0.199	0.183	0.207	0.178	0.183	0.15	0.162	0.133	0.115	0.129	0.128	0.128	0.121	0.112	0.103	0.096	0.081	0.082	0.092	
1	1	1	1	1	1	1	1	1	1	1	1	1	1	1	1	1	1	1	1	1	1	1	1	1	1	1	1	1	1	1	1	1	1	1	1	1	1	1	1	1	1	1	1	1	1	1	1	1	1	1	1	1	1	1	1	1	1	1	1	1	1	1	1	0.999	1	1	1	1	0.998	1	1	0.997	1	0.997	1	0.999	0.999	0.997	0.997	0.995	1	0.995	0.989	0.995	0.993	0.989	0.984	0.987	0.986	0.987	0.99	0.973	0.981	0.972	0.967	0.967	0.969	0.965	0.957	
0.425	0.396	0.379	0.379	0.358	0.348	0.322	0.319	0.292	0.305	0.273	0.248	0.265	0.281	0.253	0.241	0.234	0.228	0.217	0.217	0.206	0.192	0.228	0.201	0.204	0.179	0.196	0.19	0.194	0.188	0.169	0.199	0.188	0.175	0.18	0.166	0.168	0.172	0.158	0.15	0.158	0.152	0.155	0.127	0.151	0.157	0.152	0.149	0.144	0.126	0.146	0.127	0.151	0.158	0.14	0.137	0.123	0.116	0.131	0.123	0.144	0.132	0.127	0.149	0.134	0.123	0.131	0.102	0.115	0.125	0.138	0.128	0.122	0.135	0.122	0.096	0.118	0.1	0.096	0.109	0.1	0.1	0.099	0.096	0.096	0.102	0.098	0.083	0.084	0.095	0.086	0.072	0.085	0.074	0.08	0.061	0.068	0.075	0.075	0.059	
1	1	1	1	0.999	0.999	1	1	0.999	1	0.997	1	0.997	0.994	0.996	0.991	0.995	0.985	0.99	0.986	0.98	0.981	0.957	0.963	0.945	0.947	0.947	0.93	0.923	0.919	0.894	0.886	0.875	0.855	0.847	0.827	0.806	0.787	0.768	0.744	0.735	0.708	0.684	0.684	0.649	0.625	0.614	0.58	0.571	0.507	0.5	0.485	0.505	0.466	0.435	0.413	0.39	0.355	0.375	0.334	0.322	0.293	0.313	0.254	0.25	0.24	0.195	0.208	0.174	0.159	0.151	0.126	0.134	0.117	0.106	0.102	0.076	0.056	0.062	0.059	0.046	0.036	0.044	0.031	0.022	0.018	0.011	0.018	0.013	0.014	0.01	0.004	0.005	0.004	0.007	0.001	0.006	0.003	0.001	0	
1	1	1	1	1	1	1	1	1	1	1	1	1	1	1	1	1	1	0.999	0.997	0.999	1	0.999	0.998	0.992	0.993	0.992	0.993	0.989	0.989	0.981	0.984	0.982	0.976	0.979	0.954	0.956	0.961	0.959	0.946	0.938	0.938	0.918	0.925	0.919	0.903	0.884	0.903	0.849	0.862	0.854	0.837	0.838	0.783	0.818	0.801	0.802	0.787	0.755	0.755	0.714	0.722	0.696	0.663	0.675	0.643	0.658	0.616	0.613	0.582	0.538	0.543	0.557	0.535	0.465	0.468	0.472	0.46	0.45	0.409	0.384	0.39	0.377	0.35	0.332	0.312	0.309	0.289	0.272	0.237	0.247	0.189	0.206	0.158	0.16	0.158	0.146	0.161	0.135	0.1	
0.999	1	1	0.998	0.999	0.995	0.992	0.983	0.979	0.962	0.946	0.925	0.93	0.912	0.878	0.869	0.856	0.839	0.823	0.802	0.763	0.758	0.752	0.733	0.718	0.735	0.714	0.679	0.662	0.653	0.631	0.66	0.649	0.606	0.597	0.579	0.563	0.559	0.561	0.557	0.537	0.553	0.527	0.508	0.518	0.485	0.468	0.46	0.468	0.468	0.461	0.438	0.428	0.45	0.408	0.433	0.415	0.435	0.405	0.398	0.397	0.367	0.381	0.367	0.359	0.389	0.36	0.375	0.353	0.366	0.352	0.338	0.346	0.332	0.32	0.314	0.302	0.316	0.311	0.317	0.337	0.274	0.264	0.282	0.279	0.321	0.279	0.256	0.274	0.274	0.238	0.248	0.218	0.233	0.225	0.241	0.234	0.233	0.199	0.186	
0.999	0.999	0.998	0.997	0.996	0.999	0.995	0.996	0.994	0.995	0.99	0.988	0.987	0.979	0.981	0.982	0.973	0.977	0.968	0.971	0.963	0.961	0.96	0.952	0.952	0.937	0.926	0.938	0.937	0.925	0.916	0.899	0.925	0.917	0.911	0.909	0.89	0.882	0.87	0.861	0.874	0.881	0.849	0.849	0.83	0.812	0.827	0.804	0.764	0.793	0.758	0.738	0.743	0.724	0.702	0.678	0.686	0.649	0.661	0.656	0.622	0.639	0.599	0.552	0.566	0.53	0.539	0.502	0.501	0.469	0.442	0.411	0.393	0.393	0.384	0.362	0.338	0.334	0.3	0.3	0.273	0.27	0.232	0.226	0.211	0.216	0.186	0.185	0.164	0.155	0.147	0.136	0.121	0.111	0.1	0.079	0.084	0.083	0.074	0.052	
0.999	1	0.997	0.997	0.996	0.989	0.984	0.977	0.977	0.97	0.961	0.936	0.933	0.929	0.909	0.878	0.884	0.865	0.85	0.817	0.809	0.797	0.762	0.717	0.724	0.735	0.716	0.68	0.693	0.636	0.648	0.62	0.611	0.614	0.6	0.607	0.556	0.571	0.553	0.553	0.534	0.495	0.505	0.518	0.504	0.484	0.473	0.461	0.453	0.441	0.437	0.438	0.425	0.419	0.435	0.415	0.413	0.404	0.382	0.381	0.378	0.388	0.331	0.34	0.346	0.336	0.329	0.306	0.305	0.281	0.274	0.268	0.256	0.227	0.232	0.235	0.204	0.194	0.191	0.188	0.164	0.131	0.139	0.143	0.122	0.1	0.096	0.093	0.094	0.085	0.068	0.063	0.041	0.062	0.044	0.038	0.036	0.028	0.028	0.028	
1	1	1	1	1	1	1	1	1	1	1	1	1	1	1	1	1	1	1	1	1	0.999	1	1	1	1	1	1	1	0.998	1	0.996	0.999	0.997	0.989	0.997	0.991	0.991	0.988	0.982	0.981	0.984	0.975	0.967	0.967	0.954	0.951	0.943	0.941	0.922	0.909	0.916	0.879	0.882	0.874	0.876	0.857	0.846	0.831	0.819	0.813	0.784	0.783	0.744	0.767	0.715	0.725	0.708	0.704	0.66	0.664	0.652	0.646	0.612	0.581	0.565	0.571	0.576	0.523	0.531	0.537	0.47	0.495	0.477	0.473	0.452	0.456	0.435	0.443	0.414	0.437	0.403	0.417	0.385	0.4	0.387	0.385	0.383	0.372	0.381	
0.59	0.61	0.555	0.561	0.575	0.506	0.516	0.467	0.482	0.446	0.449	0.45	0.462	0.429	0.391	0.412	0.415	0.38	0.374	0.364	0.367	0.378	0.395	0.319	0.349	0.34	0.326	0.31	0.299	0.3	0.303	0.285	0.293	0.291	0.295	0.26	0.251	0.258	0.259	0.228	0.261	0.274	0.242	0.254	0.223	0.245	0.216	0.234	0.229	0.21	0.213	0.209	0.224	0.199	0.207	0.222	0.235	0.214	0.182	0.173	0.209	0.202	0.178	0.176	0.179	0.192	0.193	0.182	0.176	0.177	0.162	0.17	0.173	0.163	0.15	0.164	0.183	0.151	0.155	0.156	0.158	0.12	0.121	0.114	0.123	0.128	0.105	0.099	0.117	0.113	0.088	0.105	0.085	0.075	0.08	0.08	0.073	0.064	0.072	0.048	
1	1	1	1	1	1	1	1	1	1	1	1	1	1	1	1	1	1	1	1	1	1	1	1	1	1	1	1	1	1	1	1	1	1	1	1	1	1	1	1	1	1	1	1	0.999	0.999	0.999	0.996	0.993	0.997	0.993	0.993	0.986	0.984	0.977	0.972	0.973	0.956	0.942	0.934	0.923	0.917	0.904	0.865	0.865	0.824	0.805	0.753	0.744	0.743	0.705	0.677	0.64	0.628	0.577	0.562	0.522	0.501	0.483	0.433	0.391	0.387	0.359	0.333	0.312	0.283	0.263	0.222	0.212	0.171	0.184	0.164	0.135	0.117	0.119	0.089	0.092	0.071	0.061	0.053	
1	1	1	1	1	1	1	1	1	1	0.999	1	1	0.999	0.999	0.997	0.997	0.993	0.993	0.988	0.986	0.981	0.982	0.966	0.954	0.949	0.935	0.932	0.914	0.892	0.871	0.858	0.828	0.789	0.766	0.728	0.702	0.668	0.66	0.601	0.596	0.568	0.571	0.492	0.464	0.457	0.434	0.384	0.377	0.356	0.31	0.311	0.263	0.26	0.247	0.233	0.217	0.2	0.179	0.159	0.14	0.106	0.12	0.097	0.077	0.052	0.067	0.06	0.06	0.04	0.042	0.033	0.026	0.009	0.021	0.015	0.008	0.009	0.008	0.011	0.003	0.007	0.007	0.002	0	0.002	0.005	0	0.001	0	0.001	0	0	0	0	0.001	0	0	0	0	
1	1	1	1	1	1	1	1	1	1	1	1	1	1	1	1	1	1	1	0.999	0.999	0.999	0.998	0.998	0.999	0.996	0.995	0.991	0.994	0.985	0.985	0.987	0.981	0.977	0.973	0.977	0.971	0.949	0.949	0.946	0.944	0.94	0.903	0.913	0.888	0.89	0.876	0.866	0.825	0.809	0.842	0.794	0.78	0.752	0.744	0.712	0.728	0.673	0.647	0.657	0.603	0.557	0.563	0.546	0.559	0.486	0.481	0.432	0.396	0.415	0.352	0.333	0.324	0.269	0.245	0.251	0.23	0.186	0.173	0.17	0.152	0.124	0.126	0.094	0.093	0.083	0.071	0.057	0.057	0.046	0.031	0.022	0.018	0.025	0.021	0.015	0.011	0.007	0.008	0.004	
1	1	1	1	1	1	1	1	1	1	0.998	1	1	1	1	1	0.999	0.998	1	1	1	0.999	0.992	0.994	0.99	0.992	0.989	0.988	0.982	0.975	0.959	0.96	0.959	0.941	0.935	0.926	0.922	0.905	0.865	0.873	0.843	0.851	0.827	0.787	0.767	0.759	0.76	0.751	0.712	0.681	0.666	0.671	0.631	0.647	0.606	0.605	0.564	0.561	0.543	0.527	0.517	0.525	0.469	0.5	0.451	0.464	0.43	0.437	0.41	0.423	0.37	0.365	0.351	0.363	0.345	0.345	0.36	0.338	0.319	0.317	0.316	0.329	0.315	0.299	0.298	0.306	0.275	0.281	0.27	0.256	0.284	0.27	0.26	0.269	0.278	0.275	0.279	0.261	0.257	0.251	
0.821	0.761	0.748	0.675	0.633	0.567	0.578	0.55	0.476	0.467	0.463	0.429	0.381	0.39	0.337	0.309	0.323	0.297	0.26	0.256	0.237	0.223	0.225	0.213	0.202	0.172	0.176	0.175	0.168	0.16	0.139	0.146	0.156	0.142	0.11	0.107	0.114	0.111	0.119	0.099	0.088	0.096	0.097	0.088	0.08	0.065	0.069	0.075	0.072	0.068	0.073	0.057	0.062	0.045	0.053	0.036	0.057	0.052	0.042	0.041	0.046	0.04	0.029	0.037	0.039	0.033	0.044	0.032	0.02	0.028	0.03	0.03	0.023	0.019	0.023	0.021	0.015	0.019	0.019	0.013	0.011	0.013	0.014	0.01	0.007	0.008	0.019	0.012	0.013	0.008	0.005	0.006	0.007	0.008	0.008	0.006	0.008	0.006	0.005	0.003	
0.967	0.955	0.924	0.925	0.896	0.888	0.865	0.833	0.789	0.794	0.787	0.758	0.775	0.748	0.754	0.733	0.709	0.732	0.698	0.721	0.695	0.709	0.677	0.641	0.658	0.7	0.675	0.647	0.653	0.654	0.649	0.655	0.672	0.66	0.646	0.609	0.623	0.628	0.643	0.652	0.654	0.633	0.647	0.642	0.648	0.616	0.645	0.653	0.613	0.619	0.618	0.619	0.604	0.623	0.606	0.627	0.626	0.591	0.624	0.616	0.61	0.63	0.602	0.61	0.609	0.612	0.656	0.614	0.632	0.615	0.604	0.616	0.604	0.586	0.611	0.602	0.601	0.608	0.604	0.604	0.58	0.592	0.561	0.601	0.612	0.573	0.588	0.589	0.571	0.582	0.574	0.531	0.541	0.534	0.516	0.504	0.532	0.514	0.504	0.492	
1	1	1	1	1	1	1	1	1	1	1	1	1	1	1	1	1	1	1	1	1	1	1	1	1	1	1	1	1	1	1	0.999	1	1	1	1	1	1	1	0.998	0.999	0.999	1	0.999	0.999	1	0.996	0.999	0.998	0.997	0.992	0.993	0.993	0.994	0.993	0.981	0.988	0.979	0.973	0.976	0.965	0.966	0.963	0.942	0.941	0.919	0.92	0.901	0.875	0.87	0.857	0.851	0.832	0.812	0.79	0.789	0.726	0.738	0.712	0.682	0.652	0.622	0.595	0.561	0.531	0.53	0.48	0.466	0.433	0.411	0.403	0.363	0.32	0.272	0.313	0.268	0.23	0.198	0.223	0.159	
1	1	1	1	1	1	1	1	1	1	1	1	1	1	1	1	1	1	1	1	1	1	1	1	1	1	1	1	1	1	1	1	1	1	1	1	1	1	1	1	1	0.999	1	1	1	1	1	1	1	0.999	1	1	1	0.998	0.998	1	0.999	0.999	1	0.999	0.996	0.999	0.999	0.997	0.995	0.999	0.991	0.99	0.99	0.995	0.988	0.994	0.986	0.985	0.986	0.988	0.983	0.98	0.975	0.988	0.98	0.975	0.966	0.973	0.968	0.963	0.958	0.962	0.958	0.947	0.948	0.949	0.935	0.937	0.939	0.924	0.932	0.913	0.898	0.912	
0.997	0.999	0.997	0.996	0.994	0.989	0.988	0.987	0.974	0.975	0.97	0.963	0.959	0.946	0.949	0.921	0.921	0.895	0.887	0.883	0.862	0.875	0.84	0.81	0.832	0.794	0.789	0.766	0.771	0.727	0.718	0.695	0.708	0.688	0.685	0.681	0.624	0.603	0.622	0.585	0.569	0.578	0.536	0.51	0.498	0.51	0.46	0.449	0.412	0.404	0.408	0.384	0.373	0.349	0.321	0.335	0.307	0.301	0.276	0.256	0.229	0.235	0.229	0.205	0.179	0.165	0.171	0.173	0.152	0.134	0.122	0.126	0.108	0.084	0.075	0.078	0.059	0.065	0.05	0.038	0.039	0.046	0.036	0.023	0.023	0.019	0.019	0.013	0.016	0.014	0.008	0.011	0.007	0.007	0.006	0.003	0.001	0.001	0.007	0.002	
1	1	1	1	1	1	1	1	1	1	1	1	1	1	0.999	0.999	0.999	0.997	1	0.995	0.994	0.991	0.985	0.987	0.981	0.973	0.98	0.983	0.964	0.96	0.953	0.94	0.938	0.931	0.924	0.915	0.9	0.914	0.89	0.892	0.871	0.843	0.832	0.842	0.815	0.81	0.791	0.788	0.763	0.756	0.724	0.733	0.705	0.674	0.638	0.649	0.624	0.611	0.567	0.52	0.526	0.513	0.474	0.421	0.456	0.427	0.389	0.383	0.335	0.357	0.311	0.286	0.274	0.259	0.241	0.238	0.231	0.211	0.186	0.185	0.153	0.171	0.145	0.132	0.131	0.115	0.121	0.096	0.099	0.069	0.075	0.066	0.065	0.064	0.047	0.045	0.056	0.044	0.038	0.027	
1	1	1	1	1	1	1	1	0.999	0.999	0.999	0.999	0.996	0.998	0.991	0.988	0.993	0.979	0.979	0.957	0.944	0.959	0.934	0.931	0.91	0.91	0.9	0.876	0.873	0.835	0.858	0.83	0.801	0.787	0.784	0.779	0.748	0.729	0.737	0.693	0.68	0.708	0.667	0.642	0.605	0.623	0.586	0.592	0.566	0.513	0.532	0.516	0.512	0.508	0.464	0.476	0.444	0.433	0.422	0.403	0.408	0.365	0.368	0.338	0.34	0.303	0.287	0.288	0.318	0.276	0.254	0.26	0.245	0.241	0.237	0.23	0.213	0.201	0.198	0.209	0.18	0.165	0.169	0.166	0.17	0.153	0.149	0.139	0.159	0.145	0.133	0.119	0.139	0.147	0.14	0.139	0.14	0.128	0.135	0.128	
0.811	0.731	0.691	0.663	0.613	0.573	0.515	0.479	0.475	0.406	0.385	0.347	0.301	0.295	0.298	0.279	0.238	0.191	0.191	0.159	0.155	0.146	0.142	0.131	0.105	0.093	0.077	0.072	0.074	0.058	0.057	0.059	0.047	0.036	0.045	0.039	0.033	0.031	0.026	0.025	0.032	0.012	0.016	0.008	0.012	0.014	0.017	0.008	0.009	0.006	0.006	0.01	0.009	0.004	0.006	0.006	0.007	0.006	0.004	0.002	0.001	0.006	0.004	0.002	0.002	0.001	0.001	0.002	0	0	0	0.001	0	0.001	0.001	0	0	0.001	0	0	0	0	0.001	0	0	0	0	0	0	0.001	0.001	0	0	0	0	0	0	0	0	0	
1	1	1	1	1	1	1	1	1	1	1	1	1	1	1	1	1	1	1	1	1	1	1	1	1	1	1	1	1	1	1	1	1	1	1	1	1	1	1	1	1	1	1	1	0.998	0.999	0.995	1	0.998	0.995	0.998	0.994	0.998	0.995	0.988	0.997	0.988	0.985	0.98	0.979	0.977	0.973	0.965	0.965	0.968	0.963	0.951	0.947	0.922	0.938	0.939	0.898	0.89	0.903	0.867	0.875	0.846	0.867	0.849	0.822	0.803	0.809	0.788	0.783	0.752	0.75	0.726	0.75	0.709	0.714	0.686	0.669	0.665	0.641	0.65	0.635	0.613	0.587	0.576	0.57	
1	1	1	1	1	1	1	1	1	1	1	1	1	1	1	1	1	1	1	1	1	1	1	1	1	1	1	1	1	1	1	1	1	1	1	0.999	1	1	1	1	1	0.999	0.998	0.999	0.996	1	0.998	0.999	1	0.996	0.998	0.999	0.999	0.996	0.997	0.997	1	0.992	0.995	0.995	0.993	0.994	0.994	0.995	0.992	0.991	0.992	0.994	0.992	0.986	0.986	0.983	0.98	0.979	0.985	0.98	0.985	0.963	0.964	0.961	0.97	0.96	0.952	0.943	0.952	0.962	0.941	0.943	0.932	0.931	0.934	0.923	0.913	0.896	0.895	0.899	0.864	0.859	0.863	0.847	
1	1	1	1	1	1	1	1	1	1	1	1	1	1	1	1	1	1	1	1	1	1	1	1	1	1	1	0.998	0.998	0.996	0.998	0.998	1	0.997	0.998	0.998	0.998	0.996	0.995	0.993	0.99	0.995	0.992	0.988	0.99	0.99	0.989	0.98	0.987	0.985	0.987	0.982	0.984	0.978	0.977	0.974	0.962	0.965	0.96	0.954	0.975	0.961	0.965	0.956	0.951	0.941	0.942	0.932	0.917	0.935	0.919	0.923	0.907	0.911	0.903	0.874	0.877	0.89	0.866	0.867	0.865	0.839	0.845	0.818	0.823	0.803	0.79	0.791	0.787	0.764	0.717	0.754	0.709	0.7	0.693	0.682	0.665	0.654	0.606	0.647	
1	1	1	1	1	1	1	1	1	1	1	1	1	1	1	1	1	1	1	1	1	1	1	1	1	1	1	1	1	1	1	1	1	1	1	1	1	1	1	1	1	1	1	1	1	1	1	1	1	1	1	1	1	1	0.999	0.999	1	1	0.999	0.999	0.999	0.998	0.998	1	0.998	0.999	0.997	0.998	0.996	0.994	0.986	0.991	0.993	0.991	0.984	0.981	0.982	0.974	0.97	0.983	0.966	0.959	0.953	0.946	0.915	0.932	0.915	0.91	0.895	0.895	0.856	0.845	0.853	0.829	0.817	0.773	0.779	0.751	0.717	0.713	
1	1	1	1	1	0.999	1	0.999	0.999	0.999	0.998	0.998	0.999	0.994	0.988	0.996	0.991	0.987	0.979	0.984	0.975	0.957	0.957	0.948	0.937	0.918	0.901	0.865	0.885	0.861	0.82	0.826	0.753	0.756	0.74	0.732	0.68	0.669	0.622	0.577	0.558	0.552	0.486	0.468	0.42	0.426	0.374	0.339	0.33	0.298	0.284	0.273	0.243	0.25	0.215	0.179	0.175	0.173	0.153	0.143	0.112	0.115	0.093	0.098	0.081	0.067	0.052	0.054	0.043	0.044	0.033	0.029	0.034	0.03	0.028	0.017	0.012	0.019	0.015	0.009	0.009	0.007	0.009	0.006	0.002	0.002	0.002	0	0.001	0.002	0	0	0	0.001	0	0	0	0	0	0	
1	1	1	1	1	1	1	1	1	1	1	1	0.999	1	0.999	1	1	1	0.999	1	0.998	0.999	0.998	0.998	0.993	0.995	0.995	0.992	0.994	0.988	0.985	0.976	0.978	0.979	0.971	0.963	0.959	0.94	0.938	0.918	0.924	0.921	0.886	0.888	0.871	0.837	0.836	0.82	0.797	0.772	0.748	0.751	0.737	0.715	0.685	0.648	0.613	0.594	0.6	0.605	0.53	0.534	0.503	0.486	0.432	0.438	0.394	0.362	0.363	0.35	0.31	0.292	0.274	0.275	0.243	0.216	0.195	0.193	0.172	0.151	0.148	0.124	0.113	0.094	0.098	0.081	0.06	0.067	0.054	0.039	0.051	0.053	0.03	0.03	0.019	0.025	0.013	0.014	0.012	0.014	
1	1	1	1	1	1	1	1	1	1	1	1	1	1	1	1	1	1	1	0.999	0.997	1	0.998	1	0.999	0.998	1	0.998	0.997	0.992	0.991	0.997	0.99	0.985	0.985	0.984	0.987	0.979	0.97	0.976	0.959	0.944	0.956	0.948	0.944	0.942	0.928	0.913	0.923	0.889	0.905	0.883	0.868	0.86	0.863	0.847	0.834	0.815	0.797	0.813	0.795	0.786	0.759	0.728	0.704	0.715	0.695	0.699	0.685	0.647	0.63	0.614	0.603	0.586	0.578	0.571	0.526	0.538	0.535	0.502	0.496	0.479	0.467	0.424	0.451	0.454	0.398	0.407	0.393	0.369	0.359	0.383	0.372	0.322	0.333	0.327	0.33	0.31	0.295	0.288	
1	1	1	1	1	1	1	1	1	1	1	1	1	1	1	1	1	1	1	1	1	1	1	1	1	1	1	1	1	1	1	1	1	1	1	1	1	1	0.999	0.999	0.999	0.995	0.996	0.995	0.994	0.989	0.985	0.985	0.98	0.981	0.971	0.961	0.953	0.954	0.949	0.937	0.913	0.906	0.909	0.887	0.883	0.858	0.821	0.824	0.818	0.767	0.747	0.758	0.717	0.704	0.665	0.636	0.598	0.57	0.543	0.532	0.519	0.472	0.446	0.411	0.355	0.379	0.343	0.277	0.292	0.245	0.223	0.214	0.217	0.148	0.156	0.115	0.121	0.089	0.081	0.065	0.053	0.056	0.043	0.036	
1	1	1	1	1	1	1	0.999	1	0.999	0.998	0.999	1	0.994	0.999	0.996	0.995	0.995	0.994	0.993	0.99	0.988	0.988	0.988	0.981	0.982	0.983	0.966	0.972	0.967	0.973	0.955	0.962	0.961	0.952	0.939	0.951	0.928	0.941	0.923	0.938	0.922	0.915	0.905	0.906	0.891	0.892	0.882	0.887	0.887	0.88	0.876	0.86	0.869	0.853	0.826	0.818	0.803	0.803	0.836	0.799	0.797	0.782	0.783	0.768	0.766	0.758	0.775	0.77	0.739	0.738	0.753	0.741	0.708	0.718	0.707	0.708	0.714	0.699	0.716	0.676	0.683	0.696	0.71	0.677	0.681	0.649	0.685	0.654	0.677	0.655	0.667	0.594	0.653	0.644	0.652	0.645	0.628	0.649	0.631	
1	1	1	1	1	1	1	1	1	1	1	1	1	1	1	1	1	1	1	1	1	1	1	1	1	1	1	1	1	1	1	1	1	1	1	1	0.999	0.998	1	0.999	0.998	0.998	0.995	0.997	0.994	0.995	0.992	0.993	0.986	0.984	0.992	0.974	0.971	0.971	0.956	0.957	0.951	0.939	0.941	0.92	0.909	0.879	0.888	0.872	0.839	0.843	0.809	0.814	0.776	0.749	0.723	0.692	0.653	0.615	0.64	0.563	0.581	0.515	0.5	0.446	0.418	0.373	0.342	0.35	0.287	0.287	0.233	0.21	0.199	0.164	0.163	0.129	0.097	0.097	0.09	0.08	0.052	0.05	0.035	0.036	
1	1	1	1	1	0.999	0.999	1	0.999	0.999	0.999	0.993	0.995	0.992	0.991	0.983	0.982	0.976	0.971	0.958	0.946	0.914	0.912	0.881	0.857	0.845	0.82	0.803	0.768	0.738	0.734	0.752	0.692	0.714	0.656	0.636	0.641	0.618	0.587	0.582	0.558	0.551	0.508	0.512	0.512	0.487	0.454	0.429	0.476	0.435	0.386	0.402	0.359	0.366	0.365	0.341	0.332	0.32	0.316	0.278	0.294	0.272	0.272	0.253	0.232	0.248	0.231	0.239	0.205	0.203	0.21	0.188	0.183	0.179	0.176	0.176	0.184	0.168	0.174	0.141	0.152	0.14	0.16	0.169	0.134	0.158	0.136	0.161	0.121	0.136	0.147	0.113	0.166	0.129	0.141	0.112	0.135	0.138	0.156	0.13	
1	1	1	1	1	1	1	1	1	1	1	1	1	1	1	1	1	1	1	1	1	1	1	1	1	1	1	1	1	1	1	1	1	1	1	1	1	1	1	1	1	0.999	1	1	1	0.999	1	0.999	1	1	0.999	0.998	0.998	0.998	0.998	1	0.999	0.993	0.997	0.994	0.992	0.994	0.99	0.994	0.987	0.986	0.983	0.977	0.971	0.967	0.98	0.974	0.97	0.973	0.949	0.948	0.951	0.952	0.946	0.934	0.943	0.91	0.934	0.917	0.92	0.906	0.908	0.886	0.901	0.886	0.873	0.847	0.845	0.859	0.827	0.846	0.848	0.824	0.814	0.795	
1	1	1	1	1	1	1	1	1	1	1	1	1	1	1	1	1	1	1	1	1	1	1	1	1	1	1	0.997	1	1	1	0.998	0.999	1	0.999	0.999	0.996	0.996	0.995	0.991	0.993	0.988	0.995	0.987	0.988	0.981	0.981	0.979	0.978	0.985	0.967	0.969	0.963	0.961	0.959	0.94	0.942	0.952	0.93	0.933	0.926	0.929	0.917	0.926	0.906	0.887	0.901	0.893	0.88	0.867	0.872	0.873	0.874	0.849	0.828	0.828	0.818	0.814	0.814	0.812	0.807	0.784	0.802	0.788	0.787	0.801	0.767	0.77	0.758	0.751	0.73	0.76	0.729	0.741	0.701	0.691	0.711	0.698	0.659	0.67	
0.991	0.986	0.985	0.985	0.983	0.98	0.978	0.976	0.959	0.958	0.952	0.95	0.936	0.931	0.929	0.919	0.878	0.881	0.867	0.844	0.834	0.799	0.799	0.804	0.75	0.738	0.709	0.718	0.698	0.678	0.669	0.648	0.623	0.607	0.62	0.606	0.571	0.579	0.544	0.516	0.512	0.492	0.474	0.495	0.469	0.436	0.401	0.444	0.421	0.394	0.38	0.359	0.357	0.358	0.361	0.346	0.349	0.309	0.294	0.286	0.293	0.264	0.258	0.223	0.237	0.246	0.237	0.239	0.23	0.216	0.179	0.178	0.2	0.164	0.188	0.16	0.149	0.167	0.154	0.142	0.139	0.129	0.132	0.141	0.141	0.117	0.108	0.12	0.121	0.082	0.103	0.101	0.108	0.118	0.102	0.085	0.099	0.092	0.101	0.103	
1	0.999	0.998	1	0.998	0.99	0.988	0.985	0.977	0.969	0.961	0.951	0.956	0.931	0.917	0.903	0.897	0.901	0.88	0.855	0.869	0.844	0.835	0.823	0.809	0.8	0.783	0.764	0.74	0.766	0.745	0.711	0.727	0.688	0.686	0.65	0.65	0.623	0.624	0.623	0.608	0.584	0.562	0.605	0.559	0.541	0.515	0.511	0.496	0.497	0.504	0.445	0.474	0.463	0.434	0.405	0.424	0.434	0.407	0.392	0.368	0.386	0.355	0.352	0.327	0.315	0.316	0.312	0.296	0.323	0.291	0.28	0.293	0.272	0.256	0.263	0.254	0.249	0.198	0.234	0.209	0.225	0.219	0.205	0.207	0.176	0.184	0.182	0.182	0.174	0.193	0.183	0.198	0.199	0.166	0.164	0.175	0.187	0.192	0.164	
1	1	1	1	1	1	1	1	1	1	1	1	1	1	1	1	1	1	1	1	1	1	1	1	1	1	1	0.999	0.999	0.999	1	0.999	1	0.999	0.999	0.998	0.998	0.995	0.993	0.996	0.994	0.989	0.991	0.989	0.988	0.985	0.979	0.969	0.974	0.962	0.963	0.953	0.941	0.936	0.921	0.908	0.903	0.883	0.866	0.86	0.867	0.848	0.82	0.809	0.801	0.78	0.754	0.752	0.724	0.721	0.677	0.671	0.636	0.641	0.612	0.599	0.596	0.567	0.529	0.508	0.516	0.494	0.493	0.481	0.446	0.42	0.418	0.414	0.404	0.384	0.376	0.354	0.383	0.351	0.323	0.289	0.328	0.3	0.301	0.303	
1	0.998	1	0.999	0.997	0.995	0.999	0.996	0.993	0.994	0.989	0.984	0.984	0.972	0.965	0.959	0.948	0.937	0.911	0.909	0.886	0.859	0.839	0.805	0.799	0.756	0.715	0.737	0.678	0.65	0.639	0.599	0.587	0.578	0.536	0.531	0.51	0.467	0.473	0.444	0.438	0.392	0.361	0.403	0.377	0.364	0.354	0.341	0.348	0.279	0.281	0.297	0.264	0.261	0.249	0.241	0.248	0.243	0.22	0.209	0.197	0.197	0.17	0.167	0.163	0.144	0.177	0.163	0.142	0.141	0.127	0.116	0.113	0.108	0.117	0.105	0.108	0.094	0.069	0.088	0.074	0.082	0.075	0.062	0.048	0.046	0.038	0.05	0.035	0.037	0.033	0.026	0.021	0.016	0.019	0.015	0.011	0.017	0.02	0.012	
1	1	1	1	1	1	1	1	1	1	0.999	0.998	0.999	0.999	1	0.996	0.998	0.993	0.99	0.979	0.982	0.981	0.975	0.966	0.946	0.938	0.923	0.92	0.915	0.865	0.868	0.867	0.87	0.828	0.825	0.815	0.783	0.775	0.776	0.74	0.708	0.688	0.664	0.676	0.635	0.636	0.598	0.57	0.559	0.54	0.537	0.479	0.466	0.455	0.432	0.398	0.399	0.358	0.334	0.318	0.306	0.272	0.258	0.261	0.232	0.199	0.176	0.172	0.153	0.136	0.114	0.11	0.097	0.097	0.075	0.089	0.081	0.047	0.045	0.036	0.035	0.027	0.039	0.027	0.022	0.018	0.021	0.013	0.011	0.014	0.014	0.007	0.006	0.007	0.008	0.007	0.005	0.003	0.005	0.005	
0.776	0.767	0.749	0.752	0.684	0.684	0.683	0.641	0.65	0.641	0.578	0.582	0.543	0.567	0.527	0.486	0.478	0.45	0.421	0.415	0.411	0.339	0.325	0.327	0.304	0.306	0.246	0.241	0.221	0.228	0.202	0.163	0.141	0.145	0.141	0.109	0.105	0.108	0.078	0.078	0.074	0.06	0.059	0.029	0.034	0.034	0.032	0.031	0.017	0.014	0.016	0.02	0.013	0.01	0.01	0.003	0.006	0.006	0.003	0.002	0.001	0.003	0.003	0.002	0.002	0.001	0.001	0	0	0	0	0.001	0	0	0.001	0.002	0.001	0	0	0	0	0	0	0	0	0	0	0	0	0	0	0	0	0	0	0	0	0	0	0	
1	1	1	1	1	1	1	1	1	1	1	1	1	1	1	1	1	1	1	1	1	1	1	1	1	1	1	1	1	1	0.999	1	1	1	1	1	0.999	1	1	1	1	0.998	0.998	1	0.999	0.999	0.999	0.998	0.997	0.999	1	1	0.995	0.995	0.993	0.995	0.992	0.991	0.989	0.986	0.988	0.989	0.991	0.994	0.99	0.986	0.981	0.979	0.984	0.985	0.966	0.981	0.968	0.967	0.968	0.966	0.965	0.967	0.958	0.958	0.942	0.95	0.945	0.948	0.94	0.941	0.939	0.92	0.907	0.914	0.915	0.895	0.889	0.888	0.902	0.901	0.866	0.878	0.858	0.854	
0.988	0.986	0.989	0.982	0.972	0.96	0.965	0.95	0.937	0.947	0.915	0.915	0.893	0.892	0.876	0.877	0.832	0.852	0.823	0.837	0.81	0.813	0.78	0.775	0.74	0.784	0.716	0.73	0.717	0.704	0.665	0.661	0.657	0.625	0.636	0.634	0.601	0.555	0.523	0.563	0.54	0.526	0.517	0.491	0.463	0.464	0.415	0.438	0.382	0.413	0.416	0.374	0.338	0.311	0.321	0.299	0.302	0.296	0.246	0.28	0.232	0.224	0.214	0.224	0.198	0.208	0.186	0.174	0.168	0.146	0.153	0.151	0.144	0.13	0.134	0.124	0.093	0.105	0.118	0.117	0.093	0.112	0.092	0.1	0.09	0.077	0.074	0.07	0.065	0.065	0.066	0.085	0.078	0.077	0.069	0.068	0.061	0.054	0.047	0.064	
1	0.998	0.999	0.999	0.996	0.996	0.996	0.994	0.988	0.987	0.984	0.983	0.986	0.979	0.962	0.965	0.95	0.946	0.954	0.92	0.924	0.906	0.895	0.873	0.866	0.851	0.835	0.826	0.782	0.771	0.787	0.748	0.735	0.688	0.682	0.665	0.649	0.623	0.615	0.616	0.574	0.542	0.546	0.481	0.512	0.473	0.489	0.444	0.385	0.385	0.363	0.359	0.301	0.304	0.315	0.283	0.258	0.205	0.213	0.206	0.2	0.181	0.17	0.141	0.111	0.103	0.113	0.087	0.088	0.074	0.065	0.043	0.046	0.039	0.037	0.029	0.031	0.025	0.025	0.016	0.012	0.016	0.01	0.011	0.008	0.007	0.007	0.005	0.008	0.003	0.002	0	0	0.001	0	0.001	0	0	0	0	
1	1	1	1	1	1	1	1	1	1	1	1	1	1	1	1	1	1	1	1	1	1	1	1	1	0.999	0.997	0.995	0.999	0.996	0.996	0.99	0.992	0.99	0.993	0.992	0.987	0.985	0.985	0.978	0.99	0.982	0.976	0.965	0.969	0.967	0.952	0.947	0.952	0.963	0.944	0.94	0.923	0.935	0.93	0.925	0.914	0.919	0.904	0.927	0.909	0.911	0.91	0.881	0.9	0.881	0.896	0.886	0.899	0.871	0.865	0.855	0.873	0.876	0.868	0.865	0.871	0.839	0.865	0.846	0.841	0.832	0.826	0.81	0.835	0.793	0.81	0.786	0.793	0.786	0.783	0.762	0.785	0.76	0.739	0.734	0.724	0.711	0.708	0.698	
1	1	1	1	1	1	1	1	1	1	1	1	1	1	1	1	1	1	1	1	0.999	1	1	1	1	1	1	1	1	1	1	0.999	0.999	1	1	0.998	0.996	0.998	0.998	0.994	0.991	0.995	0.991	0.983	0.991	0.986	0.989	0.979	0.979	0.984	0.975	0.981	0.976	0.975	0.972	0.971	0.952	0.961	0.951	0.955	0.953	0.934	0.942	0.953	0.942	0.933	0.942	0.934	0.929	0.927	0.928	0.918	0.914	0.926	0.915	0.916	0.916	0.899	0.9	0.902	0.887	0.886	0.897	0.869	0.879	0.864	0.862	0.869	0.87	0.852	0.844	0.832	0.841	0.81	0.838	0.833	0.805	0.813	0.795	0.798	
1	1	1	1	1	1	1	1	1	1	1	1	1	1	1	1	0.999	0.999	0.999	0.998	0.999	0.997	0.997	1	0.994	0.993	0.991	0.992	0.973	0.976	0.982	0.963	0.961	0.965	0.949	0.951	0.942	0.914	0.924	0.887	0.869	0.877	0.846	0.843	0.842	0.824	0.815	0.809	0.748	0.752	0.717	0.734	0.742	0.704	0.706	0.646	0.661	0.618	0.616	0.558	0.59	0.537	0.572	0.505	0.472	0.509	0.517	0.457	0.448	0.436	0.427	0.426	0.405	0.373	0.388	0.386	0.353	0.354	0.339	0.323	0.315	0.286	0.29	0.3	0.278	0.27	0.262	0.279	0.251	0.277	0.244	0.23	0.244	0.208	0.207	0.229	0.234	0.207	0.217	0.193	
1	1	1	1	1	1	1	1	1	1	1	1	0.999	1	1	0.998	0.999	1	0.997	0.997	0.997	0.999	0.994	0.997	0.99	0.988	0.986	0.984	0.973	0.978	0.96	0.965	0.966	0.961	0.94	0.948	0.927	0.909	0.914	0.892	0.883	0.872	0.87	0.864	0.834	0.837	0.813	0.821	0.806	0.766	0.765	0.749	0.719	0.698	0.701	0.645	0.647	0.629	0.621	0.573	0.592	0.554	0.569	0.524	0.538	0.486	0.483	0.455	0.473	0.427	0.415	0.381	0.333	0.354	0.36	0.33	0.325	0.303	0.248	0.239	0.221	0.22	0.208	0.171	0.173	0.143	0.133	0.119	0.113	0.107	0.093	0.082	0.086	0.093	0.086	0.074	0.059	0.061	0.051	0.045	
1	1	1	1	1	1	1	1	1	1	1	1	1	1	1	1	1	1	1	1	1	1	1	1	1	1	1	0.999	1	1	1	1	0.999	1	1	0.999	0.999	0.999	0.997	0.995	0.994	0.996	0.998	0.996	0.991	0.993	0.983	0.985	0.991	0.984	0.986	0.971	0.966	0.967	0.954	0.957	0.963	0.952	0.94	0.928	0.926	0.896	0.895	0.887	0.883	0.852	0.831	0.837	0.816	0.782	0.79	0.761	0.731	0.725	0.705	0.656	0.666	0.625	0.616	0.567	0.549	0.529	0.493	0.452	0.443	0.405	0.404	0.364	0.343	0.329	0.286	0.269	0.242	0.221	0.211	0.202	0.153	0.143	0.133	0.107	
0.589	0.544	0.478	0.419	0.405	0.327	0.302	0.229	0.223	0.185	0.167	0.144	0.115	0.096	0.09	0.086	0.069	0.054	0.06	0.056	0.044	0.044	0.037	0.034	0.031	0.02	0.025	0.025	0.019	0.018	0.018	0.015	0.01	0.011	0.012	0.007	0.006	0.008	0.007	0.007	0.005	0.003	0.004	0.004	0.005	0.001	0.001	0.003	0.001	0.002	0.003	0.004	0.001	0.002	0.004	0	0.002	0.001	0.001	0.001	0.001	0	0	0.001	0	0.002	0	0	0	0.001	0.001	0	0	0	0	0.001	0	0.001	0	0.001	0	0	0	0	0	0	0	0	0	0	0	0	0	0	0	0	0	0	0	0	
1	1	1	1	1	1	1	1	1	1	1	1	1	1	1	1	1	1	1	1	1	1	1	1	1	1	1	1	1	1	1	1	1	0.999	1	1	1	0.999	0.998	0.998	0.996	0.994	0.999	0.987	0.991	0.984	0.979	0.984	0.966	0.976	0.961	0.952	0.949	0.947	0.946	0.922	0.911	0.902	0.874	0.867	0.851	0.859	0.834	0.803	0.81	0.795	0.753	0.754	0.721	0.73	0.698	0.667	0.695	0.645	0.657	0.653	0.638	0.601	0.593	0.586	0.551	0.502	0.538	0.507	0.51	0.482	0.508	0.48	0.435	0.45	0.433	0.435	0.401	0.408	0.41	0.401	0.402	0.43	0.369	0.419	
1	1	1	1	1	1	1	1	1	1	1	1	1	1	1	1	1	0.999	0.999	1	1	1	0.998	1	0.997	0.999	1	0.996	1	0.992	0.994	0.994	0.99	0.984	0.986	0.975	0.978	0.975	0.965	0.954	0.951	0.94	0.947	0.927	0.921	0.909	0.882	0.881	0.837	0.845	0.819	0.797	0.786	0.782	0.743	0.737	0.699	0.66	0.669	0.631	0.6	0.57	0.568	0.523	0.505	0.484	0.483	0.449	0.448	0.417	0.417	0.391	0.333	0.364	0.343	0.323	0.321	0.321	0.284	0.325	0.311	0.271	0.253	0.28	0.259	0.234	0.221	0.247	0.216	0.232	0.207	0.197	0.198	0.185	0.199	0.168	0.159	0.172	0.164	0.146	
1	1	1	1	1	1	1	1	1	1	1	1	1	1	1	1	1	1	1	1	1	1	1	1	1	1	1	1	1	1	1	1	1	1	1	1	1	1	1	1	1	1	1	1	1	1	0.999	1	1	0.998	0.999	1	0.999	0.999	0.999	0.997	0.997	0.999	0.995	0.996	0.989	0.994	0.99	0.992	0.989	0.992	0.985	0.986	0.989	0.983	0.982	0.974	0.979	0.975	0.967	0.971	0.961	0.961	0.938	0.947	0.944	0.927	0.915	0.908	0.885	0.909	0.875	0.844	0.867	0.838	0.833	0.82	0.79	0.786	0.762	0.743	0.724	0.693	0.667	0.657	
1	1	1	1	1	1	1	1	1	1	1	1	1	1	1	1	1	1	1	1	1	1	1	1	1	1	1	1	0.998	0.999	0.997	0.997	0.998	0.991	0.991	0.993	0.99	0.979	0.975	0.98	0.979	0.97	0.967	0.961	0.962	0.944	0.942	0.941	0.922	0.923	0.912	0.905	0.885	0.875	0.857	0.837	0.829	0.799	0.806	0.759	0.756	0.745	0.731	0.697	0.685	0.667	0.655	0.603	0.595	0.55	0.536	0.479	0.464	0.446	0.413	0.391	0.35	0.347	0.307	0.284	0.244	0.241	0.193	0.186	0.185	0.158	0.131	0.114	0.113	0.091	0.083	0.066	0.058	0.039	0.044	0.033	0.03	0.018	0.018	0.009	
1	1	1	1	1	1	1	1	1	1	1	1	1	1	1	1	0.999	0.999	0.993	0.997	0.993	0.993	0.992	0.988	0.978	0.981	0.977	0.97	0.968	0.958	0.938	0.938	0.94	0.919	0.888	0.879	0.862	0.843	0.834	0.823	0.78	0.798	0.771	0.712	0.708	0.715	0.658	0.656	0.62	0.642	0.571	0.543	0.523	0.504	0.507	0.441	0.467	0.426	0.411	0.38	0.361	0.357	0.321	0.303	0.291	0.257	0.236	0.245	0.198	0.188	0.184	0.185	0.161	0.161	0.141	0.114	0.134	0.097	0.094	0.086	0.086	0.068	0.055	0.05	0.045	0.057	0.038	0.03	0.029	0.036	0.027	0.017	0.016	0.016	0.009	0.01	0.008	0.012	0.007	0.001	
1	1	1	1	1	1	1	1	0.999	1	0.999	0.999	0.996	0.995	0.995	0.997	0.991	0.99	0.987	0.99	0.986	0.974	0.969	0.964	0.962	0.954	0.949	0.953	0.947	0.934	0.937	0.917	0.904	0.907	0.88	0.862	0.869	0.836	0.832	0.806	0.804	0.777	0.774	0.786	0.736	0.731	0.726	0.687	0.687	0.671	0.627	0.646	0.627	0.608	0.585	0.568	0.574	0.543	0.524	0.537	0.491	0.472	0.421	0.424	0.431	0.386	0.369	0.383	0.371	0.348	0.326	0.302	0.248	0.27	0.264	0.228	0.26	0.201	0.208	0.194	0.168	0.174	0.137	0.124	0.12	0.121	0.124	0.104	0.071	0.061	0.057	0.059	0.055	0.056	0.034	0.032	0.024	0.026	0.029	0.028	
0.806	0.741	0.723	0.67	0.617	0.617	0.587	0.561	0.496	0.456	0.434	0.429	0.381	0.351	0.298	0.291	0.286	0.223	0.209	0.201	0.189	0.186	0.158	0.122	0.13	0.132	0.104	0.09	0.081	0.065	0.057	0.042	0.047	0.051	0.032	0.04	0.026	0.022	0.018	0.016	0.015	0.012	0.014	0.009	0.005	0.012	0.009	0.003	0.01	0.007	0.002	0.002	0.004	0.001	0.002	0.003	0.001	0.003	0.002	0	0.001	0	0	0	0.001	0	0	0	0	0	0	0	0	0	0	0	0	0	0	0	0	0	0	0	0	0	0	0	0	0	0	0	0	0	0	0	0	0	0	0	
1	1	1	1	1	1	1	1	1	0.999	1	0.999	0.999	0.999	0.998	0.995	0.989	0.994	0.991	0.995	0.983	0.983	0.978	0.98	0.971	0.961	0.966	0.955	0.938	0.941	0.944	0.923	0.919	0.9	0.891	0.875	0.878	0.87	0.854	0.846	0.827	0.808	0.776	0.769	0.775	0.717	0.735	0.725	0.68	0.642	0.663	0.642	0.605	0.598	0.551	0.522	0.53	0.547	0.477	0.48	0.391	0.442	0.411	0.378	0.383	0.363	0.322	0.299	0.272	0.284	0.243	0.279	0.222	0.217	0.194	0.194	0.184	0.163	0.15	0.116	0.124	0.106	0.114	0.095	0.083	0.072	0.078	0.069	0.056	0.051	0.036	0.041	0.042	0.033	0.029	0.03	0.019	0.021	0.017	0.01	
0.996	0.99	0.994	0.989	0.98	0.971	0.959	0.964	0.926	0.926	0.887	0.875	0.869	0.833	0.811	0.769	0.755	0.725	0.698	0.646	0.607	0.612	0.544	0.534	0.488	0.444	0.445	0.44	0.424	0.384	0.365	0.338	0.326	0.32	0.29	0.275	0.282	0.256	0.249	0.239	0.233	0.212	0.197	0.207	0.178	0.191	0.159	0.195	0.134	0.167	0.134	0.119	0.123	0.125	0.136	0.119	0.111	0.101	0.105	0.107	0.089	0.107	0.086	0.093	0.095	0.072	0.067	0.063	0.056	0.065	0.068	0.07	0.076	0.069	0.059	0.06	0.05	0.072	0.061	0.072	0.066	0.052	0.061	0.072	0.073	0.066	0.073	0.054	0.068	0.076	0.075	0.061	0.067	0.079	0.065	0.069	0.083	0.098	0.087	0.09	
1	1	1	1	1	1	1	1	1	1	1	1	1	1	0.999	1	1	1	1	1	1	0.999	1	0.999	0.998	0.999	0.999	0.999	1	0.999	0.999	0.999	0.995	0.998	0.996	0.995	0.99	0.99	0.991	0.979	0.979	0.976	0.973	0.967	0.969	0.958	0.954	0.953	0.943	0.921	0.896	0.886	0.889	0.874	0.848	0.827	0.81	0.812	0.793	0.767	0.764	0.731	0.701	0.711	0.649	0.651	0.604	0.592	0.58	0.566	0.554	0.52	0.521	0.507	0.492	0.484	0.463	0.402	0.422	0.388	0.371	0.366	0.354	0.337	0.315	0.342	0.314	0.291	0.289	0.291	0.277	0.266	0.254	0.244	0.235	0.212	0.205	0.227	0.21	0.197	
0.936	0.91	0.876	0.851	0.832	0.762	0.73	0.677	0.614	0.585	0.499	0.508	0.43	0.397	0.353	0.348	0.292	0.278	0.256	0.25	0.234	0.213	0.187	0.166	0.163	0.154	0.145	0.148	0.118	0.132	0.116	0.122	0.103	0.112	0.104	0.077	0.085	0.094	0.087	0.067	0.071	0.084	0.071	0.074	0.069	0.066	0.058	0.055	0.059	0.066	0.055	0.058	0.053	0.059	0.051	0.05	0.04	0.045	0.049	0.051	0.043	0.049	0.045	0.044	0.048	0.026	0.04	0.032	0.044	0.034	0.036	0.034	0.036	0.035	0.041	0.037	0.04	0.034	0.039	0.041	0.04	0.047	0.044	0.046	0.036	0.042	0.044	0.053	0.036	0.047	0.046	0.057	0.056	0.065	0.067	0.062	0.065	0.063	0.061	0.072	
1	1	1	1	1	1	1	1	1	1	1	1	1	1	1	1	1	1	0.999	1	0.998	0.999	0.998	0.999	1	1	0.999	0.997	0.999	0.998	0.996	0.999	0.995	0.994	0.996	0.996	0.995	0.997	0.99	0.992	0.993	0.987	0.989	0.985	0.99	0.985	0.989	0.983	0.977	0.982	0.973	0.977	0.975	0.972	0.967	0.973	0.963	0.963	0.966	0.96	0.95	0.941	0.958	0.947	0.96	0.945	0.933	0.921	0.924	0.932	0.929	0.908	0.924	0.908	0.908	0.921	0.908	0.9	0.915	0.893	0.878	0.887	0.904	0.87	0.886	0.853	0.877	0.862	0.856	0.857	0.857	0.867	0.852	0.844	0.841	0.812	0.828	0.831	0.823	0.836	
1	1	1	1	1	1	1	1	1	1	1	1	1	1	1	1	1	0.999	1	1	1	0.998	0.999	1	0.993	0.995	0.991	0.994	0.984	0.983	0.973	0.966	0.951	0.938	0.931	0.923	0.885	0.866	0.859	0.822	0.781	0.766	0.71	0.693	0.698	0.627	0.613	0.54	0.522	0.461	0.424	0.397	0.363	0.312	0.314	0.291	0.262	0.24	0.207	0.166	0.135	0.147	0.124	0.111	0.101	0.084	0.067	0.073	0.054	0.055	0.057	0.034	0.041	0.037	0.03	0.03	0.025	0.017	0.016	0.012	0.014	0.007	0.009	0.004	0.004	0.003	0.005	0.004	0.004	0.001	0.002	0.001	0.004	0	0.001	0.002	0	0.001	0.002	0	
1	1	1	1	1	1	1	1	1	1	1	1	1	1	1	1	1	1	1	1	1	1	1	1	1	1	1	1	1	1	0.998	0.997	1	0.995	0.997	0.99	0.996	0.993	0.989	0.99	0.989	0.984	0.978	0.962	0.959	0.963	0.95	0.941	0.923	0.917	0.896	0.901	0.869	0.854	0.837	0.831	0.791	0.81	0.755	0.773	0.727	0.663	0.659	0.632	0.632	0.595	0.561	0.502	0.514	0.458	0.433	0.435	0.376	0.36	0.305	0.266	0.254	0.23	0.242	0.216	0.164	0.166	0.136	0.124	0.109	0.093	0.077	0.065	0.054	0.049	0.045	0.026	0.028	0.025	0.024	0.013	0.011	0.007	0.005	0.007	
1	1	0.997	0.999	0.998	1	0.998	0.997	0.995	0.992	0.987	0.991	0.986	0.987	0.977	0.978	0.973	0.97	0.953	0.955	0.954	0.937	0.93	0.925	0.91	0.902	0.899	0.872	0.871	0.867	0.848	0.839	0.847	0.835	0.785	0.783	0.772	0.758	0.756	0.729	0.717	0.678	0.683	0.658	0.648	0.632	0.602	0.58	0.566	0.54	0.536	0.541	0.491	0.503	0.477	0.469	0.484	0.476	0.438	0.424	0.407	0.364	0.407	0.375	0.378	0.356	0.367	0.363	0.34	0.335	0.305	0.328	0.309	0.314	0.277	0.288	0.276	0.244	0.252	0.284	0.269	0.267	0.244	0.232	0.235	0.245	0.27	0.232	0.244	0.214	0.222	0.241	0.215	0.243	0.236	0.225	0.206	0.221	0.222	0.225	
1	1	1	1	1	1	1	1	1	1	1	1	0.999	0.999	1	1	1	0.999	1	1	1	0.999	0.999	0.998	0.997	0.996	0.99	0.992	0.983	0.995	0.988	0.985	0.983	0.976	0.973	0.97	0.963	0.959	0.954	0.943	0.931	0.931	0.92	0.914	0.904	0.893	0.874	0.843	0.848	0.846	0.81	0.804	0.768	0.758	0.732	0.729	0.716	0.697	0.679	0.64	0.621	0.608	0.618	0.582	0.537	0.515	0.535	0.482	0.435	0.437	0.433	0.415	0.417	0.374	0.341	0.308	0.319	0.282	0.264	0.269	0.249	0.234	0.221	0.212	0.178	0.165	0.157	0.148	0.171	0.146	0.135	0.127	0.108	0.104	0.095	0.087	0.065	0.074	0.078	0.057	
1	1	1	1	1	1	1	1	1	1	1	1	1	1	1	1	1	1	1	1	1	1	1	0.999	1	1	1	1	1	0.999	1	0.999	0.996	0.997	0.988	0.991	0.992	0.988	0.98	0.974	0.962	0.961	0.934	0.941	0.921	0.908	0.889	0.896	0.866	0.871	0.85	0.822	0.824	0.797	0.778	0.74	0.731	0.725	0.688	0.657	0.586	0.602	0.593	0.569	0.536	0.46	0.486	0.456	0.42	0.377	0.357	0.366	0.31	0.281	0.27	0.272	0.207	0.22	0.2	0.167	0.148	0.121	0.115	0.104	0.087	0.081	0.076	0.054	0.045	0.043	0.03	0.028	0.025	0.016	0.02	0.009	0.015	0.005	0.008	0.012	
0.987	0.967	0.974	0.942	0.926	0.917	0.867	0.88	0.841	0.851	0.825	0.767	0.754	0.735	0.685	0.694	0.691	0.666	0.607	0.632	0.616	0.555	0.553	0.538	0.514	0.505	0.505	0.53	0.49	0.473	0.474	0.443	0.483	0.437	0.439	0.434	0.46	0.423	0.413	0.401	0.424	0.406	0.401	0.396	0.41	0.409	0.399	0.37	0.381	0.384	0.41	0.387	0.387	0.361	0.434	0.444	0.397	0.41	0.426	0.419	0.418	0.417	0.44	0.417	0.375	0.437	0.429	0.431	0.49	0.404	0.44	0.434	0.437	0.458	0.451	0.463	0.437	0.446	0.442	0.48	0.447	0.457	0.474	0.483	0.473	0.471	0.458	0.468	0.486	0.446	0.465	0.468	0.47	0.488	0.498	0.47	0.496	0.494	0.477	0.522	
1	1	1	1	1	1	1	1	1	1	1	1	1	1	1	1	1	1	1	1	1	1	1	1	1	1	1	1	1	1	1	1	1	1	1	1	1	1	1	0.999	0.999	0.998	0.998	1	0.999	0.997	0.998	0.993	0.995	0.99	0.994	0.99	0.989	0.988	0.986	0.971	0.972	0.962	0.961	0.956	0.935	0.943	0.926	0.913	0.905	0.884	0.877	0.864	0.853	0.809	0.805	0.759	0.727	0.733	0.74	0.699	0.678	0.608	0.627	0.612	0.556	0.54	0.497	0.474	0.451	0.4	0.368	0.362	0.347	0.327	0.321	0.266	0.26	0.24	0.222	0.21	0.188	0.18	0.161	0.152	
1	1	1	1	1	1	0.998	1	1	1	0.999	1	0.999	1	1	1	0.998	0.997	0.999	0.998	0.999	0.997	0.997	0.999	0.988	0.995	0.997	0.991	0.996	0.993	0.988	0.996	0.989	0.992	0.99	0.993	0.994	0.984	0.988	0.987	0.978	0.986	0.982	0.98	0.987	0.982	0.979	0.978	0.977	0.981	0.968	0.971	0.972	0.978	0.975	0.971	0.974	0.972	0.976	0.961	0.964	0.953	0.955	0.956	0.962	0.956	0.942	0.944	0.95	0.936	0.962	0.938	0.931	0.939	0.934	0.926	0.919	0.919	0.922	0.909	0.918	0.933	0.898	0.911	0.912	0.886	0.909	0.917	0.904	0.885	0.899	0.906	0.885	0.89	0.874	0.903	0.888	0.891	0.892	0.879	
0.983	0.995	0.988	0.988	0.98	0.986	0.978	0.97	0.962	0.97	0.952	0.955	0.951	0.953	0.96	0.941	0.942	0.935	0.924	0.92	0.92	0.918	0.923	0.909	0.922	0.909	0.917	0.893	0.896	0.898	0.885	0.867	0.868	0.876	0.891	0.87	0.853	0.862	0.856	0.87	0.861	0.839	0.825	0.841	0.832	0.816	0.822	0.844	0.825	0.829	0.836	0.813	0.809	0.807	0.786	0.822	0.814	0.766	0.777	0.798	0.783	0.78	0.783	0.77	0.786	0.752	0.757	0.735	0.761	0.747	0.772	0.723	0.739	0.739	0.708	0.724	0.682	0.708	0.699	0.676	0.694	0.693	0.682	0.669	0.664	0.687	0.652	0.639	0.622	0.643	0.621	0.673	0.62	0.607	0.627	0.617	0.614	0.62	0.608	0.635	
0.315	0.299	0.282	0.243	0.219	0.195	0.16	0.132	0.122	0.11	0.102	0.093	0.071	0.066	0.063	0.066	0.039	0.032	0.034	0.035	0.024	0.018	0.017	0.019	0.015	0.007	0.011	0.006	0.004	0.006	0.007	0.005	0.005	0.004	0.001	0.001	0.001	0	0	0.001	0.001	0	0.001	0	0	0	0	0	0	0	0	0	0	0	0	0	0	0	0	0	0	0	0	0	0	0	0	0	0	0	0	0	0	0	0	0	0	0	0	0	0	0	0	0	0	0	0	0	0	0	0	0	0	0	0	0	0	0	0	0	
0.996	0.995	0.998	0.998	0.996	0.992	0.996	0.99	0.991	0.993	0.987	0.983	0.991	0.991	0.99	0.977	0.985	0.972	0.98	0.958	0.973	0.962	0.953	0.974	0.949	0.945	0.952	0.955	0.95	0.924	0.941	0.909	0.917	0.907	0.89	0.897	0.883	0.868	0.85	0.844	0.822	0.804	0.786	0.784	0.778	0.77	0.755	0.721	0.709	0.72	0.693	0.663	0.643	0.611	0.627	0.566	0.573	0.53	0.524	0.515	0.483	0.469	0.459	0.436	0.407	0.391	0.413	0.397	0.369	0.355	0.333	0.315	0.293	0.298	0.288	0.275	0.265	0.242	0.24	0.229	0.24	0.213	0.231	0.218	0.216	0.209	0.194	0.199	0.203	0.197	0.193	0.196	0.191	0.2	0.18	0.185	0.194	0.167	0.2	0.189	
1	1	1	0.997	0.992	0.987	0.991	0.966	0.962	0.928	0.915	0.905	0.88	0.841	0.812	0.792	0.784	0.752	0.715	0.657	0.654	0.663	0.637	0.617	0.543	0.541	0.532	0.493	0.475	0.444	0.41	0.385	0.403	0.359	0.309	0.3	0.312	0.273	0.26	0.232	0.218	0.165	0.176	0.154	0.168	0.137	0.12	0.131	0.12	0.079	0.099	0.067	0.072	0.065	0.054	0.061	0.041	0.044	0.032	0.031	0.028	0.018	0.025	0.016	0.017	0.009	0.007	0.009	0.005	0.002	0.005	0.005	0.005	0.002	0.004	0.001	0.001	0.003	0	0	0	0	0	0.001	0.001	0.001	0	0	0	0	0	0	0	0	0	0	0	0	0	0	
1	1	1	1	1	1	1	1	1	1	1	1	1	0.999	0.999	1	0.998	0.999	0.995	0.993	0.986	0.984	0.991	0.987	0.978	0.97	0.982	0.975	0.956	0.939	0.944	0.928	0.928	0.925	0.92	0.883	0.891	0.865	0.866	0.84	0.833	0.811	0.807	0.789	0.791	0.79	0.77	0.739	0.743	0.766	0.712	0.724	0.697	0.673	0.691	0.652	0.635	0.633	0.614	0.62	0.578	0.556	0.573	0.549	0.548	0.515	0.506	0.475	0.447	0.467	0.429	0.426	0.4	0.427	0.381	0.388	0.356	0.322	0.329	0.301	0.288	0.27	0.275	0.241	0.216	0.227	0.198	0.198	0.19	0.154	0.165	0.157	0.132	0.133	0.11	0.113	0.097	0.092	0.082	0.1	
0.859	0.826	0.793	0.774	0.743	0.717	0.673	0.687	0.609	0.619	0.614	0.594	0.554	0.561	0.548	0.528	0.523	0.51	0.511	0.477	0.497	0.488	0.448	0.492	0.475	0.457	0.435	0.434	0.443	0.452	0.425	0.418	0.404	0.448	0.361	0.368	0.401	0.405	0.374	0.384	0.379	0.388	0.365	0.374	0.361	0.376	0.358	0.328	0.344	0.341	0.335	0.317	0.332	0.327	0.338	0.291	0.297	0.313	0.275	0.295	0.295	0.309	0.299	0.301	0.284	0.285	0.278	0.283	0.278	0.276	0.261	0.239	0.28	0.266	0.267	0.247	0.288	0.263	0.249	0.263	0.262	0.242	0.256	0.241	0.258	0.253	0.227	0.247	0.249	0.245	0.261	0.241	0.237	0.272	0.275	0.28	0.246	0.254	0.262	0.296	
1	1	1	1	1	1	1	0.998	0.999	0.992	0.992	0.986	0.981	0.978	0.965	0.956	0.941	0.929	0.9	0.885	0.867	0.855	0.826	0.82	0.753	0.745	0.714	0.677	0.631	0.615	0.583	0.549	0.52	0.528	0.494	0.474	0.428	0.391	0.384	0.364	0.347	0.348	0.334	0.271	0.297	0.28	0.24	0.236	0.221	0.224	0.213	0.177	0.196	0.188	0.185	0.182	0.147	0.139	0.144	0.126	0.117	0.109	0.112	0.117	0.115	0.13	0.11	0.108	0.103	0.097	0.089	0.089	0.084	0.083	0.102	0.095	0.084	0.075	0.085	0.099	0.089	0.078	0.093	0.071	0.095	0.085	0.081	0.092	0.079	0.067	0.081	0.081	0.091	0.085	0.106	0.094	0.114	0.109	0.125	0.1	
1	1	1	1	1	1	1	1	1	1	1	1	1	1	1	1	1	1	1	1	1	1	1	1	1	1	1	0.999	0.998	0.998	0.998	0.998	0.996	0.996	0.996	0.996	0.994	0.994	0.989	0.987	0.994	0.984	0.977	0.983	0.984	0.977	0.98	0.982	0.977	0.969	0.973	0.973	0.97	0.963	0.937	0.96	0.944	0.952	0.951	0.948	0.939	0.935	0.921	0.92	0.915	0.921	0.913	0.891	0.89	0.894	0.883	0.877	0.873	0.855	0.841	0.842	0.834	0.803	0.8	0.803	0.79	0.791	0.777	0.747	0.751	0.74	0.712	0.706	0.703	0.673	0.664	0.673	0.649	0.642	0.603	0.583	0.61	0.562	0.55	0.546	
1	1	1	1	1	1	1	1	1	1	1	1	1	1	0.999	1	0.999	0.999	1	1	1	0.999	0.999	1	1	0.999	0.997	0.999	0.999	0.996	0.997	0.997	0.995	0.989	0.993	0.992	0.985	0.992	0.989	0.98	0.985	0.984	0.981	0.973	0.976	0.979	0.968	0.968	0.953	0.956	0.963	0.949	0.956	0.957	0.947	0.938	0.945	0.941	0.939	0.92	0.923	0.923	0.918	0.916	0.904	0.914	0.891	0.892	0.867	0.9	0.879	0.89	0.844	0.866	0.84	0.86	0.831	0.843	0.85	0.838	0.832	0.831	0.803	0.794	0.777	0.798	0.796	0.774	0.764	0.76	0.76	0.744	0.765	0.744	0.747	0.742	0.725	0.709	0.711	0.72	
0.997	1	0.999	0.997	0.997	0.995	0.993	0.991	0.99	0.99	0.98	0.986	0.975	0.97	0.958	0.959	0.943	0.953	0.933	0.933	0.934	0.933	0.891	0.891	0.886	0.868	0.853	0.846	0.825	0.813	0.808	0.819	0.819	0.751	0.758	0.738	0.708	0.713	0.693	0.687	0.697	0.668	0.655	0.64	0.598	0.603	0.573	0.569	0.562	0.508	0.489	0.461	0.471	0.455	0.442	0.437	0.432	0.393	0.388	0.41	0.348	0.351	0.314	0.289	0.261	0.261	0.255	0.216	0.214	0.231	0.204	0.192	0.168	0.167	0.141	0.16	0.122	0.112	0.103	0.091	0.086	0.086	0.077	0.066	0.069	0.049	0.048	0.047	0.043	0.037	0.045	0.038	0.029	0.02	0.029	0.028	0.022	0.023	0.02	0.02	
1	1	1	1	1	1	1	1	1	1	1	1	1	0.999	1	1	1	1	0.998	1	1	0.998	0.999	0.997	0.998	0.997	0.995	0.998	0.997	0.998	0.994	0.99	0.993	0.996	0.992	0.99	0.984	0.988	0.982	0.983	0.982	0.981	0.979	0.978	0.968	0.973	0.947	0.961	0.953	0.959	0.94	0.948	0.925	0.934	0.929	0.916	0.909	0.898	0.881	0.874	0.86	0.839	0.834	0.793	0.823	0.805	0.764	0.736	0.737	0.732	0.706	0.677	0.642	0.625	0.622	0.613	0.564	0.535	0.527	0.517	0.491	0.47	0.452	0.422	0.362	0.335	0.347	0.338	0.303	0.308	0.28	0.283	0.235	0.226	0.193	0.175	0.179	0.151	0.15	0.134	
1	1	1	1	1	1	1	1	1	1	1	1	1	1	1	1	1	1	1	0.998	0.999	1	1	1	0.999	0.998	1	0.998	0.999	0.998	0.999	0.996	0.993	0.992	0.99	0.986	0.988	0.98	0.976	0.972	0.976	0.968	0.958	0.961	0.952	0.941	0.928	0.937	0.904	0.932	0.916	0.898	0.874	0.843	0.859	0.824	0.805	0.819	0.805	0.779	0.777	0.756	0.737	0.717	0.711	0.703	0.697	0.697	0.649	0.644	0.618	0.599	0.622	0.591	0.581	0.57	0.547	0.532	0.51	0.479	0.497	0.476	0.456	0.47	0.434	0.418	0.451	0.451	0.406	0.41	0.41	0.402	0.356	0.395	0.363	0.351	0.353	0.362	0.37	0.375	
1	1	1	1	1	1	1	1	1	1	1	1	1	1	1	1	1	1	1	1	1	1	1	1	0.999	1	0.999	0.999	0.998	0.999	0.999	0.997	0.996	0.991	0.995	0.993	0.983	0.985	0.983	0.973	0.973	0.967	0.954	0.935	0.923	0.919	0.892	0.912	0.872	0.861	0.832	0.825	0.806	0.801	0.752	0.73	0.724	0.681	0.666	0.662	0.639	0.61	0.55	0.542	0.505	0.482	0.43	0.421	0.406	0.385	0.332	0.291	0.292	0.269	0.208	0.217	0.222	0.174	0.14	0.123	0.116	0.099	0.095	0.069	0.069	0.055	0.043	0.048	0.03	0.024	0.024	0.019	0.008	0.011	0.013	0.012	0.011	0.004	0.006	0.007	
1	1	1	1	1	1	1	1	1	1	1	1	1	1	1	1	1	1	1	1	0.999	0.998	0.997	0.995	0.992	0.99	0.987	0.979	0.98	0.969	0.96	0.95	0.952	0.933	0.916	0.911	0.895	0.891	0.869	0.856	0.843	0.817	0.832	0.789	0.78	0.744	0.734	0.714	0.704	0.676	0.69	0.666	0.67	0.636	0.615	0.569	0.573	0.567	0.551	0.535	0.531	0.48	0.467	0.431	0.462	0.449	0.452	0.401	0.388	0.353	0.372	0.338	0.332	0.322	0.309	0.312	0.295	0.27	0.293	0.268	0.252	0.226	0.237	0.206	0.2	0.174	0.194	0.171	0.163	0.17	0.162	0.144	0.128	0.142	0.105	0.11	0.1	0.092	0.09	0.072	
