1	1	1	1	1	1	1	1	1	1	1	1	1	1	1	1	1	1	1	1	1	1	1	1	1	1	1	0.999	0.999	0.999	1	0.999	0.999	0.998	0.994	0.99	0.983	0.98	0.975	0.968	0.965	0.962	0.945	0.929	0.938	0.903	0.872	0.886	0.853	0.832	0.817	0.79	0.766	0.723	0.725	0.675	0.641	0.633	0.577	0.568	0.551	0.474	0.462	0.442	0.429	0.415	0.368	0.359	0.299	0.311	0.282	0.261	0.249	0.232	0.222	0.201	0.184	0.17	0.161	0.132	0.145	0.118	0.11	0.119	0.098	0.083	0.079	0.071	0.077	0.074	0.053	0.051	0.036	0.034	0.039	0.023	0.026	0.027	0.022	0.015	
1	1	1	1	1	1	1	1	1	1	1	1	1	1	1	1	1	1	1	1	1	1	1	1	1	1	1	1	1	1	1	1	1	1	1	1	1	1	1	1	1	1	1	1	1	0.999	1	0.998	1	0.997	1	0.998	0.997	0.996	0.999	0.995	0.998	0.995	0.991	0.986	0.98	0.984	0.983	0.978	0.972	0.974	0.96	0.965	0.968	0.957	0.943	0.928	0.919	0.924	0.914	0.915	0.902	0.879	0.883	0.873	0.865	0.854	0.839	0.828	0.796	0.799	0.808	0.776	0.758	0.723	0.738	0.711	0.69	0.711	0.65	0.683	0.636	0.64	0.618	0.615	
1	1	1	1	1	1	1	1	1	1	1	1	1	1	1	1	1	1	1	1	1	1	1	1	1	1	1	1	1	0.999	0.998	0.998	0.998	0.997	0.998	0.999	0.999	0.995	0.995	0.99	0.995	0.985	0.98	0.984	0.966	0.972	0.953	0.935	0.94	0.933	0.909	0.89	0.905	0.87	0.845	0.829	0.828	0.789	0.772	0.737	0.708	0.709	0.709	0.692	0.646	0.635	0.65	0.629	0.589	0.606	0.571	0.542	0.545	0.556	0.526	0.515	0.511	0.503	0.5	0.486	0.493	0.453	0.46	0.451	0.438	0.438	0.446	0.439	0.427	0.433	0.422	0.444	0.436	0.437	0.461	0.426	0.434	0.414	0.425	0.437	
1	1	1	1	1	1	1	1	1	1	1	1	1	1	1	1	1	1	1	1	1	1	1	1	1	1	1	1	1	1	1	1	0.999	1	0.998	0.999	0.998	0.997	0.994	0.997	0.992	0.994	0.99	0.988	0.989	0.985	0.98	0.971	0.982	0.972	0.97	0.959	0.955	0.955	0.943	0.942	0.932	0.929	0.889	0.898	0.881	0.889	0.834	0.867	0.837	0.816	0.816	0.802	0.776	0.735	0.755	0.715	0.723	0.685	0.683	0.65	0.622	0.641	0.604	0.577	0.552	0.517	0.479	0.481	0.472	0.436	0.375	0.396	0.372	0.365	0.355	0.312	0.301	0.293	0.286	0.254	0.242	0.217	0.201	0.171	
1	1	1	1	1	1	1	1	1	1	1	1	1	1	1	1	1	1	1	1	1	1	1	1	0.997	1	1	0.999	0.999	0.997	0.996	0.995	0.989	0.99	0.982	0.989	0.981	0.975	0.956	0.953	0.947	0.945	0.926	0.912	0.91	0.887	0.864	0.855	0.846	0.814	0.756	0.781	0.727	0.703	0.688	0.662	0.621	0.64	0.549	0.551	0.492	0.505	0.483	0.412	0.39	0.383	0.343	0.337	0.297	0.294	0.246	0.239	0.22	0.174	0.151	0.16	0.15	0.123	0.106	0.094	0.078	0.084	0.056	0.05	0.045	0.043	0.042	0.032	0.035	0.025	0.021	0.022	0.022	0.015	0.017	0.01	0.009	0.006	0.005	0.005	
0.009	0.007	0.002	0.006	0.002	0.005	0.006	0	0.004	0.003	0.001	0.001	0	0.001	0.002	0.001	0.001	0.001	0.002	0.001	0.001	0	0.001	0.001	0.001	0.001	0.001	0	0.001	0	0	0.001	0.001	0.001	0.001	0.001	0	0	0.001	0.001	0.002	0	0	0	0	0	0	0	0	0	0.001	0	0	0.002	0	0.001	0.001	0	0	0	0	0	0.001	0	0	0	0	0.001	0	0	0	0	0	0	0	0	0	0	0	0	0	0	0	0	0	0	0	0	0	0	0	0	0.001	0.001	0	0	0	0	0	0	
0.996	0.99	0.982	0.981	0.967	0.958	0.922	0.898	0.859	0.818	0.8	0.726	0.688	0.66	0.582	0.544	0.521	0.458	0.393	0.365	0.326	0.293	0.259	0.206	0.184	0.149	0.132	0.121	0.099	0.074	0.069	0.076	0.062	0.042	0.044	0.019	0.029	0.017	0.02	0.009	0.018	0.008	0.013	0.012	0.009	0.009	0.006	0.004	0.005	0.002	0.001	0.002	0.001	0.001	0	0.002	0.002	0	0	0	0.001	0	0	0	0	0.001	0	0	0	0	0	0	0	0	0	0	0	0	0	0	0	0	0	0	0	0	0	0	0	0	0	0	0	0	0	0	0	0	0	0	
1	1	1	1	1	1	1	1	1	1	1	1	1	1	1	1	1	1	1	1	1	1	1	1	1	1	1	1	1	1	1	1	1	1	1	1	1	1	1	1	1	0.999	1	0.999	0.999	0.999	0.996	0.998	0.998	0.998	0.995	0.996	0.99	0.988	0.975	0.979	0.976	0.976	0.975	0.968	0.966	0.952	0.939	0.928	0.922	0.913	0.917	0.912	0.859	0.869	0.836	0.839	0.81	0.803	0.789	0.773	0.731	0.741	0.707	0.643	0.651	0.605	0.601	0.605	0.586	0.548	0.533	0.506	0.474	0.476	0.435	0.379	0.415	0.354	0.367	0.309	0.31	0.284	0.255	0.22	
0.669	0.615	0.565	0.441	0.383	0.31	0.243	0.178	0.149	0.107	0.061	0.048	0.034	0.025	0.018	0.012	0.011	0.006	0.003	0.008	0.003	0.002	0.003	0	0	0.001	0	0	0	0	0	0	0	0	0	0	0	0	0	0	0	0	0	0	0	0	0	0	0	0	0	0	0	0	0	0	0	0	0	0	0	0	0	0	0	0	0	0	0	0	0	0	0	0	0	0	0	0	0	0	0	0	0	0	0	0	0	0	0	0	0	0	0	0	0	0	0	0	0	0	
1	1	1	1	1	1	1	1	1	1	1	1	1	1	1	1	1	1	1	1	1	1	1	1	1	1	0.999	1	0.999	0.998	0.995	0.995	0.995	0.994	0.991	0.994	0.981	0.976	0.97	0.967	0.961	0.946	0.945	0.922	0.91	0.903	0.87	0.837	0.841	0.793	0.777	0.719	0.733	0.694	0.64	0.635	0.6	0.56	0.537	0.497	0.465	0.447	0.438	0.394	0.37	0.323	0.313	0.347	0.283	0.267	0.283	0.256	0.228	0.244	0.218	0.218	0.168	0.175	0.18	0.133	0.136	0.128	0.138	0.105	0.089	0.075	0.088	0.083	0.082	0.071	0.069	0.068	0.058	0.042	0.054	0.046	0.046	0.032	0.03	0.033	
1	1	1	1	1	1	1	1	1	1	1	1	1	1	1	1	1	1	1	1	1	1	1	1	1	1	1	1	1	1	1	1	1	1	0.999	0.999	0.999	1	0.999	0.999	0.998	0.997	0.995	0.995	0.994	0.998	0.995	0.993	0.994	0.988	0.989	0.986	0.987	0.988	0.984	0.983	0.984	0.975	0.975	0.962	0.966	0.975	0.961	0.965	0.945	0.948	0.942	0.93	0.935	0.94	0.92	0.921	0.907	0.902	0.92	0.91	0.882	0.884	0.881	0.848	0.842	0.843	0.843	0.805	0.806	0.779	0.764	0.766	0.749	0.716	0.717	0.709	0.668	0.659	0.618	0.619	0.579	0.535	0.501	0.505	
1	1	1	1	1	1	1	1	1	1	1	1	1	1	1	0.999	1	0.997	0.994	0.991	0.99	0.985	0.978	0.977	0.959	0.952	0.953	0.949	0.913	0.927	0.884	0.881	0.856	0.812	0.831	0.807	0.777	0.767	0.763	0.723	0.7	0.676	0.63	0.652	0.608	0.571	0.601	0.557	0.48	0.518	0.491	0.477	0.433	0.452	0.407	0.398	0.376	0.377	0.358	0.317	0.312	0.311	0.306	0.293	0.274	0.28	0.271	0.258	0.23	0.232	0.23	0.228	0.208	0.194	0.192	0.183	0.188	0.175	0.166	0.192	0.172	0.169	0.176	0.142	0.143	0.142	0.141	0.154	0.126	0.142	0.144	0.156	0.124	0.139	0.122	0.121	0.141	0.137	0.141	0.136	
1	1	1	1	1	1	1	1	1	1	1	1	1	1	1	1	1	1	1	1	1	1	1	1	1	0.999	1	0.999	1	1	1	0.998	1	0.998	0.999	0.995	0.994	0.998	0.997	0.993	0.991	0.982	0.985	0.978	0.981	0.974	0.979	0.968	0.962	0.957	0.957	0.956	0.939	0.944	0.924	0.929	0.906	0.876	0.869	0.879	0.845	0.845	0.84	0.816	0.808	0.777	0.768	0.73	0.742	0.71	0.692	0.674	0.658	0.651	0.608	0.569	0.573	0.574	0.547	0.524	0.503	0.488	0.425	0.446	0.424	0.412	0.367	0.341	0.328	0.307	0.278	0.29	0.244	0.217	0.234	0.211	0.172	0.167	0.147	0.132	
0.999	0.999	0.999	0.997	0.992	0.991	0.985	0.982	0.977	0.975	0.97	0.958	0.952	0.945	0.928	0.912	0.915	0.891	0.889	0.864	0.859	0.859	0.83	0.803	0.787	0.776	0.779	0.77	0.743	0.734	0.726	0.722	0.708	0.705	0.691	0.664	0.646	0.637	0.601	0.625	0.623	0.624	0.61	0.589	0.582	0.565	0.557	0.554	0.551	0.534	0.554	0.513	0.504	0.529	0.515	0.512	0.473	0.462	0.461	0.485	0.471	0.449	0.455	0.452	0.441	0.445	0.423	0.406	0.395	0.418	0.41	0.39	0.389	0.401	0.407	0.378	0.392	0.397	0.334	0.334	0.393	0.358	0.341	0.333	0.366	0.354	0.354	0.334	0.338	0.341	0.316	0.338	0.338	0.336	0.34	0.337	0.331	0.327	0.336	0.322	
0.094	0.092	0.08	0.084	0.095	0.088	0.09	0.092	0.082	0.071	0.091	0.079	0.076	0.089	0.071	0.078	0.085	0.092	0.072	0.086	0.068	0.067	0.074	0.071	0.082	0.077	0.094	0.075	0.074	0.066	0.059	0.059	0.052	0.048	0.05	0.047	0.044	0.042	0.031	0.044	0.028	0.04	0.033	0.03	0.018	0.023	0.02	0.02	0.02	0.009	0.009	0.013	0.007	0.011	0.005	0.007	0.004	0.007	0.008	0.003	0.006	0.004	0.001	0.002	0.008	0.002	0.002	0.003	0.002	0	0.001	0.002	0.001	0.002	0.001	0.001	0.003	0.001	0.004	0.002	0.001	0	0	0	0	0.001	0.001	0	0.001	0	0	0	0	0.001	0	0	0	0	0	0	
1	1	1	1	1	1	1	1	1	1	1	1	1	1	1	0.999	1	0.999	1	0.998	0.997	0.998	0.997	0.995	0.998	0.993	0.995	0.993	0.985	0.987	0.986	0.982	0.977	0.976	0.974	0.964	0.961	0.947	0.951	0.944	0.929	0.933	0.917	0.907	0.896	0.885	0.855	0.843	0.833	0.832	0.814	0.787	0.793	0.743	0.748	0.733	0.719	0.686	0.687	0.697	0.641	0.62	0.619	0.575	0.591	0.577	0.551	0.539	0.539	0.505	0.486	0.483	0.44	0.43	0.409	0.43	0.399	0.404	0.392	0.375	0.364	0.353	0.365	0.326	0.329	0.324	0.335	0.322	0.303	0.328	0.308	0.311	0.308	0.312	0.317	0.305	0.327	0.311	0.314	0.323	
0.996	0.993	0.99	0.982	0.978	0.97	0.97	0.947	0.935	0.923	0.902	0.895	0.864	0.855	0.852	0.836	0.811	0.801	0.779	0.758	0.765	0.718	0.723	0.691	0.68	0.649	0.641	0.615	0.59	0.579	0.552	0.535	0.544	0.543	0.52	0.515	0.507	0.498	0.474	0.446	0.491	0.451	0.434	0.426	0.439	0.433	0.44	0.441	0.42	0.428	0.399	0.413	0.419	0.364	0.398	0.4	0.406	0.396	0.396	0.406	0.369	0.356	0.39	0.396	0.398	0.384	0.394	0.398	0.399	0.385	0.414	0.377	0.414	0.385	0.398	0.378	0.403	0.341	0.371	0.359	0.377	0.359	0.365	0.314	0.343	0.35	0.376	0.351	0.339	0.333	0.33	0.317	0.315	0.313	0.28	0.293	0.274	0.265	0.25	0.235	
1	1	1	1	1	1	1	1	1	1	1	1	1	1	1	1	1	1	1	1	1	1	1	1	1	1	1	1	1	1	1	1	1	1	1	1	1	1	1	1	1	1	1	1	1	1	1	1	1	1	1	1	1	1	1	1	1	1	1	1	1	1	1	1	1	1	1	1	1	1	1	1	1	1	0.999	1	1	0.999	0.998	0.999	0.996	0.999	1	0.995	0.995	0.998	1	0.996	0.992	0.99	0.998	0.988	0.99	0.993	0.987	0.982	0.973	0.985	0.974	0.971	
1	1	1	1	1	1	1	1	1	1	1	1	1	0.999	0.999	1	0.999	0.997	0.998	0.994	0.996	0.993	0.993	0.992	0.99	0.984	0.979	0.97	0.97	0.969	0.945	0.955	0.944	0.951	0.929	0.925	0.917	0.905	0.902	0.882	0.869	0.873	0.877	0.868	0.846	0.834	0.805	0.798	0.81	0.799	0.806	0.785	0.769	0.737	0.74	0.749	0.731	0.72	0.713	0.706	0.707	0.712	0.664	0.68	0.673	0.642	0.673	0.662	0.66	0.626	0.631	0.623	0.619	0.622	0.607	0.602	0.573	0.606	0.568	0.545	0.549	0.532	0.501	0.459	0.51	0.517	0.504	0.498	0.458	0.498	0.442	0.445	0.407	0.418	0.366	0.356	0.378	0.334	0.311	0.309	
0.996	0.991	0.985	0.968	0.951	0.897	0.874	0.824	0.795	0.733	0.716	0.677	0.636	0.61	0.547	0.529	0.522	0.483	0.462	0.48	0.475	0.42	0.418	0.377	0.412	0.366	0.325	0.352	0.327	0.294	0.296	0.279	0.279	0.258	0.244	0.231	0.206	0.197	0.177	0.174	0.144	0.155	0.142	0.145	0.113	0.096	0.122	0.09	0.086	0.064	0.055	0.049	0.059	0.037	0.045	0.031	0.033	0.029	0.029	0.026	0.027	0.021	0.012	0.011	0.012	0.006	0.007	0.007	0.007	0.005	0.008	0.005	0.004	0.003	0.001	0.002	0.002	0.004	0	0	0.001	0.001	0.001	0	0.001	0	0	0.001	0	0	0	0	0	0	0	0	0	0	0	0	
1	1	1	1	1	1	1	1	1	1	1	1	0.999	0.999	0.999	0.997	0.996	0.995	0.995	0.989	0.99	0.99	0.982	0.978	0.975	0.953	0.948	0.942	0.934	0.932	0.911	0.908	0.895	0.876	0.843	0.833	0.834	0.793	0.805	0.786	0.792	0.765	0.759	0.736	0.73	0.665	0.674	0.656	0.635	0.605	0.59	0.56	0.596	0.555	0.551	0.508	0.512	0.469	0.475	0.449	0.435	0.398	0.386	0.404	0.355	0.332	0.332	0.313	0.285	0.289	0.283	0.241	0.25	0.238	0.218	0.189	0.182	0.183	0.171	0.166	0.125	0.13	0.112	0.11	0.104	0.095	0.097	0.082	0.072	0.078	0.072	0.048	0.06	0.051	0.036	0.04	0.039	0.031	0.015	0.025	
1	0.993	0.992	0.986	0.961	0.954	0.923	0.928	0.9	0.856	0.837	0.832	0.811	0.781	0.762	0.739	0.732	0.742	0.689	0.702	0.666	0.662	0.621	0.606	0.605	0.574	0.576	0.587	0.585	0.564	0.553	0.538	0.543	0.515	0.532	0.535	0.499	0.489	0.494	0.505	0.459	0.487	0.498	0.479	0.459	0.434	0.424	0.445	0.413	0.446	0.428	0.45	0.419	0.394	0.429	0.424	0.418	0.422	0.424	0.369	0.422	0.426	0.387	0.389	0.378	0.409	0.38	0.36	0.391	0.39	0.374	0.366	0.368	0.37	0.353	0.325	0.328	0.357	0.331	0.332	0.321	0.342	0.314	0.334	0.338	0.291	0.279	0.306	0.278	0.273	0.273	0.252	0.249	0.214	0.226	0.218	0.203	0.203	0.189	0.184	
1	1	1	1	1	1	1	1	1	1	1	1	0.999	0.998	0.999	0.994	0.995	0.992	0.984	0.982	0.972	0.963	0.945	0.942	0.916	0.901	0.884	0.863	0.807	0.792	0.782	0.746	0.719	0.674	0.675	0.64	0.596	0.586	0.574	0.551	0.53	0.508	0.505	0.492	0.497	0.469	0.428	0.432	0.435	0.458	0.415	0.394	0.365	0.382	0.376	0.385	0.391	0.403	0.376	0.367	0.342	0.324	0.364	0.371	0.37	0.312	0.358	0.344	0.315	0.316	0.349	0.317	0.324	0.336	0.293	0.313	0.289	0.275	0.306	0.284	0.287	0.291	0.272	0.252	0.268	0.236	0.265	0.217	0.229	0.215	0.226	0.211	0.194	0.192	0.19	0.185	0.168	0.167	0.146	0.156	
0.968	0.961	0.941	0.922	0.924	0.914	0.894	0.868	0.882	0.84	0.824	0.797	0.797	0.791	0.809	0.804	0.759	0.76	0.759	0.726	0.751	0.733	0.732	0.718	0.712	0.697	0.681	0.668	0.681	0.65	0.686	0.64	0.615	0.627	0.618	0.624	0.559	0.587	0.565	0.548	0.544	0.539	0.499	0.465	0.454	0.446	0.417	0.383	0.355	0.391	0.346	0.313	0.287	0.298	0.267	0.258	0.271	0.232	0.209	0.201	0.2	0.165	0.184	0.168	0.162	0.122	0.127	0.118	0.123	0.091	0.077	0.087	0.077	0.069	0.044	0.071	0.051	0.045	0.041	0.033	0.039	0.044	0.035	0.029	0.023	0.02	0.016	0.017	0.005	0.011	0.016	0.011	0.01	0.016	0.006	0.008	0.011	0.009	0.009	0.004	
1	1	1	1	1	1	1	1	1	1	1	1	1	1	1	1	1	1	1	1	1	1	1	1	1	1	1	1	1	1	1	1	1	1	1	1	0.999	1	1	1	1	1	1	0.998	0.999	0.998	0.999	0.999	0.999	0.999	0.999	0.996	0.99	0.995	0.988	0.996	0.992	0.992	0.987	0.987	0.988	0.989	0.971	0.98	0.968	0.967	0.963	0.963	0.947	0.941	0.949	0.918	0.937	0.922	0.919	0.909	0.887	0.882	0.881	0.874	0.842	0.857	0.854	0.848	0.843	0.79	0.833	0.8	0.784	0.812	0.787	0.793	0.79	0.798	0.77	0.759	0.735	0.745	0.724	0.734	
1	1	1	1	1	0.998	0.999	0.996	0.997	0.997	0.994	0.997	0.993	0.991	0.996	0.996	0.993	0.991	0.992	0.988	0.981	0.982	0.988	0.983	0.972	0.978	0.977	0.979	0.964	0.958	0.964	0.954	0.948	0.961	0.953	0.944	0.951	0.945	0.93	0.934	0.943	0.938	0.919	0.921	0.914	0.922	0.91	0.917	0.912	0.92	0.888	0.876	0.877	0.873	0.883	0.867	0.841	0.862	0.848	0.842	0.836	0.841	0.829	0.859	0.792	0.805	0.807	0.815	0.789	0.75	0.795	0.758	0.756	0.746	0.721	0.735	0.723	0.712	0.706	0.683	0.65	0.675	0.644	0.642	0.588	0.616	0.575	0.557	0.565	0.528	0.526	0.482	0.468	0.476	0.452	0.436	0.402	0.385	0.373	0.346	
1	1	1	1	1	1	1	1	1	0.999	1	1	0.998	0.996	0.988	0.994	0.978	0.966	0.978	0.949	0.928	0.929	0.907	0.893	0.875	0.868	0.846	0.835	0.796	0.787	0.807	0.746	0.774	0.742	0.733	0.727	0.708	0.707	0.68	0.673	0.649	0.637	0.623	0.6	0.584	0.565	0.564	0.537	0.517	0.506	0.474	0.475	0.44	0.434	0.386	0.405	0.353	0.345	0.311	0.314	0.276	0.265	0.236	0.234	0.215	0.196	0.182	0.124	0.156	0.133	0.121	0.126	0.116	0.085	0.09	0.091	0.069	0.061	0.057	0.046	0.04	0.027	0.048	0.039	0.03	0.032	0.031	0.019	0.021	0.021	0.01	0.01	0.01	0.008	0.014	0.014	0.006	0.009	0.004	0.004	
0.985	0.973	0.954	0.941	0.887	0.827	0.791	0.778	0.706	0.685	0.628	0.582	0.555	0.507	0.435	0.418	0.366	0.324	0.327	0.251	0.233	0.211	0.168	0.162	0.13	0.121	0.095	0.086	0.084	0.077	0.058	0.045	0.047	0.033	0.031	0.025	0.018	0.023	0.014	0.017	0.013	0.012	0.008	0.009	0.006	0.003	0.003	0.003	0.003	0.005	0.003	0.002	0.001	0.001	0	0.002	0	0	0	0	0	0	0	0	0	0	0	0	0	0	0	0	0	0	0	0	0	0	0	0	0	0	0	0	0	0	0	0	0	0	0	0	0	0	0	0	0	0	0	0	
1	1	1	1	1	1	1	1	1	1	1	1	1	1	1	1	1	1	1	1	1	1	1	1	1	1	1	0.999	1	1	1	1	1	1	0.999	1	1	0.998	0.999	0.997	0.999	0.998	0.991	0.988	0.992	0.977	0.984	0.977	0.973	0.965	0.973	0.938	0.947	0.949	0.928	0.929	0.907	0.87	0.874	0.864	0.846	0.792	0.795	0.764	0.738	0.73	0.685	0.648	0.64	0.619	0.547	0.535	0.447	0.476	0.429	0.385	0.365	0.322	0.332	0.269	0.254	0.228	0.167	0.146	0.14	0.126	0.095	0.086	0.068	0.054	0.045	0.038	0.04	0.027	0.019	0.012	0.006	0.018	0.006	0.005	
1	1	1	1	1	1	1	1	1	1	1	1	0.996	0.998	0.994	0.998	0.994	0.99	0.983	0.986	0.974	0.982	0.973	0.964	0.97	0.934	0.937	0.952	0.937	0.936	0.933	0.905	0.902	0.902	0.885	0.871	0.884	0.884	0.882	0.859	0.848	0.848	0.832	0.838	0.816	0.813	0.842	0.815	0.808	0.796	0.798	0.771	0.754	0.777	0.733	0.743	0.739	0.727	0.688	0.664	0.715	0.686	0.687	0.654	0.646	0.647	0.629	0.638	0.629	0.623	0.594	0.572	0.612	0.574	0.551	0.57	0.566	0.541	0.526	0.536	0.509	0.515	0.532	0.527	0.541	0.506	0.486	0.497	0.489	0.5	0.513	0.481	0.527	0.507	0.479	0.508	0.514	0.525	0.5	0.502	
0.958	0.954	0.926	0.92	0.912	0.871	0.862	0.806	0.814	0.765	0.742	0.716	0.7	0.669	0.624	0.646	0.623	0.61	0.554	0.54	0.54	0.495	0.507	0.45	0.475	0.465	0.413	0.457	0.404	0.418	0.388	0.381	0.359	0.334	0.361	0.321	0.309	0.305	0.278	0.29	0.225	0.243	0.247	0.237	0.225	0.206	0.219	0.18	0.168	0.176	0.167	0.144	0.158	0.159	0.119	0.097	0.099	0.122	0.078	0.07	0.081	0.07	0.048	0.049	0.046	0.048	0.049	0.023	0.04	0.03	0.03	0.022	0.021	0.01	0.013	0.009	0.015	0.008	0.009	0.009	0.005	0.005	0.003	0.003	0.002	0.005	0.002	0	0.003	0.001	0.001	0.001	0.001	0.001	0.001	0.001	0	0	0	0.001	
0.998	0.993	0.993	0.985	0.983	0.971	0.967	0.959	0.95	0.939	0.922	0.921	0.904	0.886	0.882	0.883	0.844	0.847	0.847	0.835	0.811	0.818	0.789	0.758	0.749	0.739	0.745	0.729	0.74	0.72	0.719	0.665	0.648	0.677	0.654	0.634	0.673	0.645	0.608	0.621	0.609	0.589	0.606	0.61	0.588	0.545	0.574	0.536	0.547	0.532	0.531	0.51	0.493	0.472	0.445	0.47	0.448	0.455	0.448	0.421	0.41	0.423	0.407	0.394	0.401	0.373	0.349	0.387	0.351	0.353	0.319	0.324	0.348	0.309	0.326	0.35	0.301	0.302	0.301	0.293	0.267	0.297	0.268	0.277	0.25	0.256	0.247	0.258	0.236	0.262	0.246	0.251	0.238	0.23	0.253	0.216	0.238	0.233	0.207	0.225	
1	1	1	1	1	1	1	1	1	1	1	1	1	1	1	1	1	1	1	1	1	1	1	1	1	1	1	1	1	1	1	1	1	1	1	1	1	1	1	0.999	0.999	1	0.999	0.999	0.997	0.999	0.991	0.997	0.996	0.992	0.991	0.986	0.987	0.981	0.978	0.976	0.958	0.967	0.946	0.963	0.935	0.921	0.915	0.919	0.874	0.87	0.871	0.819	0.795	0.802	0.793	0.754	0.722	0.692	0.698	0.65	0.624	0.62	0.567	0.55	0.522	0.471	0.471	0.456	0.4	0.39	0.371	0.348	0.309	0.307	0.25	0.277	0.24	0.226	0.174	0.196	0.191	0.171	0.142	0.145	
1	1	1	1	1	1	1	1	1	1	1	1	1	1	1	1	1	1	1	1	1	1	1	1	1	1	1	1	1	1	1	1	1	1	1	0.999	1	0.998	0.997	0.998	0.998	0.999	0.998	0.996	1	0.996	0.996	0.998	0.999	0.996	0.997	0.998	0.997	0.996	0.998	0.997	0.998	0.995	0.989	0.997	0.989	0.989	0.99	0.989	0.993	0.992	0.981	0.984	0.978	0.983	0.983	0.985	0.983	0.978	0.979	0.976	0.964	0.971	0.957	0.96	0.961	0.962	0.952	0.94	0.935	0.929	0.939	0.943	0.915	0.913	0.91	0.913	0.906	0.888	0.899	0.875	0.873	0.838	0.814	0.83	
1	1	1	1	1	1	1	1	0.998	0.998	0.998	0.999	0.996	0.994	0.994	0.986	0.981	0.976	0.982	0.972	0.969	0.96	0.941	0.928	0.92	0.904	0.876	0.856	0.847	0.811	0.796	0.78	0.753	0.734	0.685	0.657	0.642	0.611	0.625	0.582	0.558	0.505	0.493	0.498	0.455	0.446	0.443	0.419	0.376	0.362	0.336	0.308	0.31	0.271	0.237	0.246	0.231	0.193	0.212	0.186	0.165	0.158	0.151	0.137	0.129	0.11	0.1	0.112	0.098	0.1	0.067	0.065	0.061	0.062	0.056	0.053	0.042	0.029	0.045	0.037	0.035	0.034	0.022	0.022	0.014	0.011	0.014	0.015	0.008	0.016	0.008	0.01	0.009	0.006	0.004	0.006	0.004	0.006	0.005	0.002	
1	1	1	1	1	1	1	1	1	1	1	1	1	1	1	1	0.999	1	0.999	0.999	0.999	0.999	0.997	1	0.997	0.997	0.995	0.994	0.991	0.989	0.984	0.987	0.966	0.975	0.962	0.968	0.956	0.936	0.934	0.918	0.886	0.881	0.884	0.853	0.831	0.83	0.801	0.789	0.733	0.743	0.705	0.652	0.66	0.64	0.607	0.583	0.546	0.5	0.483	0.451	0.388	0.394	0.353	0.345	0.307	0.286	0.269	0.221	0.213	0.196	0.169	0.182	0.148	0.122	0.114	0.114	0.074	0.098	0.085	0.068	0.076	0.053	0.04	0.044	0.038	0.037	0.025	0.024	0.02	0.022	0.019	0.014	0.012	0.009	0.007	0.007	0.008	0.007	0.012	0.006	
0.996	0.995	0.993	0.981	0.971	0.963	0.933	0.881	0.861	0.808	0.804	0.726	0.694	0.649	0.578	0.569	0.496	0.464	0.475	0.433	0.383	0.384	0.335	0.317	0.28	0.268	0.252	0.235	0.23	0.221	0.221	0.182	0.171	0.161	0.144	0.146	0.121	0.139	0.139	0.107	0.109	0.122	0.117	0.092	0.086	0.091	0.1	0.092	0.077	0.072	0.098	0.089	0.099	0.074	0.078	0.092	0.069	0.077	0.082	0.08	0.09	0.065	0.072	0.065	0.07	0.079	0.073	0.073	0.081	0.075	0.075	0.083	0.084	0.07	0.084	0.088	0.101	0.083	0.091	0.074	0.101	0.092	0.088	0.099	0.103	0.095	0.107	0.104	0.101	0.103	0.108	0.11	0.121	0.11	0.121	0.124	0.132	0.104	0.123	0.134	
0.919	0.913	0.896	0.885	0.872	0.857	0.847	0.855	0.803	0.765	0.782	0.762	0.727	0.696	0.708	0.702	0.688	0.692	0.642	0.626	0.628	0.595	0.626	0.573	0.582	0.556	0.578	0.567	0.541	0.554	0.525	0.523	0.51	0.515	0.501	0.52	0.489	0.495	0.472	0.5	0.446	0.46	0.436	0.454	0.469	0.425	0.436	0.455	0.378	0.382	0.394	0.386	0.371	0.339	0.333	0.32	0.306	0.314	0.285	0.293	0.263	0.26	0.256	0.216	0.214	0.241	0.213	0.208	0.191	0.153	0.162	0.171	0.137	0.121	0.112	0.137	0.135	0.127	0.09	0.104	0.078	0.094	0.07	0.056	0.055	0.056	0.064	0.057	0.041	0.033	0.029	0.041	0.032	0.026	0.016	0.026	0.015	0.018	0.013	0.01	
1	1	1	1	1	1	1	1	1	1	1	1	1	1	1	1	1	1	1	1	1	1	1	1	1	0.999	0.997	0.999	0.999	0.998	0.995	0.991	0.995	0.99	0.987	0.982	0.982	0.982	0.971	0.958	0.965	0.949	0.937	0.921	0.918	0.906	0.9	0.893	0.882	0.845	0.846	0.844	0.819	0.788	0.798	0.759	0.769	0.729	0.706	0.712	0.676	0.695	0.657	0.658	0.639	0.634	0.603	0.602	0.579	0.571	0.549	0.503	0.543	0.508	0.486	0.473	0.483	0.462	0.45	0.422	0.414	0.418	0.374	0.393	0.333	0.338	0.339	0.316	0.305	0.309	0.279	0.286	0.253	0.252	0.264	0.225	0.247	0.254	0.228	0.225	
1	1	1	1	1	1	1	1	1	1	1	1	1	1	1	1	1	1	1	1	1	1	1	1	1	1	1	0.999	1	1	1	1	0.999	1	1	1	1	1	1	0.998	0.996	0.999	0.999	0.996	0.992	0.992	0.995	0.986	0.988	0.993	0.982	0.985	0.979	0.986	0.971	0.97	0.976	0.968	0.967	0.955	0.949	0.945	0.92	0.936	0.916	0.924	0.913	0.919	0.895	0.892	0.893	0.887	0.854	0.87	0.87	0.852	0.846	0.821	0.828	0.812	0.803	0.786	0.77	0.765	0.802	0.764	0.755	0.757	0.727	0.744	0.71	0.724	0.704	0.709	0.706	0.69	0.655	0.666	0.648	0.637	
1	1	1	1	1	1	1	1	1	1	1	1	1	1	1	1	1	1	1	1	1	1	1	1	1	1	1	1	1	1	1	1	1	0.998	1	0.998	0.999	0.997	0.998	0.999	0.996	0.993	0.995	0.992	0.993	0.998	0.992	0.983	0.988	0.985	0.977	0.981	0.979	0.969	0.972	0.962	0.966	0.959	0.938	0.93	0.938	0.921	0.921	0.912	0.91	0.91	0.88	0.897	0.879	0.877	0.851	0.859	0.833	0.823	0.805	0.819	0.81	0.802	0.802	0.774	0.777	0.757	0.755	0.742	0.731	0.732	0.73	0.709	0.684	0.704	0.673	0.67	0.659	0.639	0.691	0.651	0.632	0.589	0.593	0.613	
1	1	1	1	1	1	1	1	1	1	1	1	1	1	1	1	1	1	1	1	1	1	1	1	1	1	1	1	1	1	0.999	1	1	1	0.998	0.999	0.997	0.997	0.995	0.997	0.994	0.994	0.993	0.994	0.994	0.988	0.985	0.984	0.971	0.976	0.966	0.971	0.957	0.961	0.955	0.938	0.951	0.914	0.929	0.921	0.902	0.917	0.902	0.881	0.869	0.864	0.837	0.825	0.801	0.794	0.802	0.786	0.751	0.726	0.72	0.698	0.683	0.674	0.671	0.611	0.621	0.58	0.581	0.538	0.501	0.511	0.475	0.473	0.445	0.419	0.399	0.37	0.354	0.365	0.314	0.317	0.29	0.257	0.242	0.212	
1	1	1	1	1	1	1	1	1	1	1	1	1	1	1	1	1	0.997	0.999	0.998	0.999	0.989	0.995	0.996	0.988	0.986	0.985	0.979	0.975	0.97	0.976	0.955	0.948	0.943	0.925	0.922	0.908	0.901	0.893	0.884	0.86	0.821	0.835	0.799	0.783	0.774	0.743	0.709	0.681	0.67	0.674	0.634	0.618	0.595	0.581	0.546	0.532	0.534	0.483	0.487	0.457	0.442	0.417	0.384	0.384	0.362	0.329	0.35	0.313	0.312	0.281	0.256	0.256	0.24	0.221	0.215	0.204	0.204	0.194	0.154	0.159	0.139	0.142	0.114	0.14	0.111	0.109	0.1	0.082	0.066	0.077	0.065	0.064	0.058	0.038	0.046	0.042	0.055	0.035	0.02	
1	1	1	1	1	1	1	1	1	1	1	1	1	1	1	1	0.998	0.994	0.994	0.993	0.989	0.979	0.977	0.96	0.953	0.913	0.894	0.899	0.865	0.819	0.799	0.756	0.741	0.712	0.671	0.605	0.553	0.475	0.447	0.445	0.384	0.329	0.295	0.261	0.212	0.22	0.187	0.164	0.152	0.126	0.113	0.085	0.095	0.07	0.069	0.053	0.045	0.037	0.03	0.035	0.019	0.023	0.005	0.013	0.012	0.017	0.009	0.006	0.013	0.009	0.008	0.012	0.003	0.002	0.01	0.005	0.004	0.003	0.001	0.003	0.003	0.003	0.001	0.002	0.004	0.003	0.002	0.001	0	0.001	0.002	0.002	0.001	0.001	0	0.002	0	0.001	0	0.001	
1	1	1	1	1	1	1	1	1	1	1	1	1	1	1	1	1	1	1	1	1	1	1	0.999	1	1	1	0.996	1	0.997	1	0.997	0.99	0.995	0.994	0.989	0.992	0.988	0.988	0.98	0.983	0.973	0.973	0.985	0.973	0.97	0.959	0.959	0.947	0.937	0.932	0.927	0.918	0.915	0.907	0.9	0.885	0.876	0.874	0.865	0.864	0.829	0.831	0.81	0.801	0.796	0.782	0.764	0.75	0.727	0.726	0.745	0.699	0.678	0.676	0.642	0.647	0.629	0.609	0.593	0.601	0.559	0.562	0.536	0.515	0.491	0.495	0.487	0.491	0.489	0.461	0.454	0.423	0.414	0.404	0.399	0.404	0.385	0.375	0.352	
1	1	1	1	1	1	1	1	1	1	1	1	1	1	1	1	1	1	1	1	1	1	1	1	1	1	1	1	1	1	1	1	1	1	1	0.998	1	0.999	1	0.999	0.998	0.998	0.999	0.998	0.993	0.995	0.983	0.989	0.99	0.981	0.975	0.969	0.973	0.966	0.962	0.946	0.942	0.95	0.924	0.92	0.914	0.887	0.886	0.866	0.849	0.844	0.84	0.817	0.791	0.778	0.747	0.731	0.728	0.682	0.648	0.637	0.637	0.631	0.588	0.538	0.524	0.524	0.461	0.428	0.403	0.392	0.363	0.345	0.368	0.271	0.306	0.266	0.244	0.24	0.206	0.19	0.2	0.189	0.136	0.14	
1	1	1	1	1	1	1	1	1	0.996	1	0.999	0.998	0.997	0.996	0.994	0.992	0.992	0.987	0.992	0.986	0.989	0.988	0.984	0.973	0.969	0.98	0.975	0.972	0.968	0.958	0.964	0.954	0.952	0.949	0.959	0.954	0.941	0.954	0.943	0.938	0.919	0.938	0.943	0.924	0.919	0.914	0.933	0.91	0.904	0.908	0.898	0.913	0.906	0.893	0.901	0.906	0.895	0.866	0.891	0.877	0.877	0.859	0.887	0.855	0.851	0.872	0.864	0.845	0.846	0.843	0.85	0.857	0.852	0.846	0.845	0.837	0.834	0.832	0.83	0.816	0.839	0.819	0.784	0.811	0.82	0.796	0.799	0.788	0.797	0.777	0.784	0.773	0.792	0.785	0.788	0.763	0.773	0.761	0.739	
1	1	1	1	1	1	1	1	1	1	1	1	1	1	1	1	1	1	1	1	1	1	1	1	0.999	0.999	1	0.997	0.997	0.99	0.993	0.988	0.978	0.974	0.972	0.949	0.934	0.935	0.917	0.878	0.875	0.826	0.805	0.785	0.747	0.743	0.718	0.684	0.648	0.596	0.531	0.499	0.498	0.462	0.407	0.377	0.346	0.306	0.269	0.268	0.224	0.194	0.188	0.144	0.116	0.102	0.096	0.088	0.073	0.068	0.051	0.042	0.025	0.031	0.021	0.018	0.02	0.012	0.011	0.01	0.01	0.006	0.007	0.01	0.005	0.003	0.001	0.004	0.001	0.001	0.001	0.001	0	0.001	0	0	0	0	0	0	
1	1	1	1	1	1	0.999	1	1	0.998	0.999	0.995	0.992	0.992	0.987	0.992	0.971	0.978	0.965	0.958	0.949	0.944	0.928	0.898	0.893	0.896	0.867	0.847	0.835	0.798	0.783	0.777	0.733	0.733	0.673	0.707	0.645	0.57	0.576	0.546	0.524	0.522	0.512	0.461	0.426	0.42	0.391	0.374	0.355	0.321	0.321	0.318	0.295	0.238	0.264	0.245	0.234	0.232	0.238	0.204	0.217	0.189	0.214	0.184	0.16	0.187	0.178	0.147	0.144	0.161	0.141	0.137	0.134	0.14	0.135	0.135	0.131	0.127	0.113	0.122	0.114	0.143	0.129	0.132	0.145	0.125	0.13	0.134	0.133	0.135	0.158	0.174	0.148	0.151	0.158	0.175	0.168	0.161	0.214	0.189	
1	1	1	1	1	1	1	1	1	1	1	1	1	1	1	1	1	1	1	1	1	1	1	1	1	1	1	0.998	1	1	1	1	0.999	0.999	0.999	0.998	0.995	0.994	0.994	0.983	0.988	0.983	0.988	0.988	0.967	0.974	0.956	0.954	0.954	0.944	0.938	0.931	0.917	0.931	0.9	0.91	0.907	0.886	0.879	0.872	0.87	0.838	0.842	0.833	0.834	0.831	0.797	0.77	0.797	0.779	0.76	0.753	0.745	0.709	0.727	0.738	0.716	0.737	0.703	0.693	0.681	0.675	0.664	0.657	0.661	0.619	0.655	0.616	0.635	0.62	0.624	0.628	0.624	0.622	0.629	0.6	0.586	0.585	0.564	0.586	
1	1	1	1	1	1	1	1	1	1	1	1	1	1	1	1	1	1	1	1	1	1	1	0.999	0.999	1	0.997	0.996	0.997	0.996	0.987	0.988	0.99	0.98	0.981	0.977	0.969	0.968	0.958	0.948	0.945	0.92	0.921	0.903	0.893	0.887	0.874	0.859	0.85	0.84	0.821	0.822	0.765	0.793	0.774	0.748	0.744	0.71	0.736	0.702	0.693	0.678	0.685	0.654	0.632	0.625	0.637	0.599	0.58	0.598	0.568	0.564	0.555	0.538	0.515	0.519	0.524	0.532	0.509	0.462	0.468	0.474	0.479	0.455	0.458	0.426	0.448	0.413	0.417	0.422	0.406	0.423	0.395	0.411	0.427	0.43	0.426	0.401	0.43	0.407	
0.998	1	1	0.998	1	0.998	0.996	0.995	1	0.998	0.997	0.995	0.994	0.997	0.992	0.988	0.983	0.98	0.98	0.978	0.974	0.951	0.951	0.945	0.932	0.915	0.918	0.902	0.883	0.882	0.882	0.853	0.852	0.845	0.822	0.825	0.786	0.795	0.74	0.762	0.723	0.728	0.706	0.695	0.701	0.657	0.664	0.631	0.619	0.608	0.608	0.57	0.58	0.569	0.551	0.52	0.556	0.489	0.462	0.438	0.458	0.432	0.432	0.424	0.396	0.405	0.361	0.378	0.357	0.352	0.339	0.301	0.305	0.269	0.298	0.252	0.282	0.267	0.251	0.268	0.257	0.255	0.239	0.242	0.222	0.233	0.218	0.234	0.226	0.232	0.211	0.238	0.225	0.227	0.217	0.223	0.225	0.235	0.238	0.245	
0.985	0.984	0.974	0.971	0.96	0.955	0.959	0.938	0.931	0.923	0.916	0.935	0.925	0.916	0.911	0.901	0.889	0.888	0.906	0.873	0.879	0.885	0.861	0.876	0.866	0.846	0.862	0.845	0.85	0.842	0.849	0.833	0.822	0.83	0.839	0.788	0.79	0.789	0.762	0.733	0.726	0.71	0.706	0.685	0.684	0.651	0.63	0.61	0.576	0.552	0.561	0.514	0.49	0.487	0.483	0.439	0.431	0.413	0.418	0.406	0.372	0.372	0.32	0.325	0.353	0.304	0.272	0.299	0.27	0.287	0.251	0.243	0.248	0.242	0.239	0.231	0.206	0.213	0.228	0.194	0.211	0.2	0.207	0.197	0.185	0.187	0.18	0.197	0.179	0.184	0.195	0.184	0.178	0.183	0.218	0.2	0.185	0.178	0.206	0.197	
1	1	1	1	1	1	1	1	1	1	1	1	1	1	1	1	1	1	1	1	1	1	1	1	1	1	1	1	1	1	1	1	1	1	1	0.999	0.999	1	1	1	0.999	0.999	0.997	0.999	0.999	0.996	0.988	0.987	0.991	0.986	0.983	0.976	0.962	0.962	0.957	0.94	0.93	0.932	0.923	0.924	0.9	0.895	0.849	0.858	0.848	0.832	0.814	0.802	0.801	0.768	0.781	0.74	0.723	0.684	0.699	0.698	0.688	0.66	0.641	0.661	0.628	0.628	0.631	0.592	0.586	0.608	0.587	0.587	0.57	0.565	0.569	0.556	0.545	0.558	0.554	0.542	0.534	0.52	0.551	0.517	
0.103	0.1	0.116	0.113	0.126	0.112	0.114	0.119	0.122	0.113	0.126	0.112	0.1	0.09	0.089	0.084	0.096	0.063	0.06	0.056	0.043	0.045	0.038	0.048	0.033	0.039	0.029	0.024	0.028	0.024	0.021	0.013	0.02	0.009	0.012	0.008	0.01	0.004	0.005	0.005	0.003	0.002	0.002	0.003	0.004	0.004	0.003	0.001	0.004	0.001	0.001	0	0.002	0.001	0	0	0.002	0	0	0	0	0.001	0.001	0	0.001	0	0.001	0	0	0	0	0	0	0	0	0	0	0	0	0	0	0	0	0	0	0	0	0	0	0	0	0	0	0	0	0	0	0	0	0	
1	1	1	1	1	1	1	1	1	1	1	1	1	0.998	1	1	0.999	1	0.997	0.998	0.994	0.991	0.991	0.989	0.985	0.971	0.973	0.965	0.956	0.95	0.923	0.937	0.917	0.879	0.901	0.867	0.894	0.871	0.838	0.804	0.806	0.788	0.771	0.76	0.757	0.73	0.733	0.675	0.655	0.618	0.625	0.61	0.565	0.551	0.516	0.529	0.484	0.432	0.432	0.405	0.369	0.365	0.306	0.305	0.301	0.273	0.25	0.25	0.241	0.248	0.174	0.177	0.172	0.153	0.157	0.133	0.129	0.117	0.116	0.082	0.105	0.074	0.075	0.061	0.067	0.058	0.056	0.059	0.054	0.046	0.034	0.043	0.034	0.026	0.03	0.032	0.019	0.026	0.028	0.016	
0.931	0.924	0.896	0.878	0.835	0.787	0.739	0.726	0.702	0.612	0.617	0.582	0.544	0.484	0.48	0.448	0.437	0.42	0.375	0.34	0.349	0.34	0.279	0.312	0.275	0.246	0.224	0.209	0.187	0.187	0.164	0.17	0.162	0.149	0.119	0.133	0.096	0.104	0.097	0.093	0.089	0.085	0.066	0.075	0.069	0.047	0.058	0.052	0.064	0.05	0.041	0.032	0.031	0.026	0.03	0.02	0.028	0.019	0.017	0.017	0.016	0.016	0.011	0.014	0.011	0.015	0.015	0.005	0.01	0.016	0.009	0.002	0.007	0.008	0.005	0.004	0.005	0.001	0.004	0	0.002	0.003	0.002	0	0	0.004	0.002	0.002	0.001	0.002	0.003	0.002	0	0.001	0.001	0.001	0.001	0	0	0.001	
1	1	1	1	1	1	1	1	1	1	1	1	1	1	1	1	1	1	1	1	1	1	1	1	1	1	1	1	1	1	1	1	1	1	1	1	1	1	1	1	1	1	1	1	1	1	1	1	1	0.998	0.998	0.999	0.998	0.997	0.997	0.994	0.995	0.995	0.997	0.995	0.994	0.99	0.985	0.987	0.981	0.978	0.985	0.977	0.981	0.98	0.973	0.973	0.962	0.968	0.97	0.963	0.96	0.959	0.966	0.951	0.944	0.955	0.942	0.949	0.94	0.925	0.924	0.931	0.925	0.927	0.929	0.919	0.927	0.928	0.907	0.915	0.906	0.898	0.894	0.899	
1	1	1	1	1	1	1	1	1	1	1	1	1	1	1	1	1	1	1	1	1	1	1	1	1	1	0.999	0.999	1	0.998	0.997	0.996	0.995	0.994	0.999	0.998	0.996	0.989	0.985	0.985	0.986	0.977	0.974	0.977	0.962	0.963	0.957	0.953	0.937	0.925	0.91	0.919	0.881	0.866	0.854	0.845	0.833	0.818	0.813	0.77	0.754	0.749	0.744	0.712	0.701	0.654	0.67	0.672	0.627	0.61	0.62	0.59	0.544	0.516	0.536	0.487	0.501	0.456	0.446	0.435	0.371	0.381	0.391	0.351	0.332	0.331	0.338	0.282	0.283	0.273	0.278	0.268	0.233	0.222	0.219	0.238	0.225	0.206	0.182	0.173	
1	1	1	1	1	1	1	1	1	1	1	1	0.997	0.998	0.993	0.993	0.991	0.978	0.972	0.963	0.946	0.914	0.914	0.866	0.847	0.808	0.799	0.753	0.724	0.668	0.655	0.638	0.621	0.58	0.59	0.519	0.5	0.522	0.46	0.461	0.43	0.415	0.381	0.362	0.346	0.327	0.319	0.266	0.236	0.27	0.233	0.22	0.201	0.203	0.18	0.147	0.159	0.138	0.111	0.082	0.106	0.099	0.078	0.071	0.057	0.065	0.053	0.036	0.029	0.037	0.031	0.025	0.02	0.014	0.011	0.012	0.007	0.011	0.006	0.007	0.008	0.007	0.005	0.002	0.005	0.002	0.002	0.002	0.006	0.001	0.003	0	0.001	0	0.002	0	0.002	0.002	0.001	0.002	
1	1	1	1	1	1	1	1	1	1	1	1	1	1	1	1	1	1	1	1	1	1	1	1	1	1	0.999	0.999	0.997	0.998	0.994	0.997	0.996	0.993	0.998	0.997	0.997	0.996	0.996	0.99	0.992	0.982	0.978	0.977	0.972	0.978	0.977	0.974	0.963	0.953	0.958	0.95	0.94	0.936	0.934	0.926	0.926	0.925	0.914	0.923	0.892	0.915	0.892	0.887	0.874	0.869	0.871	0.832	0.844	0.822	0.853	0.82	0.795	0.795	0.79	0.766	0.798	0.764	0.739	0.765	0.759	0.754	0.713	0.712	0.702	0.699	0.687	0.705	0.688	0.665	0.671	0.641	0.635	0.653	0.644	0.641	0.625	0.63	0.623	0.601	
1	1	1	1	1	1	1	1	1	1	1	1	1	1	1	1	1	1	1	1	1	1	1	1	1	1	1	1	1	1	1	1	1	1	1	1	1	1	1	1	1	1	0.998	0.999	1	1	0.998	1	0.997	0.998	0.995	0.996	0.996	0.993	0.991	0.99	0.99	0.985	0.989	0.985	0.982	0.979	0.98	0.969	0.976	0.974	0.965	0.963	0.968	0.954	0.957	0.941	0.948	0.942	0.958	0.931	0.924	0.924	0.922	0.922	0.924	0.938	0.921	0.922	0.928	0.913	0.917	0.903	0.924	0.9	0.899	0.893	0.898	0.893	0.898	0.872	0.9	0.898	0.874	0.897	
0.996	0.995	0.994	0.993	0.992	0.991	0.996	0.987	0.988	0.982	0.99	0.968	0.984	0.983	0.982	0.978	0.966	0.962	0.967	0.951	0.966	0.955	0.958	0.948	0.942	0.924	0.941	0.939	0.936	0.934	0.933	0.909	0.909	0.878	0.884	0.883	0.87	0.863	0.847	0.826	0.837	0.816	0.793	0.792	0.771	0.769	0.746	0.766	0.704	0.709	0.679	0.681	0.661	0.645	0.644	0.62	0.568	0.575	0.573	0.556	0.53	0.519	0.523	0.49	0.472	0.462	0.47	0.463	0.454	0.445	0.404	0.421	0.411	0.37	0.383	0.352	0.385	0.374	0.351	0.334	0.331	0.346	0.31	0.335	0.376	0.313	0.303	0.315	0.304	0.342	0.288	0.336	0.32	0.331	0.337	0.307	0.313	0.348	0.332	0.389	
0.971	0.963	0.963	0.952	0.947	0.94	0.924	0.934	0.903	0.914	0.885	0.909	0.894	0.872	0.879	0.885	0.872	0.862	0.854	0.825	0.84	0.829	0.842	0.838	0.815	0.829	0.787	0.795	0.822	0.828	0.81	0.832	0.808	0.811	0.798	0.776	0.795	0.79	0.818	0.815	0.809	0.808	0.8	0.802	0.807	0.809	0.805	0.801	0.796	0.792	0.799	0.791	0.806	0.778	0.805	0.8	0.786	0.788	0.751	0.754	0.748	0.729	0.723	0.739	0.739	0.742	0.708	0.725	0.687	0.708	0.653	0.665	0.642	0.669	0.643	0.639	0.606	0.598	0.58	0.545	0.564	0.53	0.522	0.487	0.461	0.464	0.442	0.441	0.431	0.435	0.392	0.396	0.39	0.353	0.37	0.326	0.302	0.254	0.26	0.244	
1	1	1	1	1	1	1	1	1	1	1	1	1	1	1	1	1	1	1	1	1	1	1	1	1	1	1	1	1	1	1	0.999	1	1	1	0.997	0.999	0.998	0.997	0.998	0.997	0.995	0.995	0.993	0.988	0.979	0.979	0.971	0.973	0.958	0.953	0.944	0.925	0.928	0.912	0.902	0.873	0.849	0.838	0.794	0.805	0.767	0.763	0.715	0.69	0.657	0.621	0.638	0.605	0.528	0.526	0.497	0.456	0.476	0.412	0.38	0.364	0.338	0.279	0.298	0.262	0.26	0.229	0.22	0.198	0.164	0.135	0.134	0.126	0.103	0.083	0.075	0.075	0.072	0.057	0.049	0.039	0.036	0.022	0.022	
0.819	0.749	0.713	0.668	0.615	0.554	0.499	0.435	0.417	0.345	0.318	0.274	0.268	0.218	0.216	0.185	0.167	0.154	0.137	0.127	0.114	0.114	0.102	0.074	0.079	0.077	0.074	0.071	0.058	0.063	0.045	0.042	0.046	0.033	0.035	0.032	0.027	0.031	0.037	0.027	0.017	0.015	0.02	0.019	0.016	0.015	0.015	0.016	0.004	0.01	0.01	0.006	0.006	0.007	0.002	0.01	0.003	0.003	0.003	0.006	0.002	0.002	0.003	0.002	0.003	0.003	0.003	0.004	0.001	0	0.002	0.003	0.001	0.002	0.001	0.002	0	0.001	0.003	0.001	0	0.001	0.001	0.001	0.001	0	0	0	0	0.001	0	0	0	0	0	0	0.001	0.001	0	0	
1	1	1	1	1	1	1	1	1	1	1	1	1	1	1	1	1	1	1	1	1	1	1	1	1	1	1	0.997	1	1	1	0.999	0.999	1	0.998	0.997	0.999	0.996	0.996	0.994	0.996	0.991	0.993	0.984	0.99	0.986	0.987	0.982	0.981	0.975	0.979	0.978	0.974	0.969	0.973	0.957	0.969	0.951	0.951	0.933	0.932	0.932	0.937	0.917	0.922	0.906	0.911	0.908	0.906	0.907	0.897	0.864	0.9	0.887	0.881	0.861	0.859	0.865	0.845	0.84	0.841	0.837	0.84	0.816	0.815	0.8	0.794	0.817	0.768	0.788	0.786	0.766	0.764	0.811	0.751	0.765	0.782	0.76	0.733	0.734	
1	1	1	1	1	1	1	1	0.999	0.999	0.997	0.997	0.999	0.994	0.991	0.98	0.973	0.959	0.95	0.938	0.921	0.909	0.873	0.876	0.848	0.799	0.779	0.729	0.729	0.684	0.651	0.647	0.605	0.56	0.556	0.498	0.473	0.479	0.443	0.418	0.427	0.346	0.355	0.34	0.34	0.283	0.312	0.244	0.282	0.251	0.248	0.214	0.23	0.211	0.212	0.218	0.175	0.194	0.203	0.189	0.163	0.175	0.159	0.173	0.163	0.167	0.166	0.157	0.151	0.16	0.131	0.132	0.132	0.137	0.149	0.142	0.13	0.144	0.135	0.119	0.14	0.124	0.105	0.127	0.123	0.119	0.103	0.096	0.099	0.096	0.1	0.09	0.076	0.079	0.083	0.096	0.089	0.074	0.093	0.067	
1	1	1	1	1	1	1	1	1	1	1	1	1	1	1	1	1	1	1	1	1	1	1	1	1	1	1	1	1	1	1	1	1	0.998	1	1	0.999	0.999	0.995	0.995	0.993	0.993	0.987	0.987	0.988	0.978	0.979	0.981	0.973	0.973	0.965	0.967	0.965	0.945	0.942	0.947	0.913	0.914	0.904	0.894	0.884	0.885	0.873	0.876	0.878	0.843	0.84	0.839	0.809	0.774	0.795	0.781	0.741	0.738	0.72	0.725	0.709	0.681	0.652	0.662	0.653	0.628	0.641	0.594	0.572	0.564	0.558	0.549	0.514	0.481	0.469	0.466	0.448	0.423	0.434	0.393	0.41	0.356	0.346	0.309	
1	1	1	1	1	1	1	0.998	0.995	0.979	0.962	0.948	0.921	0.906	0.866	0.796	0.784	0.765	0.708	0.682	0.658	0.589	0.546	0.512	0.493	0.459	0.386	0.415	0.347	0.326	0.299	0.245	0.207	0.185	0.171	0.156	0.125	0.111	0.104	0.077	0.077	0.064	0.051	0.041	0.027	0.028	0.025	0.016	0.01	0.014	0.009	0.013	0.004	0.005	0.003	0.003	0.002	0.002	0.002	0	0.002	0	0.001	0	0	0	0	0	0.001	0	0	0	0	0	0	0	0	0	0	0	0	0	0	0	0	0	0	0	0	0	0	0	0	0	0	0	0	0	0	0	
1	1	1	1	1	1	1	1	0.999	0.999	0.999	0.997	0.995	0.987	0.986	0.973	0.975	0.955	0.94	0.926	0.893	0.872	0.837	0.812	0.77	0.752	0.711	0.673	0.649	0.621	0.624	0.583	0.529	0.513	0.507	0.48	0.431	0.418	0.414	0.388	0.364	0.353	0.331	0.312	0.277	0.305	0.281	0.248	0.221	0.213	0.206	0.222	0.195	0.19	0.157	0.159	0.143	0.151	0.107	0.131	0.113	0.106	0.112	0.089	0.095	0.085	0.075	0.069	0.053	0.054	0.051	0.051	0.04	0.044	0.033	0.027	0.038	0.038	0.029	0.017	0.024	0.024	0.02	0.014	0.014	0.014	0.01	0.01	0.01	0.007	0.009	0.006	0.005	0.009	0.006	0.003	0.003	0.005	0.005	0.002	
0.93	0.918	0.915	0.914	0.905	0.917	0.892	0.894	0.881	0.912	0.891	0.88	0.898	0.873	0.867	0.871	0.872	0.869	0.877	0.87	0.876	0.851	0.855	0.846	0.831	0.833	0.832	0.825	0.771	0.783	0.769	0.792	0.755	0.751	0.71	0.693	0.71	0.669	0.679	0.666	0.649	0.626	0.601	0.619	0.595	0.581	0.548	0.526	0.514	0.481	0.525	0.511	0.472	0.46	0.45	0.461	0.429	0.404	0.401	0.345	0.375	0.342	0.343	0.314	0.314	0.292	0.281	0.316	0.286	0.273	0.254	0.263	0.249	0.235	0.215	0.218	0.201	0.176	0.194	0.159	0.156	0.144	0.129	0.107	0.144	0.117	0.102	0.083	0.09	0.069	0.073	0.071	0.068	0.054	0.065	0.046	0.044	0.046	0.032	0.023	
0.73	0.719	0.684	0.661	0.618	0.62	0.588	0.549	0.536	0.508	0.476	0.45	0.411	0.383	0.388	0.387	0.32	0.282	0.262	0.258	0.231	0.181	0.186	0.179	0.147	0.127	0.117	0.113	0.096	0.104	0.09	0.1	0.062	0.066	0.066	0.056	0.046	0.042	0.035	0.038	0.023	0.029	0.027	0.018	0.025	0.019	0.021	0.018	0.013	0.011	0.011	0.012	0.01	0.006	0.007	0.006	0.004	0.01	0.005	0.001	0.005	0.002	0.002	0.002	0	0.002	0.001	0	0.002	0.002	0.001	0	0.001	0.001	0.001	0	0	0.001	0	0	0	0	0	0	0	0	0.001	0	0	0	0	0	0.001	0	0	0	0.001	0	0	0	
1	1	1	1	1	0.999	0.998	0.998	0.997	1	0.998	0.995	0.996	0.988	0.985	0.991	0.99	0.985	0.986	0.98	0.975	0.973	0.964	0.971	0.954	0.927	0.935	0.928	0.922	0.906	0.889	0.89	0.86	0.857	0.83	0.839	0.832	0.812	0.815	0.784	0.739	0.73	0.714	0.708	0.678	0.649	0.593	0.611	0.573	0.56	0.544	0.526	0.501	0.46	0.442	0.412	0.422	0.392	0.352	0.337	0.301	0.324	0.289	0.285	0.257	0.223	0.227	0.219	0.203	0.177	0.165	0.159	0.157	0.125	0.137	0.099	0.103	0.105	0.079	0.093	0.069	0.072	0.074	0.051	0.047	0.044	0.043	0.042	0.036	0.037	0.031	0.028	0.02	0.023	0.014	0.012	0.014	0.015	0.018	0.017	
0.983	0.973	0.974	0.966	0.945	0.933	0.91	0.911	0.856	0.837	0.796	0.78	0.747	0.714	0.664	0.628	0.618	0.596	0.557	0.51	0.504	0.456	0.44	0.455	0.425	0.398	0.387	0.342	0.329	0.356	0.315	0.282	0.29	0.271	0.248	0.281	0.27	0.232	0.224	0.201	0.2	0.195	0.2	0.183	0.194	0.189	0.174	0.162	0.193	0.165	0.165	0.15	0.17	0.139	0.127	0.133	0.154	0.144	0.132	0.123	0.126	0.12	0.126	0.12	0.115	0.133	0.127	0.115	0.126	0.114	0.111	0.113	0.134	0.132	0.129	0.104	0.12	0.122	0.109	0.096	0.102	0.097	0.12	0.131	0.126	0.122	0.133	0.143	0.109	0.122	0.127	0.161	0.13	0.142	0.164	0.151	0.166	0.165	0.168	0.182	
1	1	1	1	1	1	1	1	1	1	1	1	1	1	1	1	1	1	1	1	1	1	1	1	1	1	1	1	1	1	1	1	1	1	1	1	1	1	1	1	1	1	1	1	1	0.999	1	1	1	0.997	0.998	0.998	0.998	0.998	0.997	0.998	0.996	0.992	0.99	0.987	0.981	0.982	0.972	0.973	0.963	0.968	0.955	0.943	0.925	0.934	0.917	0.919	0.905	0.883	0.871	0.873	0.85	0.818	0.825	0.799	0.781	0.788	0.764	0.754	0.719	0.679	0.698	0.696	0.688	0.634	0.646	0.643	0.612	0.598	0.603	0.549	0.561	0.523	0.518	0.481	
0.655	0.598	0.574	0.531	0.554	0.514	0.453	0.429	0.456	0.416	0.391	0.392	0.375	0.373	0.32	0.331	0.312	0.286	0.298	0.289	0.266	0.255	0.246	0.234	0.201	0.224	0.2	0.163	0.17	0.159	0.119	0.138	0.115	0.113	0.09	0.094	0.091	0.088	0.056	0.06	0.078	0.061	0.044	0.045	0.049	0.041	0.054	0.037	0.036	0.036	0.03	0.037	0.033	0.026	0.025	0.017	0.024	0.025	0.019	0.019	0.015	0.018	0.018	0.016	0.017	0.02	0.019	0.012	0.014	0.023	0.022	0.015	0.008	0.014	0.011	0.014	0.021	0.015	0.012	0.01	0.01	0.009	0.016	0.011	0.015	0.01	0.016	0.013	0.016	0.02	0.012	0.019	0.015	0.013	0.022	0.019	0.019	0.031	0.036	0.032	
1	1	1	1	1	1	1	1	1	1	1	1	1	1	1	1	1	1	1	0.999	0.999	1	0.996	1	0.998	0.995	0.993	0.996	0.995	0.988	0.996	0.989	0.986	0.988	0.982	0.985	0.977	0.978	0.982	0.974	0.98	0.97	0.963	0.971	0.974	0.964	0.97	0.965	0.958	0.955	0.966	0.949	0.949	0.952	0.96	0.94	0.939	0.946	0.926	0.929	0.933	0.92	0.924	0.924	0.916	0.914	0.905	0.908	0.919	0.886	0.886	0.891	0.869	0.868	0.85	0.866	0.888	0.848	0.846	0.849	0.828	0.843	0.863	0.825	0.832	0.831	0.827	0.793	0.832	0.795	0.82	0.785	0.813	0.791	0.77	0.792	0.778	0.806	0.776	0.765	
1	1	1	1	1	0.998	1	0.999	0.998	0.995	0.991	0.991	0.978	0.976	0.963	0.938	0.93	0.909	0.886	0.849	0.834	0.813	0.795	0.742	0.709	0.675	0.634	0.571	0.536	0.484	0.447	0.448	0.375	0.325	0.306	0.274	0.253	0.226	0.209	0.209	0.168	0.143	0.133	0.118	0.109	0.083	0.069	0.057	0.063	0.042	0.039	0.044	0.047	0.03	0.025	0.022	0.018	0.025	0.021	0.019	0.014	0.013	0.013	0.008	0.002	0.003	0.003	0.002	0.004	0.002	0.002	0.001	0.001	0.002	0.001	0	0.002	0	0	0.001	0	0	0	0	0	0	0	0	0.001	0.001	0	0	0.001	0	0	0	0	0	0	0	
1	1	1	1	1	1	1	1	1	1	1	1	1	1	1	1	1	1	1	1	1	1	0.999	1	0.997	0.994	0.995	0.986	0.993	0.979	0.973	0.954	0.952	0.928	0.917	0.915	0.879	0.857	0.842	0.803	0.767	0.725	0.675	0.641	0.606	0.571	0.547	0.482	0.463	0.422	0.379	0.33	0.299	0.311	0.265	0.251	0.197	0.16	0.167	0.141	0.113	0.109	0.1	0.084	0.067	0.065	0.067	0.035	0.045	0.033	0.027	0.022	0.032	0.012	0.018	0.017	0.011	0.011	0.011	0.003	0.006	0.003	0.005	0.002	0.002	0.001	0.002	0	0.001	0	0.003	0	0	0	0	0	0.001	0	0	0	
0.999	0.997	0.997	0.997	0.996	0.992	0.994	0.989	0.982	0.985	0.97	0.966	0.974	0.956	0.94	0.933	0.92	0.906	0.894	0.857	0.84	0.826	0.792	0.788	0.787	0.765	0.739	0.672	0.67	0.639	0.619	0.592	0.544	0.52	0.534	0.468	0.484	0.449	0.447	0.395	0.371	0.373	0.334	0.327	0.356	0.276	0.267	0.255	0.246	0.232	0.221	0.201	0.197	0.173	0.193	0.187	0.17	0.153	0.153	0.139	0.114	0.126	0.111	0.118	0.096	0.089	0.098	0.101	0.086	0.083	0.087	0.099	0.081	0.075	0.078	0.072	0.071	0.07	0.08	0.048	0.07	0.072	0.061	0.07	0.068	0.083	0.069	0.058	0.071	0.076	0.065	0.067	0.097	0.075	0.079	0.092	0.084	0.088	0.088	0.104	
1	1	0.997	0.999	0.997	0.998	0.989	0.988	0.991	0.975	0.977	0.968	0.959	0.948	0.931	0.926	0.922	0.908	0.877	0.865	0.858	0.834	0.819	0.797	0.754	0.749	0.678	0.68	0.683	0.656	0.625	0.611	0.592	0.539	0.536	0.518	0.51	0.469	0.45	0.439	0.412	0.388	0.363	0.374	0.337	0.329	0.298	0.313	0.277	0.255	0.28	0.256	0.212	0.213	0.249	0.177	0.19	0.178	0.189	0.152	0.143	0.125	0.138	0.105	0.128	0.103	0.124	0.094	0.087	0.073	0.088	0.078	0.064	0.07	0.057	0.055	0.058	0.045	0.039	0.042	0.04	0.043	0.031	0.028	0.027	0.021	0.025	0.019	0.014	0.011	0.013	0.014	0.013	0.014	0.012	0.006	0.008	0.013	0.006	0.003	
0.035	0.03	0.022	0.03	0.022	0.021	0.02	0.008	0.017	0.02	0.011	0.014	0.012	0.01	0.012	0.015	0.01	0.006	0.009	0.009	0.012	0.005	0.005	0.009	0.006	0.005	0.001	0.007	0.012	0.002	0.006	0.007	0.005	0.006	0.015	0.003	0.006	0.006	0.009	0.006	0.008	0.007	0.006	0.008	0.009	0.01	0.011	0.009	0.007	0.009	0.009	0.018	0.01	0.012	0.011	0.008	0.01	0.007	0.013	0.007	0.007	0.008	0.009	0.011	0.009	0.006	0.01	0.008	0.01	0.012	0.012	0.01	0.008	0.008	0.014	0.009	0.002	0.011	0.006	0.011	0.01	0.007	0.011	0.005	0.009	0.005	0.003	0.008	0.004	0.011	0.004	0.003	0.004	0.007	0.002	0.004	0.003	0.003	0.001	0.003	
0.999	0.994	0.994	0.99	0.994	0.995	0.992	0.984	0.983	0.985	0.982	0.977	0.97	0.971	0.975	0.961	0.956	0.965	0.957	0.957	0.96	0.953	0.955	0.948	0.943	0.934	0.931	0.934	0.928	0.916	0.918	0.92	0.9	0.906	0.909	0.892	0.905	0.894	0.888	0.881	0.882	0.878	0.879	0.87	0.847	0.845	0.843	0.858	0.832	0.856	0.842	0.831	0.845	0.828	0.843	0.832	0.839	0.837	0.82	0.815	0.803	0.818	0.816	0.815	0.828	0.797	0.793	0.809	0.797	0.79	0.811	0.797	0.78	0.791	0.776	0.768	0.772	0.77	0.782	0.786	0.782	0.757	0.738	0.763	0.76	0.764	0.73	0.75	0.764	0.732	0.745	0.747	0.708	0.715	0.699	0.722	0.701	0.699	0.673	0.677	
1	1	1	1	1	1	1	1	1	1	1	1	0.999	1	1	0.998	0.999	1	0.994	0.994	0.997	0.988	0.985	0.982	0.982	0.98	0.963	0.958	0.951	0.938	0.927	0.918	0.926	0.898	0.861	0.878	0.848	0.843	0.821	0.821	0.782	0.775	0.736	0.739	0.732	0.712	0.689	0.656	0.648	0.634	0.634	0.637	0.574	0.586	0.541	0.537	0.514	0.541	0.491	0.469	0.441	0.413	0.429	0.429	0.442	0.412	0.383	0.37	0.368	0.352	0.339	0.327	0.299	0.296	0.295	0.308	0.28	0.281	0.245	0.265	0.232	0.212	0.189	0.198	0.183	0.184	0.173	0.146	0.151	0.151	0.138	0.134	0.113	0.106	0.113	0.09	0.098	0.064	0.074	0.063	
1	1	1	1	1	1	1	1	1	1	1	1	1	1	1	1	1	1	1	1	1	1	1	1	1	1	1	1	1	1	1	1	1	1	1	0.999	0.999	1	1	0.999	0.999	1	0.998	0.999	0.999	1	0.997	0.999	0.997	0.995	0.994	0.994	0.995	0.991	0.992	0.992	0.983	0.987	0.985	0.981	0.987	0.979	0.979	0.972	0.978	0.973	0.969	0.961	0.962	0.966	0.954	0.965	0.952	0.943	0.952	0.949	0.938	0.949	0.927	0.938	0.923	0.911	0.941	0.918	0.935	0.923	0.923	0.904	0.917	0.919	0.918	0.911	0.921	0.901	0.917	0.911	0.921	0.9	0.902	0.906	
0.983	0.979	0.967	0.969	0.978	0.977	0.968	0.962	0.96	0.967	0.974	0.962	0.96	0.957	0.944	0.942	0.944	0.943	0.933	0.934	0.909	0.897	0.918	0.895	0.906	0.905	0.884	0.888	0.876	0.864	0.861	0.85	0.861	0.856	0.858	0.824	0.85	0.839	0.818	0.838	0.836	0.834	0.826	0.826	0.808	0.81	0.817	0.812	0.829	0.827	0.78	0.805	0.806	0.801	0.808	0.803	0.795	0.798	0.816	0.817	0.79	0.825	0.824	0.826	0.843	0.823	0.826	0.834	0.851	0.808	0.843	0.839	0.844	0.808	0.819	0.857	0.848	0.844	0.836	0.828	0.842	0.838	0.865	0.842	0.825	0.845	0.838	0.837	0.842	0.836	0.854	0.837	0.838	0.843	0.838	0.835	0.822	0.836	0.817	0.842	
0	0	0	0	0	0	0	0	0	0	0	0	0	0	0	0	0	0	0	0	0	0	0	0	0	0	0	0	0	0	0	0	0	0	0	0	0	0	0	0	0	0	0	0	0	0	0	0	0	0	0	0	0	0	0	0	0	0	0	0	0	0	0	0	0	0	0	0	0	0	0	0	0	0	0	0	0	0	0	0	0	0	0	0	0	0	0	0	0	0	0	0	0	0	0	0	0	0	0	0	
1	1	1	1	1	0.999	0.999	0.999	0.999	0.999	0.998	0.996	0.998	0.995	0.996	0.999	0.997	0.998	0.995	0.99	0.996	0.995	0.987	0.99	0.988	0.987	0.985	0.984	0.975	0.98	0.988	0.971	0.972	0.978	0.975	0.966	0.96	0.965	0.966	0.965	0.941	0.947	0.928	0.944	0.943	0.944	0.926	0.944	0.923	0.922	0.922	0.906	0.92	0.912	0.871	0.889	0.876	0.89	0.878	0.881	0.871	0.857	0.843	0.844	0.825	0.811	0.838	0.821	0.788	0.811	0.797	0.768	0.777	0.769	0.746	0.741	0.727	0.741	0.703	0.695	0.689	0.674	0.667	0.649	0.649	0.597	0.609	0.603	0.577	0.568	0.559	0.556	0.526	0.525	0.491	0.476	0.421	0.445	0.416	0.429	
0.113	0.085	0.056	0.063	0.064	0.053	0.038	0.029	0.028	0.028	0.027	0.023	0.017	0.019	0.006	0.008	0.008	0.006	0.006	0.004	0.003	0.003	0.004	0.002	0.003	0.003	0.004	0	0.001	0	0.001	0.001	0	0.001	0.001	0	0	0	0	0	0.001	0.001	0	0	0	0	0	0	0	0	0.001	0	0	0	0	0	0	0	0	0	0	0	0	0	0	0	0	0	0	0	0	0	0	0	0	0	0	0	0	0	0	0	0	0	0	0	0	0	0	0	0	0	0	0	0	0	0	0	0	0	
1	1	1	1	1	1	1	1	1	1	1	1	1	1	1	1	1	1	1	1	1	0.999	0.999	0.999	0.998	1	0.996	0.997	0.994	0.996	0.993	0.991	0.993	0.986	0.982	0.981	0.979	0.973	0.965	0.968	0.967	0.958	0.949	0.941	0.95	0.923	0.939	0.917	0.903	0.907	0.896	0.866	0.893	0.868	0.854	0.854	0.83	0.825	0.812	0.792	0.788	0.757	0.753	0.736	0.737	0.725	0.698	0.688	0.666	0.642	0.62	0.603	0.603	0.564	0.537	0.526	0.51	0.479	0.477	0.444	0.395	0.363	0.363	0.352	0.334	0.306	0.252	0.259	0.243	0.232	0.202	0.182	0.166	0.155	0.135	0.134	0.129	0.104	0.114	0.101	
0.874	0.865	0.841	0.826	0.817	0.81	0.78	0.766	0.752	0.725	0.744	0.716	0.698	0.694	0.66	0.636	0.623	0.634	0.62	0.624	0.611	0.581	0.549	0.559	0.548	0.572	0.534	0.517	0.515	0.525	0.48	0.486	0.504	0.506	0.511	0.486	0.48	0.469	0.439	0.471	0.484	0.455	0.448	0.499	0.456	0.467	0.471	0.478	0.46	0.453	0.438	0.427	0.427	0.444	0.44	0.446	0.452	0.414	0.419	0.414	0.437	0.407	0.395	0.419	0.415	0.428	0.425	0.406	0.414	0.383	0.412	0.405	0.424	0.398	0.407	0.428	0.385	0.405	0.418	0.395	0.397	0.398	0.403	0.411	0.397	0.406	0.385	0.412	0.429	0.424	0.403	0.374	0.415	0.413	0.417	0.451	0.422	0.432	0.463	0.444	
0.87	0.846	0.818	0.787	0.792	0.756	0.775	0.736	0.727	0.738	0.735	0.761	0.722	0.748	0.739	0.718	0.739	0.708	0.73	0.734	0.713	0.731	0.708	0.703	0.683	0.702	0.7	0.695	0.655	0.675	0.654	0.666	0.642	0.647	0.597	0.614	0.61	0.582	0.568	0.569	0.534	0.548	0.545	0.543	0.505	0.511	0.509	0.484	0.462	0.457	0.464	0.422	0.441	0.406	0.405	0.406	0.405	0.416	0.358	0.334	0.363	0.354	0.338	0.326	0.347	0.345	0.298	0.306	0.301	0.279	0.277	0.287	0.298	0.271	0.285	0.267	0.244	0.255	0.288	0.262	0.291	0.26	0.262	0.25	0.239	0.247	0.261	0.236	0.266	0.271	0.284	0.273	0.289	0.306	0.279	0.28	0.3	0.298	0.307	0.307	
1	1	1	1	0.999	0.999	0.997	0.999	0.998	0.995	0.997	0.995	0.989	0.982	0.981	0.982	0.972	0.973	0.965	0.968	0.962	0.945	0.952	0.937	0.913	0.928	0.903	0.907	0.894	0.877	0.879	0.87	0.856	0.849	0.81	0.81	0.785	0.769	0.767	0.737	0.74	0.757	0.707	0.693	0.653	0.635	0.634	0.578	0.597	0.562	0.588	0.533	0.522	0.534	0.49	0.476	0.433	0.44	0.425	0.434	0.382	0.389	0.388	0.352	0.371	0.339	0.318	0.327	0.311	0.314	0.31	0.288	0.29	0.283	0.271	0.265	0.259	0.243	0.239	0.257	0.252	0.248	0.228	0.237	0.238	0.223	0.212	0.219	0.203	0.207	0.209	0.208	0.206	0.185	0.18	0.19	0.185	0.182	0.173	0.179	
1	1	1	1	1	1	1	1	1	1	1	1	1	1	1	1	1	1	0.999	1	0.997	0.999	1	0.999	1	0.998	0.999	0.999	1	0.997	0.999	0.994	0.996	0.997	0.997	0.996	0.997	0.997	0.99	0.99	0.989	0.984	0.991	0.989	0.988	0.984	0.976	0.984	0.99	0.98	0.979	0.982	0.979	0.977	0.974	0.968	0.964	0.964	0.968	0.954	0.956	0.948	0.953	0.934	0.944	0.926	0.926	0.926	0.912	0.917	0.919	0.904	0.897	0.878	0.873	0.889	0.868	0.86	0.869	0.852	0.842	0.855	0.832	0.836	0.808	0.781	0.79	0.788	0.749	0.75	0.756	0.733	0.746	0.725	0.711	0.667	0.649	0.691	0.652	0.638	
1	1	1	1	1	1	1	1	1	1	1	1	1	1	1	1	1	1	1	1	1	1	1	1	1	1	1	1	1	1	1	1	1	1	1	1	1	0.999	1	1	0.999	0.998	0.998	0.996	0.998	0.998	0.995	0.993	0.996	0.994	0.992	0.99	0.996	0.989	0.986	0.99	0.983	0.984	0.972	0.968	0.968	0.963	0.95	0.955	0.945	0.951	0.945	0.924	0.923	0.918	0.925	0.894	0.912	0.889	0.875	0.866	0.865	0.861	0.828	0.805	0.813	0.808	0.802	0.766	0.778	0.759	0.747	0.708	0.672	0.666	0.67	0.673	0.669	0.648	0.616	0.62	0.583	0.591	0.558	0.55	
1	1	1	1	1	1	1	1	1	1	1	1	1	1	1	1	1	1	1	1	1	1	0.999	0.999	1	0.999	0.999	0.999	0.998	0.996	0.998	1	0.997	0.994	0.994	0.993	0.993	0.991	0.988	0.978	0.977	0.974	0.983	0.961	0.962	0.949	0.939	0.959	0.942	0.914	0.917	0.879	0.894	0.856	0.854	0.822	0.841	0.803	0.78	0.79	0.761	0.739	0.722	0.689	0.648	0.652	0.64	0.569	0.571	0.564	0.552	0.536	0.524	0.487	0.437	0.444	0.399	0.388	0.375	0.357	0.341	0.317	0.318	0.278	0.26	0.223	0.233	0.22	0.193	0.181	0.189	0.159	0.146	0.124	0.105	0.108	0.095	0.078	0.087	0.067	
1	1	1	1	1	1	1	1	1	1	1	1	1	0.999	1	0.999	1	0.999	0.998	0.998	0.999	0.996	0.997	0.996	0.993	0.991	0.985	0.987	0.981	0.987	0.982	0.98	0.972	0.972	0.966	0.969	0.962	0.945	0.935	0.933	0.925	0.916	0.896	0.916	0.874	0.868	0.877	0.834	0.831	0.813	0.831	0.8	0.788	0.757	0.772	0.728	0.728	0.707	0.697	0.673	0.626	0.652	0.618	0.595	0.586	0.572	0.564	0.536	0.513	0.495	0.471	0.49	0.464	0.439	0.42	0.42	0.384	0.377	0.364	0.379	0.347	0.354	0.353	0.321	0.331	0.326	0.319	0.309	0.318	0.302	0.311	0.306	0.303	0.313	0.323	0.326	0.312	0.289	0.319	0.315	
1	1	1	1	1	1	1	0.999	1	1	0.999	0.996	0.991	0.995	0.991	0.987	0.985	0.971	0.966	0.949	0.925	0.922	0.895	0.844	0.822	0.79	0.748	0.731	0.667	0.638	0.552	0.515	0.467	0.416	0.345	0.313	0.296	0.244	0.206	0.174	0.16	0.14	0.104	0.112	0.089	0.085	0.061	0.046	0.045	0.028	0.042	0.025	0.016	0.021	0.018	0.012	0.004	0.009	0.01	0.007	0.004	0.003	0.001	0.004	0.003	0.001	0.002	0.003	0.001	0.001	0	0	0	0.001	0	0	0	0	0	0	0	0	0	0	0	0	0	0	0	0	0	0	0	0	0	0	0	0	0	0	
1	1	1	1	1	1	1	1	1	1	1	1	1	1	1	1	1	1	1	0.998	0.996	0.996	0.99	0.99	0.989	0.979	0.972	0.969	0.945	0.923	0.909	0.899	0.848	0.84	0.829	0.798	0.776	0.702	0.712	0.651	0.648	0.596	0.579	0.55	0.514	0.494	0.461	0.427	0.412	0.383	0.344	0.33	0.3	0.303	0.276	0.261	0.244	0.231	0.212	0.214	0.213	0.168	0.192	0.141	0.159	0.119	0.134	0.111	0.097	0.089	0.088	0.088	0.073	0.066	0.077	0.073	0.064	0.069	0.063	0.05	0.046	0.046	0.048	0.036	0.03	0.037	0.029	0.03	0.03	0.021	0.024	0.019	0.016	0.027	0.02	0.015	0.019	0.016	0.013	0.01	
