1	1	1	1	1	1	1	1	1	1	1	1	1	1	1	1	1	1	1	1	1	1	1	1	1	1	1	1	1	1	1	1	1	1	1	1	1	1	0.999	1	1	0.998	1	0.999	0.999	0.996	0.998	0.995	0.99	0.99	0.993	0.993	0.985	0.979	0.981	0.979	0.971	0.968	0.95	0.947	0.928	0.916	0.92	0.88	0.887	0.869	0.854	0.853	0.855	0.813	0.779	0.757	0.735	0.722	0.688	0.667	0.629	0.591	0.563	0.512	0.493	0.472	0.447	0.379	0.359	0.376	0.339	0.295	0.236	0.262	0.21	0.169	0.175	0.161	0.129	0.119	0.088	0.084	0.065	0.057	
1	1	1	1	1	1	1	1	1	1	1	1	1	1	1	1	1	1	1	1	1	1	1	1	1	1	1	1	1	1	1	1	1	1	1	1	1	1	1	1	1	1	1	1	0.999	0.998	1	1	0.999	1	1	1	1	0.998	0.999	0.998	0.997	0.998	0.998	0.999	0.998	0.997	0.999	0.993	0.995	0.99	0.991	0.992	0.984	0.981	0.989	0.979	0.976	0.983	0.973	0.977	0.958	0.971	0.953	0.95	0.946	0.933	0.93	0.916	0.928	0.891	0.878	0.878	0.875	0.84	0.839	0.825	0.803	0.814	0.76	0.744	0.724	0.705	0.678	0.658	
1	1	1	1	1	1	1	1	1	1	1	1	1	1	1	1	1	1	1	1	1	1	1	1	1	1	1	1	0.998	0.999	1	1	0.997	0.999	0.996	0.997	0.998	0.995	0.995	0.996	0.994	0.993	0.992	0.992	0.99	0.987	0.987	0.984	0.974	0.978	0.97	0.966	0.962	0.96	0.959	0.948	0.953	0.942	0.947	0.942	0.937	0.934	0.935	0.925	0.921	0.924	0.891	0.9	0.887	0.886	0.888	0.898	0.867	0.883	0.886	0.87	0.866	0.872	0.855	0.857	0.871	0.849	0.829	0.841	0.859	0.835	0.839	0.831	0.852	0.843	0.828	0.857	0.835	0.854	0.833	0.806	0.835	0.826	0.839	0.812	
1	1	1	1	1	1	1	1	1	1	1	1	1	1	1	1	1	1	1	1	1	1	1	1	1	1	1	1	1	1	1	1	1	1	1	1	1	0.999	1	0.999	0.998	0.999	0.995	0.998	0.999	0.997	0.995	0.991	0.986	0.985	0.982	0.981	0.98	0.97	0.963	0.97	0.958	0.957	0.949	0.933	0.924	0.899	0.885	0.867	0.842	0.846	0.814	0.808	0.805	0.761	0.756	0.72	0.697	0.67	0.651	0.635	0.551	0.56	0.541	0.512	0.491	0.462	0.442	0.392	0.375	0.335	0.326	0.301	0.282	0.233	0.223	0.178	0.202	0.185	0.159	0.115	0.114	0.1	0.097	0.091	
1	1	1	1	1	1	1	1	1	1	1	1	1	1	1	1	1	1	1	1	1	1	0.999	1	0.999	0.999	0.999	1	0.999	1	0.997	0.996	0.996	0.993	0.987	0.988	0.984	0.983	0.971	0.977	0.973	0.968	0.951	0.941	0.939	0.945	0.926	0.916	0.886	0.873	0.892	0.848	0.839	0.812	0.807	0.787	0.759	0.732	0.723	0.695	0.657	0.624	0.587	0.561	0.543	0.481	0.47	0.453	0.431	0.365	0.38	0.336	0.307	0.263	0.252	0.238	0.203	0.195	0.182	0.16	0.126	0.089	0.117	0.101	0.072	0.071	0.062	0.058	0.037	0.029	0.025	0.025	0.019	0.02	0.01	0.014	0.007	0.003	0.003	0	
0.797	0.744	0.718	0.623	0.578	0.52	0.49	0.428	0.362	0.34	0.289	0.279	0.2	0.201	0.196	0.18	0.148	0.13	0.108	0.118	0.093	0.093	0.084	0.071	0.054	0.047	0.06	0.051	0.034	0.031	0.028	0.026	0.023	0.026	0.018	0.019	0.011	0.012	0.011	0.011	0.001	0.003	0.005	0.005	0.005	0.001	0.002	0.003	0.003	0.005	0.001	0.001	0.001	0.001	0	0	0	0	0	0	0	0	0	0	0	0	0	0	0	0	0	0	0	0	0	0	0	0	0	0	0	0	0	0	0	0	0	0	0	0	0	0	0	0	0	0	0	0	0	0	
1	1	1	1	1	1	1	1	1	1	1	0.999	0.997	0.996	0.993	0.991	0.988	0.984	0.979	0.969	0.964	0.954	0.954	0.915	0.906	0.895	0.862	0.876	0.829	0.802	0.787	0.786	0.74	0.694	0.682	0.614	0.631	0.585	0.542	0.535	0.468	0.459	0.41	0.406	0.383	0.367	0.308	0.292	0.28	0.259	0.211	0.179	0.197	0.167	0.143	0.127	0.117	0.119	0.106	0.078	0.085	0.073	0.063	0.064	0.054	0.047	0.031	0.04	0.029	0.022	0.015	0.022	0.016	0.013	0.01	0.005	0.007	0.005	0.01	0.002	0.004	0.003	0.002	0.001	0	0.002	0.001	0.001	0	0.001	0	0	0	0	0	0	0	0	0	0	
1	1	1	1	1	1	1	1	1	0.999	1	1	1	1	0.998	0.997	0.999	0.996	0.996	0.996	0.995	0.997	0.996	0.988	0.992	0.979	0.981	0.979	0.974	0.97	0.96	0.952	0.951	0.946	0.932	0.92	0.917	0.909	0.893	0.874	0.861	0.845	0.837	0.825	0.809	0.791	0.773	0.754	0.736	0.714	0.681	0.684	0.648	0.61	0.628	0.565	0.534	0.521	0.525	0.47	0.481	0.43	0.389	0.41	0.364	0.32	0.357	0.298	0.318	0.264	0.239	0.236	0.222	0.205	0.207	0.164	0.161	0.16	0.128	0.103	0.111	0.097	0.092	0.08	0.065	0.052	0.047	0.045	0.04	0.028	0.029	0.026	0.02	0.021	0.016	0.014	0.005	0.01	0.008	0.006	
0.846	0.824	0.799	0.759	0.759	0.716	0.695	0.687	0.634	0.589	0.58	0.569	0.512	0.475	0.45	0.419	0.37	0.324	0.279	0.261	0.247	0.214	0.185	0.167	0.15	0.134	0.132	0.119	0.099	0.099	0.088	0.094	0.095	0.064	0.06	0.054	0.063	0.051	0.042	0.037	0.03	0.037	0.031	0.022	0.021	0.022	0.02	0.017	0.012	0.017	0.012	0.012	0.01	0.012	0.006	0.007	0.003	0.005	0.002	0.004	0.005	0.001	0	0	0.002	0	0.002	0.003	0	0.001	0	0	0	0	0	0	0	0	0	0	0	0	0	0	0	0	0	0	0	0	0	0	0	0	0	0	0	0	0	0	
1	1	1	1	1	1	1	1	1	1	1	1	1	1	1	1	1	1	1	1	1	1	1	1	1	1	1	1	1	1	1	0.998	0.999	0.999	1	1	0.994	0.996	0.994	0.988	0.994	0.983	0.984	0.982	0.976	0.969	0.972	0.96	0.96	0.95	0.948	0.922	0.917	0.883	0.892	0.897	0.881	0.863	0.822	0.814	0.785	0.752	0.765	0.741	0.719	0.708	0.648	0.647	0.614	0.587	0.578	0.536	0.518	0.47	0.457	0.433	0.43	0.377	0.345	0.309	0.308	0.298	0.278	0.26	0.22	0.207	0.186	0.151	0.136	0.138	0.108	0.088	0.099	0.076	0.071	0.05	0.057	0.039	0.028	0.028	
1	0.999	0.999	0.999	0.999	0.998	0.996	0.998	0.997	0.999	0.996	0.992	0.995	0.992	0.988	0.992	0.985	0.988	0.981	0.979	0.981	0.965	0.963	0.972	0.967	0.959	0.966	0.94	0.965	0.939	0.933	0.946	0.925	0.936	0.942	0.941	0.934	0.922	0.929	0.94	0.921	0.92	0.919	0.915	0.924	0.906	0.92	0.914	0.911	0.912	0.903	0.907	0.886	0.893	0.907	0.884	0.882	0.872	0.866	0.889	0.871	0.855	0.857	0.841	0.85	0.821	0.83	0.809	0.775	0.775	0.764	0.769	0.745	0.724	0.689	0.673	0.65	0.645	0.611	0.601	0.574	0.537	0.51	0.477	0.471	0.435	0.384	0.354	0.343	0.318	0.267	0.275	0.24	0.211	0.176	0.163	0.151	0.133	0.097	0.085	
1	1	1	1	1	1	1	1	1	1	1	1	1	1	1	1	1	1	0.998	0.997	0.999	0.998	0.994	0.991	0.992	0.989	0.986	0.983	0.975	0.953	0.959	0.955	0.944	0.937	0.931	0.905	0.887	0.876	0.859	0.83	0.811	0.786	0.754	0.752	0.746	0.696	0.65	0.656	0.608	0.555	0.533	0.505	0.48	0.451	0.438	0.4	0.382	0.324	0.333	0.308	0.279	0.276	0.228	0.24	0.214	0.211	0.165	0.167	0.148	0.126	0.122	0.121	0.098	0.1	0.074	0.07	0.068	0.053	0.056	0.062	0.039	0.033	0.03	0.034	0.035	0.019	0.019	0.02	0.023	0.02	0.021	0.018	0.019	0.011	0.009	0.016	0.005	0.006	0.01	0.01	
1	1	1	1	1	1	1	1	1	1	1	1	1	1	1	1	1	1	1	1	1	1	0.999	1	0.998	1	1	0.999	0.999	1	0.999	0.998	0.999	0.998	0.997	0.998	0.999	0.997	0.999	0.998	0.993	0.997	0.992	0.998	0.999	0.992	0.995	0.993	0.991	0.993	0.99	0.99	0.992	0.99	0.995	0.992	0.988	0.983	0.982	0.972	0.979	0.97	0.962	0.957	0.963	0.95	0.95	0.941	0.921	0.908	0.894	0.841	0.87	0.853	0.839	0.792	0.807	0.765	0.762	0.74	0.699	0.661	0.627	0.6	0.572	0.562	0.542	0.494	0.465	0.439	0.418	0.379	0.353	0.337	0.286	0.239	0.24	0.214	0.173	0.166	
0.995	0.986	0.978	0.964	0.951	0.954	0.921	0.905	0.898	0.846	0.828	0.807	0.804	0.768	0.716	0.715	0.701	0.683	0.619	0.6	0.623	0.598	0.562	0.511	0.504	0.491	0.461	0.427	0.431	0.368	0.364	0.356	0.353	0.292	0.288	0.31	0.286	0.265	0.243	0.232	0.203	0.216	0.208	0.216	0.191	0.2	0.168	0.174	0.172	0.144	0.167	0.163	0.167	0.143	0.14	0.161	0.132	0.127	0.144	0.116	0.129	0.116	0.11	0.144	0.118	0.121	0.11	0.135	0.101	0.106	0.107	0.091	0.086	0.115	0.095	0.1	0.085	0.087	0.087	0.085	0.083	0.08	0.083	0.074	0.092	0.08	0.079	0.073	0.078	0.08	0.072	0.08	0.069	0.054	0.068	0.067	0.069	0.05	0.053	0.046	
0.401	0.389	0.397	0.381	0.359	0.36	0.351	0.326	0.324	0.306	0.303	0.311	0.291	0.283	0.293	0.311	0.282	0.298	0.302	0.288	0.28	0.286	0.304	0.278	0.268	0.269	0.288	0.286	0.286	0.262	0.288	0.291	0.259	0.282	0.281	0.297	0.29	0.265	0.248	0.281	0.286	0.269	0.243	0.265	0.226	0.247	0.248	0.239	0.269	0.244	0.236	0.239	0.253	0.223	0.229	0.23	0.221	0.241	0.232	0.232	0.187	0.185	0.201	0.184	0.187	0.199	0.175	0.158	0.169	0.153	0.151	0.138	0.128	0.139	0.108	0.125	0.1	0.118	0.09	0.098	0.094	0.091	0.087	0.068	0.059	0.058	0.065	0.061	0.058	0.052	0.036	0.032	0.029	0.021	0.021	0.023	0.016	0.022	0.02	0.014	
1	1	1	1	1	1	1	1	1	1	1	1	1	1	1	1	1	1	1	1	1	1	1	1	1	1	1	1	0.999	1	0.999	1	1	0.999	0.999	0.999	0.998	0.995	0.997	0.993	0.993	0.99	0.993	0.987	0.984	0.985	0.982	0.98	0.978	0.979	0.976	0.969	0.969	0.958	0.955	0.953	0.957	0.96	0.94	0.933	0.939	0.925	0.921	0.908	0.907	0.915	0.921	0.906	0.894	0.916	0.888	0.891	0.874	0.894	0.872	0.869	0.862	0.845	0.848	0.846	0.855	0.846	0.857	0.822	0.853	0.831	0.825	0.838	0.829	0.83	0.837	0.834	0.834	0.855	0.833	0.859	0.833	0.845	0.845	0.833	
1	1	0.998	0.996	0.992	0.993	0.983	0.986	0.977	0.978	0.961	0.954	0.934	0.924	0.915	0.89	0.883	0.858	0.847	0.842	0.831	0.818	0.81	0.812	0.788	0.789	0.775	0.784	0.746	0.744	0.746	0.717	0.72	0.715	0.705	0.681	0.685	0.662	0.658	0.679	0.649	0.6	0.619	0.597	0.616	0.581	0.583	0.557	0.527	0.552	0.503	0.491	0.465	0.468	0.456	0.456	0.414	0.41	0.423	0.386	0.369	0.355	0.348	0.358	0.329	0.321	0.276	0.297	0.271	0.257	0.231	0.237	0.213	0.208	0.192	0.192	0.165	0.175	0.139	0.135	0.135	0.127	0.111	0.095	0.09	0.081	0.078	0.084	0.08	0.054	0.059	0.042	0.039	0.046	0.037	0.028	0.028	0.027	0.018	0.012	
1	1	1	1	1	1	1	1	1	1	1	1	1	1	1	1	1	1	1	1	1	1	1	1	1	1	1	1	1	1	1	1	1	1	1	1	1	1	1	1	1	1	1	1	1	0.999	1	1	0.999	1	0.999	0.999	0.999	1	1	0.999	0.998	0.998	0.998	0.997	0.997	0.997	0.995	1	0.994	0.993	0.994	0.994	0.992	0.988	0.988	0.986	0.985	0.978	0.976	0.982	0.977	0.955	0.97	0.959	0.961	0.966	0.954	0.953	0.934	0.934	0.93	0.927	0.892	0.907	0.898	0.871	0.868	0.864	0.844	0.817	0.839	0.805	0.782	0.795	
1	0.999	0.997	0.995	0.989	0.986	0.973	0.965	0.951	0.949	0.931	0.909	0.909	0.876	0.859	0.852	0.834	0.822	0.785	0.76	0.74	0.727	0.723	0.69	0.728	0.689	0.687	0.65	0.646	0.636	0.616	0.595	0.596	0.591	0.578	0.591	0.574	0.571	0.567	0.543	0.538	0.574	0.534	0.581	0.547	0.55	0.565	0.568	0.565	0.555	0.565	0.58	0.589	0.579	0.608	0.589	0.585	0.587	0.605	0.627	0.623	0.63	0.656	0.627	0.669	0.66	0.68	0.647	0.683	0.661	0.687	0.699	0.68	0.712	0.672	0.687	0.661	0.701	0.665	0.67	0.666	0.662	0.692	0.648	0.621	0.591	0.613	0.604	0.586	0.551	0.578	0.526	0.527	0.482	0.467	0.434	0.428	0.396	0.393	0.373	
1	1	1	1	1	1	1	1	1	1	1	1	1	1	1	1	1	1	1	1	1	1	1	1	1	1	1	1	0.999	0.998	0.999	1	1	0.999	0.997	0.994	0.993	0.991	0.989	0.984	0.988	0.981	0.981	0.973	0.962	0.96	0.963	0.939	0.935	0.925	0.9	0.893	0.883	0.876	0.853	0.845	0.798	0.788	0.749	0.753	0.713	0.691	0.641	0.635	0.612	0.518	0.53	0.497	0.465	0.411	0.418	0.381	0.362	0.319	0.309	0.253	0.236	0.223	0.186	0.183	0.163	0.151	0.113	0.105	0.103	0.083	0.069	0.059	0.05	0.037	0.036	0.017	0.018	0.019	0.016	0.013	0.007	0.007	0.005	0.004	
1	1	1	1	1	1	1	1	1	1	1	1	1	1	1	1	1	1	0.996	0.999	0.994	0.993	0.995	0.99	0.991	0.989	0.984	0.992	0.992	0.989	0.971	0.965	0.954	0.966	0.949	0.954	0.934	0.924	0.921	0.904	0.911	0.891	0.884	0.864	0.861	0.838	0.833	0.801	0.788	0.813	0.776	0.772	0.754	0.714	0.689	0.699	0.673	0.638	0.657	0.634	0.602	0.546	0.552	0.538	0.48	0.495	0.501	0.456	0.454	0.389	0.378	0.368	0.328	0.297	0.322	0.272	0.269	0.246	0.21	0.187	0.196	0.152	0.144	0.142	0.126	0.099	0.09	0.088	0.073	0.068	0.053	0.055	0.038	0.03	0.028	0.02	0.019	0.024	0.01	0.005	
1	0.997	0.996	0.996	0.982	0.991	0.974	0.956	0.952	0.932	0.923	0.893	0.893	0.89	0.864	0.847	0.86	0.851	0.83	0.814	0.798	0.836	0.82	0.784	0.788	0.785	0.809	0.765	0.773	0.773	0.808	0.762	0.771	0.78	0.773	0.761	0.783	0.782	0.779	0.776	0.783	0.769	0.784	0.801	0.745	0.746	0.751	0.752	0.766	0.758	0.769	0.728	0.783	0.752	0.742	0.785	0.742	0.749	0.747	0.748	0.757	0.702	0.746	0.714	0.715	0.728	0.711	0.736	0.744	0.726	0.731	0.691	0.728	0.7	0.725	0.706	0.696	0.686	0.694	0.701	0.695	0.688	0.697	0.642	0.655	0.661	0.614	0.627	0.617	0.606	0.6	0.617	0.569	0.562	0.575	0.557	0.534	0.523	0.509	0.485	
1	1	1	1	1	1	1	1	1	1	0.999	0.998	0.996	0.996	0.989	0.992	0.985	0.993	0.984	0.984	0.98	0.965	0.971	0.955	0.946	0.945	0.926	0.929	0.931	0.904	0.888	0.871	0.874	0.845	0.834	0.824	0.819	0.794	0.774	0.753	0.748	0.75	0.72	0.69	0.684	0.656	0.675	0.636	0.603	0.599	0.575	0.544	0.521	0.522	0.49	0.461	0.417	0.425	0.408	0.401	0.383	0.365	0.381	0.339	0.32	0.289	0.27	0.265	0.248	0.241	0.241	0.211	0.213	0.183	0.188	0.167	0.158	0.168	0.151	0.132	0.121	0.101	0.115	0.09	0.081	0.074	0.086	0.07	0.076	0.053	0.065	0.059	0.06	0.048	0.046	0.036	0.026	0.033	0.042	0.027	
1	1	1	1	1	1	1	1	1	1	1	1	1	1	1	1	1	1	1	1	1	1	0.999	1	0.999	1	0.999	1	0.999	1	0.998	1	0.999	0.997	0.999	0.998	0.998	1	0.995	0.993	0.995	0.986	0.993	0.992	0.991	0.985	0.978	0.989	0.98	0.969	0.963	0.969	0.967	0.964	0.951	0.918	0.931	0.918	0.891	0.888	0.875	0.859	0.809	0.817	0.802	0.791	0.757	0.706	0.684	0.646	0.637	0.581	0.574	0.55	0.523	0.465	0.437	0.414	0.356	0.323	0.288	0.279	0.246	0.226	0.201	0.174	0.159	0.128	0.121	0.089	0.078	0.064	0.063	0.046	0.042	0.039	0.022	0.022	0.019	0.017	
1	1	1	1	1	1	1	1	1	1	1	1	1	1	1	1	1	1	1	1	1	1	1	1	1	1	1	1	1	1	1	1	1	1	1	1	1	1	1	1	1	1	1	1	1	1	1	1	1	1	1	1	1	1	1	1	1	1	1	1	1	1	1	1	1	1	0.999	1	1	1	1	0.999	1	1	1	1	1	0.999	1	1	1	1	0.999	0.998	1	0.998	0.999	0.999	0.996	0.997	0.995	0.997	1	0.998	0.989	0.989	0.994	0.99	0.99	0.992	
1	1	1	1	1	0.998	0.999	0.999	0.995	0.995	0.986	0.986	0.985	0.976	0.979	0.962	0.953	0.925	0.915	0.914	0.896	0.893	0.879	0.871	0.868	0.863	0.845	0.834	0.844	0.816	0.784	0.778	0.768	0.765	0.766	0.746	0.751	0.728	0.736	0.733	0.729	0.726	0.726	0.715	0.7	0.725	0.736	0.721	0.706	0.7	0.703	0.707	0.709	0.683	0.697	0.69	0.693	0.682	0.706	0.696	0.683	0.661	0.664	0.678	0.678	0.642	0.698	0.669	0.658	0.635	0.676	0.617	0.617	0.618	0.618	0.607	0.615	0.566	0.582	0.556	0.539	0.496	0.514	0.493	0.477	0.475	0.462	0.445	0.395	0.4	0.361	0.368	0.312	0.316	0.27	0.265	0.226	0.203	0.194	0.172	
1	1	1	1	1	1	1	1	1	1	1	1	1	1	1	1	1	1	1	1	1	1	1	1	1	1	1	1	1	1	1	1	1	0.999	1	0.999	1	1	1	1	1	1	0.999	0.994	0.996	0.997	0.996	0.995	0.987	0.98	0.987	0.978	0.987	0.973	0.97	0.967	0.953	0.949	0.933	0.911	0.905	0.893	0.895	0.881	0.866	0.862	0.833	0.789	0.832	0.773	0.752	0.748	0.7	0.718	0.662	0.659	0.63	0.592	0.59	0.567	0.54	0.526	0.469	0.45	0.458	0.398	0.373	0.362	0.35	0.324	0.311	0.266	0.254	0.227	0.198	0.196	0.184	0.15	0.115	0.115	
1	1	1	1	1	1	1	1	1	0.999	1	1	1	1	0.998	1	0.998	0.996	0.997	0.995	0.994	0.99	0.986	0.986	0.978	0.98	0.971	0.963	0.962	0.937	0.941	0.935	0.911	0.92	0.893	0.861	0.86	0.838	0.831	0.811	0.77	0.729	0.755	0.734	0.678	0.68	0.65	0.619	0.584	0.567	0.538	0.536	0.519	0.453	0.442	0.429	0.374	0.363	0.357	0.322	0.261	0.254	0.232	0.197	0.203	0.187	0.164	0.148	0.141	0.118	0.086	0.081	0.073	0.071	0.042	0.042	0.041	0.035	0.027	0.018	0.015	0.016	0.012	0.008	0.011	0.006	0.008	0.005	0.001	0.002	0	0	0	0	0	0	0.001	0	0	0	
1	1	1	1	1	1	1	1	1	1	1	1	1	1	1	1	1	1	1	1	1	1	1	1	1	1	1	1	0.999	1	1	1	1	1	1	0.999	1	0.999	0.999	0.997	0.999	0.998	0.993	0.993	0.994	0.997	0.992	0.99	0.989	0.984	0.981	0.981	0.982	0.982	0.976	0.977	0.967	0.973	0.958	0.933	0.933	0.954	0.926	0.92	0.894	0.903	0.872	0.885	0.871	0.855	0.828	0.819	0.799	0.796	0.758	0.737	0.727	0.725	0.658	0.668	0.655	0.609	0.595	0.582	0.555	0.538	0.489	0.426	0.416	0.389	0.402	0.359	0.336	0.316	0.304	0.261	0.257	0.238	0.208	0.192	
1	1	1	1	1	1	1	1	1	1	1	1	1	1	1	1	1	1	1	1	1	1	1	1	1	1	1	1	1	1	1	1	1	1	1	0.999	1	1	0.999	0.999	0.996	0.998	0.995	0.998	0.994	0.993	0.995	0.992	0.993	0.989	0.997	0.985	0.986	0.989	0.983	0.976	0.981	0.985	0.986	0.976	0.974	0.974	0.966	0.977	0.972	0.971	0.96	0.966	0.959	0.956	0.954	0.953	0.939	0.938	0.922	0.95	0.935	0.931	0.917	0.912	0.935	0.915	0.917	0.911	0.904	0.898	0.898	0.888	0.894	0.881	0.885	0.896	0.9	0.872	0.882	0.875	0.877	0.895	0.854	0.873	
1	1	1	1	0.999	1	1	1	1	1	0.998	0.998	0.999	0.999	1	0.997	0.994	0.996	0.991	0.996	0.992	0.988	0.985	0.983	0.976	0.985	0.976	0.962	0.968	0.961	0.956	0.945	0.941	0.939	0.942	0.929	0.91	0.91	0.887	0.886	0.874	0.865	0.85	0.831	0.83	0.791	0.802	0.76	0.735	0.73	0.683	0.673	0.679	0.655	0.628	0.598	0.566	0.554	0.52	0.503	0.483	0.466	0.412	0.4	0.376	0.358	0.331	0.312	0.31	0.292	0.285	0.241	0.203	0.213	0.195	0.174	0.167	0.162	0.109	0.105	0.098	0.081	0.088	0.049	0.061	0.06	0.039	0.031	0.021	0.033	0.028	0.017	0.01	0.015	0.014	0.005	0.007	0.01	0.005	0.002	
0.288	0.26	0.26	0.24	0.242	0.221	0.199	0.195	0.188	0.174	0.17	0.193	0.154	0.174	0.157	0.149	0.135	0.157	0.142	0.157	0.131	0.141	0.128	0.122	0.135	0.15	0.127	0.12	0.123	0.139	0.14	0.119	0.148	0.135	0.119	0.108	0.117	0.111	0.131	0.114	0.119	0.116	0.117	0.109	0.129	0.122	0.115	0.113	0.118	0.134	0.115	0.096	0.116	0.132	0.108	0.094	0.109	0.099	0.101	0.126	0.123	0.121	0.095	0.106	0.112	0.096	0.105	0.078	0.102	0.117	0.114	0.114	0.111	0.106	0.094	0.086	0.094	0.095	0.067	0.083	0.083	0.082	0.062	0.077	0.071	0.07	0.055	0.065	0.063	0.057	0.058	0.039	0.044	0.033	0.045	0.038	0.048	0.04	0.033	0.028	
1	1	1	1	1	1	1	1	1	1	1	1	1	1	1	1	1	1	1	1	1	1	1	1	1	1	1	1	1	1	1	1	1	1	1	1	1	1	1	1	1	1	1	1	1	1	1	1	0.999	1	1	1	1	1	1	0.998	0.998	0.998	0.997	0.998	0.998	0.997	0.997	0.987	0.991	0.991	0.99	0.978	0.978	0.976	0.964	0.951	0.952	0.948	0.948	0.937	0.922	0.905	0.871	0.866	0.836	0.832	0.832	0.774	0.778	0.718	0.698	0.661	0.654	0.634	0.596	0.557	0.511	0.495	0.462	0.417	0.385	0.36	0.309	0.277	
1	1	1	1	1	1	1	1	1	1	1	1	1	1	1	1	1	1	1	1	1	1	1	1	1	0.999	0.998	0.999	0.999	0.999	0.997	0.995	0.999	0.992	0.985	0.996	0.988	0.989	0.983	0.977	0.982	0.983	0.979	0.973	0.967	0.969	0.966	0.964	0.946	0.966	0.937	0.95	0.95	0.928	0.932	0.913	0.912	0.912	0.912	0.868	0.885	0.869	0.872	0.861	0.839	0.841	0.828	0.841	0.828	0.81	0.8	0.784	0.775	0.77	0.752	0.771	0.75	0.72	0.711	0.706	0.679	0.681	0.68	0.663	0.657	0.647	0.64	0.599	0.577	0.572	0.534	0.543	0.503	0.496	0.511	0.457	0.45	0.46	0.41	0.393	
1	1	1	1	1	1	1	1	1	1	1	1	1	1	1	1	1	1	1	1	1	1	1	0.999	0.998	0.996	0.999	0.995	0.997	0.996	0.993	0.998	0.988	0.986	0.989	0.984	0.978	0.958	0.978	0.963	0.967	0.954	0.95	0.938	0.927	0.921	0.908	0.905	0.899	0.888	0.888	0.86	0.848	0.827	0.821	0.794	0.781	0.748	0.763	0.772	0.709	0.689	0.703	0.66	0.63	0.629	0.599	0.595	0.578	0.55	0.544	0.547	0.498	0.483	0.458	0.462	0.401	0.369	0.385	0.337	0.341	0.338	0.312	0.3	0.267	0.243	0.246	0.214	0.203	0.175	0.163	0.154	0.13	0.119	0.1	0.087	0.094	0.076	0.069	0.056	
1	1	1	1	1	1	1	1	1	1	1	1	1	1	1	1	1	1	1	1	1	0.999	1	0.998	0.997	0.998	0.997	0.993	0.992	0.993	0.991	0.986	0.983	0.988	0.986	0.966	0.983	0.967	0.962	0.955	0.955	0.948	0.94	0.927	0.906	0.912	0.907	0.906	0.894	0.855	0.868	0.858	0.83	0.825	0.787	0.784	0.753	0.749	0.713	0.708	0.681	0.671	0.638	0.654	0.569	0.557	0.552	0.502	0.48	0.432	0.432	0.389	0.371	0.333	0.334	0.31	0.286	0.255	0.219	0.222	0.203	0.157	0.13	0.148	0.129	0.097	0.087	0.082	0.072	0.057	0.051	0.057	0.042	0.026	0.017	0.023	0.014	0.014	0.013	0.008	
0.593	0.572	0.524	0.495	0.429	0.385	0.351	0.333	0.302	0.261	0.254	0.242	0.209	0.212	0.142	0.171	0.154	0.138	0.126	0.113	0.126	0.134	0.099	0.109	0.099	0.122	0.087	0.105	0.124	0.108	0.114	0.106	0.123	0.138	0.111	0.134	0.129	0.099	0.129	0.127	0.145	0.136	0.133	0.147	0.135	0.132	0.167	0.168	0.182	0.159	0.184	0.217	0.206	0.173	0.211	0.226	0.229	0.216	0.241	0.228	0.246	0.255	0.257	0.262	0.282	0.262	0.278	0.273	0.288	0.328	0.326	0.338	0.33	0.302	0.315	0.354	0.372	0.355	0.339	0.379	0.377	0.409	0.37	0.398	0.39	0.398	0.385	0.399	0.423	0.394	0.401	0.415	0.435	0.423	0.401	0.409	0.39	0.412	0.406	0.401	
0.982	0.974	0.968	0.95	0.934	0.92	0.888	0.873	0.849	0.815	0.801	0.749	0.729	0.682	0.641	0.627	0.556	0.521	0.517	0.472	0.437	0.424	0.382	0.354	0.313	0.278	0.256	0.196	0.205	0.182	0.176	0.179	0.137	0.117	0.103	0.096	0.075	0.058	0.084	0.048	0.045	0.045	0.041	0.017	0.023	0.009	0.015	0.011	0.009	0.011	0.011	0.007	0.005	0.003	0.005	0.002	0.003	0.001	0.002	0	0	0	0	0	0	0	0	0	0	0	0	0	0	0.001	0	0	0	0	0	0	0	0	0	0	0	0	0	0	0	0	0	0	0	0	0	0	0	0	0	0	
1	1	1	1	1	1	1	1	1	1	1	1	1	1	1	1	1	1	1	1	1	1	1	1	1	1	1	1	1	1	1	0.999	1	1	1	0.999	0.998	0.999	0.999	1	0.997	0.996	0.996	0.992	0.991	0.994	0.984	0.989	0.984	0.98	0.983	0.982	0.975	0.972	0.969	0.968	0.956	0.942	0.945	0.941	0.92	0.918	0.915	0.901	0.882	0.862	0.857	0.853	0.832	0.815	0.793	0.797	0.761	0.737	0.726	0.7	0.698	0.667	0.689	0.624	0.629	0.63	0.567	0.59	0.522	0.541	0.547	0.517	0.5	0.512	0.511	0.469	0.467	0.471	0.429	0.453	0.415	0.456	0.428	0.385	
1	1	1	1	1	1	1	1	1	1	1	1	1	1	1	1	1	1	1	1	1	1	1	1	1	1	1	1	1	1	1	1	1	1	1	1	1	1	1	1	1	1	1	1	1	0.999	0.999	0.999	0.999	0.998	1	1	0.999	1	0.998	0.995	0.995	1	0.996	0.996	0.997	0.994	0.993	0.994	0.991	0.988	0.985	0.994	0.983	0.983	0.97	0.967	0.956	0.966	0.954	0.946	0.951	0.925	0.927	0.918	0.906	0.898	0.889	0.875	0.852	0.814	0.802	0.783	0.763	0.766	0.737	0.705	0.695	0.649	0.631	0.604	0.554	0.566	0.489	0.487	
1	1	1	1	1	1	1	1	1	1	1	1	1	1	1	1	1	1	1	1	1	1	1	1	1	1	1	1	1	1	1	1	1	1	1	1	1	0.999	1	0.999	0.998	0.998	1	0.999	1	0.997	0.994	0.997	0.997	0.997	0.996	0.994	0.995	0.99	0.993	0.992	0.988	0.982	0.981	0.971	0.983	0.981	0.972	0.963	0.962	0.966	0.95	0.935	0.947	0.93	0.927	0.925	0.929	0.902	0.88	0.875	0.869	0.856	0.836	0.819	0.827	0.803	0.805	0.794	0.747	0.748	0.702	0.719	0.673	0.627	0.648	0.622	0.585	0.575	0.492	0.527	0.477	0.46	0.439	0.398	
1	1	1	1	1	1	1	1	1	1	1	1	1	1	1	1	1	1	1	1	1	1	1	1	1	1	1	1	1	1	1	1	1	1	1	1	1	1	1	1	1	1	1	1	1	1	1	1	1	1	1	1	1	1	1	1	0.999	0.999	1	0.999	1	0.999	0.999	0.999	0.998	0.999	0.998	0.996	0.997	0.992	0.991	0.992	0.989	0.984	0.984	0.981	0.975	0.977	0.971	0.968	0.967	0.959	0.949	0.947	0.936	0.922	0.922	0.914	0.908	0.877	0.875	0.866	0.861	0.82	0.808	0.814	0.798	0.768	0.743	0.719	
1	1	1	1	1	1	1	1	1	1	1	1	1	0.999	0.999	1	1	0.999	1	0.999	0.997	1	1	0.993	0.999	0.998	0.99	0.996	0.99	0.994	0.988	0.983	0.986	0.99	0.988	0.978	0.983	0.972	0.966	0.97	0.952	0.947	0.938	0.94	0.929	0.905	0.917	0.902	0.902	0.874	0.884	0.856	0.831	0.842	0.826	0.8	0.767	0.787	0.759	0.731	0.733	0.713	0.696	0.669	0.658	0.637	0.593	0.57	0.557	0.505	0.506	0.466	0.462	0.454	0.417	0.44	0.38	0.356	0.297	0.291	0.284	0.229	0.229	0.204	0.182	0.155	0.16	0.129	0.129	0.101	0.094	0.082	0.062	0.06	0.048	0.048	0.04	0.026	0.019	0.018	
1	1	1	1	1	1	1	1	1	1	1	1	1	1	1	1	1	1	1	1	1	1	1	1	1	0.999	0.998	0.999	1	0.997	0.994	0.995	0.999	0.994	0.996	0.99	0.989	0.981	0.983	0.979	0.971	0.965	0.962	0.96	0.946	0.948	0.926	0.908	0.902	0.895	0.873	0.875	0.865	0.835	0.853	0.807	0.788	0.787	0.72	0.729	0.697	0.691	0.641	0.664	0.598	0.577	0.535	0.531	0.499	0.472	0.43	0.445	0.386	0.358	0.353	0.305	0.265	0.267	0.215	0.216	0.178	0.164	0.15	0.138	0.113	0.099	0.075	0.081	0.074	0.035	0.058	0.033	0.035	0.03	0.026	0.023	0.013	0.015	0.015	0.004	
1	1	1	1	1	1	1	1	1	1	1	1	1	1	1	1	1	1	1	1	0.999	1	1	0.999	0.999	0.997	0.999	0.997	0.999	0.995	0.995	0.994	0.996	0.99	0.994	0.994	0.996	0.988	0.981	0.987	0.983	0.98	0.972	0.976	0.973	0.972	0.955	0.963	0.95	0.947	0.945	0.936	0.938	0.928	0.929	0.924	0.923	0.922	0.922	0.905	0.893	0.903	0.878	0.875	0.885	0.877	0.87	0.869	0.867	0.848	0.853	0.838	0.83	0.818	0.799	0.806	0.792	0.788	0.778	0.775	0.749	0.739	0.728	0.73	0.709	0.698	0.685	0.694	0.655	0.664	0.644	0.653	0.619	0.629	0.633	0.597	0.598	0.559	0.556	0.562	
1	1	1	1	1	1	1	1	1	1	1	1	1	1	1	1	1	1	1	1	1	1	1	1	1	1	1	1	1	1	1	1	1	1	1	1	1	1	1	0.999	1	1	0.998	1	0.999	0.999	1	0.997	0.992	0.993	0.996	0.989	0.99	0.985	0.983	0.984	0.976	0.976	0.969	0.957	0.946	0.939	0.928	0.925	0.899	0.902	0.862	0.853	0.84	0.817	0.809	0.777	0.758	0.73	0.708	0.678	0.637	0.61	0.59	0.564	0.509	0.502	0.472	0.406	0.394	0.363	0.326	0.302	0.277	0.246	0.239	0.199	0.172	0.152	0.147	0.133	0.111	0.085	0.072	0.063	
1	1	1	1	1	0.999	1	1	1	1	0.999	0.999	0.998	0.997	0.997	0.996	0.995	0.993	0.993	0.991	0.981	0.989	0.983	0.979	0.975	0.98	0.968	0.975	0.964	0.953	0.966	0.958	0.961	0.949	0.948	0.944	0.942	0.932	0.939	0.915	0.927	0.922	0.911	0.903	0.897	0.885	0.873	0.886	0.876	0.885	0.869	0.854	0.834	0.825	0.838	0.823	0.785	0.781	0.756	0.785	0.779	0.77	0.76	0.76	0.768	0.736	0.704	0.7	0.694	0.654	0.638	0.635	0.666	0.633	0.604	0.58	0.554	0.554	0.53	0.505	0.498	0.469	0.459	0.41	0.393	0.366	0.366	0.343	0.349	0.316	0.302	0.303	0.272	0.232	0.251	0.212	0.193	0.172	0.21	0.183	
1	1	1	1	1	1	1	1	1	1	1	1	1	1	1	1	1	1	1	1	1	1	1	1	1	1	1	1	0.999	1	0.999	1	1	0.999	1	0.998	0.995	0.991	0.992	0.987	0.976	0.976	0.965	0.967	0.961	0.943	0.939	0.937	0.92	0.882	0.877	0.86	0.834	0.826	0.807	0.805	0.773	0.764	0.715	0.691	0.646	0.615	0.604	0.56	0.514	0.518	0.478	0.43	0.444	0.402	0.363	0.35	0.301	0.297	0.267	0.237	0.208	0.192	0.183	0.164	0.136	0.114	0.109	0.078	0.088	0.065	0.051	0.055	0.046	0.032	0.032	0.023	0.03	0.019	0.014	0.009	0.005	0.009	0.011	0.002	
1	1	1	1	0.999	1	1	1	0.998	1	1	1	0.998	0.998	0.999	0.995	0.996	0.993	0.991	0.996	0.994	0.993	0.993	0.986	0.976	0.982	0.984	0.983	0.974	0.966	0.966	0.943	0.953	0.95	0.946	0.933	0.935	0.92	0.935	0.903	0.931	0.911	0.908	0.887	0.876	0.871	0.866	0.837	0.846	0.845	0.844	0.824	0.802	0.82	0.803	0.783	0.777	0.775	0.753	0.756	0.759	0.728	0.737	0.709	0.72	0.71	0.699	0.674	0.677	0.673	0.637	0.676	0.66	0.651	0.668	0.649	0.642	0.615	0.639	0.633	0.625	0.626	0.627	0.635	0.627	0.625	0.619	0.626	0.631	0.631	0.647	0.642	0.69	0.675	0.673	0.665	0.671	0.68	0.697	0.695	
1	1	1	1	1	1	1	1	1	1	1	1	1	1	1	1	1	1	1	1	1	0.999	1	0.999	1	0.999	0.998	0.999	1	0.999	0.996	0.998	0.996	0.991	0.996	0.992	0.989	0.992	0.984	0.978	0.981	0.975	0.976	0.97	0.972	0.957	0.954	0.931	0.913	0.922	0.91	0.893	0.878	0.869	0.867	0.842	0.829	0.802	0.789	0.786	0.762	0.742	0.724	0.657	0.69	0.655	0.636	0.61	0.599	0.595	0.585	0.559	0.577	0.54	0.528	0.532	0.495	0.509	0.48	0.494	0.473	0.48	0.462	0.443	0.442	0.44	0.402	0.425	0.395	0.381	0.372	0.347	0.373	0.352	0.343	0.35	0.324	0.333	0.309	0.3	
1	1	1	1	1	1	1	1	1	1	1	1	1	1	1	1	1	1	1	1	1	1	1	1	1	1	1	1	1	1	1	1	1	1	1	1	1	1	1	1	0.999	1	1	1	1	0.999	1	0.999	1	0.998	1	0.999	0.999	0.996	0.995	0.994	0.992	0.986	0.987	0.986	0.978	0.975	0.979	0.957	0.954	0.939	0.942	0.923	0.9	0.903	0.884	0.862	0.866	0.846	0.846	0.771	0.779	0.771	0.721	0.718	0.701	0.677	0.641	0.639	0.592	0.564	0.537	0.48	0.475	0.451	0.389	0.385	0.372	0.309	0.319	0.296	0.291	0.264	0.248	0.234	
1	1	0.999	1	0.997	0.998	0.999	0.999	0.996	0.995	0.995	0.994	0.993	0.991	0.985	0.992	0.985	0.982	0.983	0.965	0.968	0.973	0.953	0.948	0.957	0.938	0.938	0.943	0.926	0.923	0.917	0.912	0.906	0.883	0.878	0.876	0.869	0.867	0.851	0.839	0.82	0.836	0.817	0.791	0.77	0.784	0.781	0.759	0.708	0.743	0.732	0.703	0.681	0.665	0.653	0.609	0.652	0.608	0.65	0.62	0.607	0.601	0.573	0.551	0.58	0.558	0.572	0.549	0.519	0.536	0.531	0.511	0.505	0.504	0.498	0.49	0.477	0.485	0.513	0.468	0.476	0.497	0.462	0.495	0.486	0.5	0.499	0.508	0.468	0.519	0.518	0.501	0.518	0.48	0.518	0.527	0.519	0.526	0.505	0.533	
1	1	1	0.999	1	1	0.998	0.999	0.999	0.993	0.995	0.995	0.989	0.989	0.976	0.974	0.976	0.972	0.962	0.955	0.945	0.946	0.937	0.931	0.938	0.905	0.918	0.914	0.915	0.891	0.901	0.894	0.874	0.866	0.88	0.868	0.856	0.862	0.832	0.825	0.842	0.842	0.839	0.829	0.797	0.809	0.824	0.801	0.817	0.822	0.784	0.809	0.82	0.826	0.781	0.812	0.802	0.798	0.802	0.807	0.772	0.799	0.79	0.808	0.787	0.797	0.774	0.804	0.802	0.798	0.787	0.788	0.796	0.794	0.772	0.804	0.788	0.798	0.794	0.795	0.794	0.799	0.789	0.821	0.823	0.79	0.801	0.799	0.81	0.807	0.804	0.801	0.801	0.815	0.799	0.811	0.827	0.798	0.809	0.814	
1	1	1	1	1	1	1	1	1	1	1	1	1	1	1	1	1	1	1	1	1	1	1	1	1	1	1	1	1	1	1	1	1	1	1	1	1	1	1	1	1	1	1	1	1	1	0.998	1	1	1	1	1	0.999	1	1	0.999	0.999	1	0.999	0.999	0.999	0.996	0.998	0.995	0.995	0.998	0.996	0.994	0.996	0.995	0.991	0.992	0.987	0.987	0.994	0.988	0.989	0.981	0.987	0.974	0.975	0.979	0.972	0.977	0.97	0.966	0.95	0.953	0.956	0.944	0.946	0.952	0.948	0.936	0.943	0.927	0.908	0.917	0.919	0.904	
1	1	1	1	1	1	1	0.999	1	1	1	0.998	1	1	0.999	1	0.999	0.996	0.996	0.991	0.989	0.982	0.978	0.982	0.976	0.964	0.946	0.947	0.93	0.93	0.91	0.898	0.88	0.882	0.859	0.842	0.839	0.817	0.802	0.797	0.735	0.751	0.73	0.701	0.684	0.681	0.636	0.598	0.588	0.576	0.582	0.542	0.514	0.493	0.453	0.448	0.434	0.397	0.369	0.35	0.321	0.324	0.323	0.301	0.262	0.256	0.222	0.203	0.219	0.186	0.17	0.157	0.145	0.133	0.11	0.104	0.112	0.085	0.083	0.073	0.051	0.041	0.042	0.053	0.037	0.022	0.032	0.018	0.017	0.019	0.017	0.011	0.01	0.01	0.007	0.005	0.004	0.004	0.002	0.003	
1	1	1	1	1	1	1	1	1	1	1	1	1	1	1	1	1	1	1	1	1	1	1	0.999	1	1	0.999	0.998	0.999	0.999	0.995	0.995	0.995	0.989	0.989	0.985	0.981	0.982	0.959	0.968	0.946	0.959	0.928	0.93	0.926	0.921	0.913	0.887	0.889	0.862	0.857	0.812	0.829	0.785	0.768	0.749	0.718	0.713	0.677	0.655	0.615	0.583	0.569	0.568	0.542	0.526	0.479	0.448	0.42	0.411	0.395	0.349	0.314	0.324	0.297	0.263	0.256	0.23	0.227	0.189	0.16	0.17	0.148	0.136	0.127	0.109	0.082	0.084	0.081	0.075	0.048	0.06	0.049	0.036	0.04	0.038	0.025	0.026	0.016	0.028	
0.335	0.267	0.217	0.173	0.133	0.1	0.074	0.066	0.056	0.038	0.029	0.031	0.02	0.024	0.021	0.022	0.018	0.01	0.018	0.013	0.008	0.003	0.012	0.007	0.007	0.004	0.003	0.005	0.002	0.005	0.004	0.007	0.005	0.003	0.003	0.003	0.002	0.004	0.003	0.003	0.003	0.006	0.008	0.003	0.002	0.001	0.003	0.004	0.003	0.001	0.002	0.002	0.005	0.001	0.004	0.001	0.003	0.003	0.001	0.001	0.001	0.003	0	0.001	0	0.001	0	0	0.001	0	0	0.002	0	0	0.002	0.001	0	0	0	0	0	0	0	0	0.001	0	0	0	0	0	0	0	0	0	0	0	0	0	0	0	
1	1	1	1	1	1	1	1	1	1	1	1	1	1	1	1	1	1	1	1	1	1	1	1	1	1	1	1	1	1	1	1	1	1	1	1	1	1	1	1	1	1	1	1	1	0.999	1	1	1	1	1	1	0.999	0.999	1	0.999	0.998	0.996	0.997	0.998	0.997	0.999	0.995	0.994	0.99	0.991	0.991	0.983	0.979	0.986	0.984	0.986	0.98	0.98	0.97	0.975	0.965	0.957	0.941	0.922	0.934	0.935	0.91	0.896	0.886	0.863	0.87	0.862	0.834	0.842	0.781	0.794	0.773	0.747	0.735	0.718	0.671	0.64	0.597	0.579	
0.998	1	0.999	0.998	0.993	0.992	0.993	0.993	0.992	0.986	0.986	0.986	0.985	0.986	0.982	0.976	0.977	0.971	0.955	0.964	0.962	0.942	0.935	0.934	0.928	0.918	0.903	0.892	0.893	0.875	0.882	0.851	0.837	0.849	0.847	0.822	0.8	0.783	0.79	0.766	0.773	0.721	0.716	0.689	0.706	0.663	0.681	0.67	0.652	0.634	0.622	0.596	0.587	0.584	0.566	0.581	0.542	0.527	0.507	0.487	0.486	0.501	0.459	0.46	0.438	0.413	0.39	0.382	0.338	0.371	0.34	0.335	0.335	0.342	0.312	0.307	0.29	0.274	0.264	0.251	0.249	0.255	0.232	0.225	0.221	0.243	0.217	0.231	0.225	0.247	0.215	0.219	0.193	0.223	0.189	0.208	0.199	0.207	0.242	0.218	
1	1	1	1	1	1	1	1	1	1	1	1	1	1	1	1	1	1	1	0.999	0.999	0.998	1	1	0.997	0.996	0.998	0.994	0.997	0.995	0.994	0.995	0.996	0.989	0.99	0.983	0.99	0.987	0.984	0.976	0.976	0.969	0.977	0.975	0.96	0.957	0.947	0.964	0.948	0.949	0.928	0.907	0.922	0.921	0.902	0.897	0.889	0.86	0.854	0.849	0.854	0.849	0.824	0.808	0.801	0.783	0.757	0.762	0.759	0.715	0.705	0.691	0.655	0.657	0.626	0.607	0.573	0.558	0.519	0.462	0.473	0.458	0.415	0.404	0.398	0.333	0.363	0.338	0.287	0.259	0.252	0.255	0.21	0.167	0.149	0.117	0.127	0.093	0.083	0.09	
1	1	1	1	1	1	1	1	1	1	1	1	1	0.999	0.999	1	1	0.999	0.999	1	1	0.999	1	0.997	0.998	0.999	0.997	0.996	0.994	0.995	0.996	0.995	0.996	0.995	0.992	0.994	0.991	0.987	0.988	0.977	0.98	0.979	0.974	0.976	0.97	0.958	0.962	0.964	0.945	0.956	0.935	0.95	0.936	0.929	0.926	0.939	0.927	0.907	0.918	0.912	0.898	0.908	0.899	0.902	0.879	0.887	0.863	0.88	0.833	0.856	0.848	0.818	0.833	0.793	0.805	0.802	0.804	0.795	0.791	0.754	0.768	0.756	0.722	0.737	0.745	0.73	0.718	0.731	0.68	0.663	0.692	0.66	0.685	0.642	0.611	0.633	0.611	0.589	0.598	0.525	
1	1	1	1	1	1	1	1	1	1	1	1	1	1	1	1	1	1	1	1	1	1	1	1	1	1	1	1	1	0.999	0.999	0.999	0.999	0.999	0.998	1	0.995	0.997	0.996	0.996	0.993	0.984	0.99	0.99	0.986	0.983	0.973	0.972	0.969	0.962	0.956	0.947	0.938	0.926	0.914	0.916	0.904	0.904	0.897	0.847	0.85	0.837	0.816	0.828	0.824	0.769	0.795	0.73	0.756	0.758	0.722	0.681	0.646	0.66	0.638	0.643	0.585	0.614	0.59	0.535	0.526	0.516	0.496	0.48	0.462	0.445	0.428	0.403	0.355	0.343	0.337	0.344	0.332	0.307	0.28	0.269	0.246	0.234	0.228	0.216	
1	1	1	1	1	1	1	1	1	1	1	1	1	1	1	1	1	1	1	1	1	1	1	1	1	0.999	1	1	1	1	1	1	1	1	1	1	0.999	0.999	1	0.997	0.999	0.997	0.998	0.997	0.998	0.997	0.993	0.992	0.991	0.986	0.992	0.995	0.987	0.989	0.991	0.982	0.987	0.977	0.98	0.978	0.98	0.975	0.969	0.966	0.961	0.978	0.963	0.971	0.958	0.955	0.952	0.951	0.949	0.934	0.944	0.928	0.926	0.933	0.92	0.932	0.901	0.919	0.915	0.905	0.905	0.881	0.897	0.882	0.876	0.845	0.884	0.866	0.847	0.841	0.858	0.837	0.832	0.808	0.84	0.834	
1	1	1	1	1	1	1	1	1	1	1	1	1	0.999	1	1	1	1	0.999	0.998	0.999	0.994	0.995	0.995	0.988	0.991	0.984	0.986	0.975	0.982	0.97	0.968	0.961	0.957	0.948	0.955	0.94	0.915	0.934	0.919	0.926	0.909	0.899	0.884	0.887	0.874	0.863	0.861	0.873	0.839	0.858	0.859	0.825	0.807	0.821	0.803	0.801	0.781	0.794	0.766	0.778	0.787	0.758	0.76	0.774	0.781	0.764	0.751	0.736	0.718	0.715	0.713	0.712	0.7	0.692	0.689	0.671	0.664	0.661	0.681	0.656	0.658	0.628	0.617	0.613	0.601	0.558	0.567	0.559	0.567	0.49	0.496	0.488	0.484	0.47	0.46	0.441	0.403	0.378	0.363	
1	1	1	1	1	1	1	1	1	1	1	1	1	1	1	1	1	1	1	1	1	1	1	1	1	1	1	1	1	1	1	1	1	1	0.999	0.997	0.997	0.999	0.998	0.996	0.997	0.995	0.994	0.988	0.988	0.986	0.98	0.983	0.973	0.971	0.958	0.961	0.946	0.931	0.919	0.917	0.92	0.928	0.879	0.899	0.872	0.847	0.825	0.838	0.787	0.787	0.776	0.731	0.714	0.705	0.68	0.644	0.626	0.585	0.548	0.558	0.491	0.474	0.446	0.424	0.392	0.371	0.326	0.302	0.255	0.25	0.223	0.206	0.191	0.158	0.145	0.127	0.121	0.086	0.078	0.064	0.047	0.052	0.046	0.034	
0.856	0.771	0.778	0.693	0.649	0.613	0.529	0.492	0.434	0.397	0.332	0.289	0.241	0.206	0.158	0.158	0.123	0.107	0.085	0.084	0.053	0.055	0.044	0.028	0.022	0.026	0.022	0.013	0.018	0.008	0.008	0.01	0.002	0.005	0.003	0.002	0.002	0.003	0.002	0	0.001	0.002	0	0	0	0	0	0	0	0	0	0	0	0	0	0	0	0	0	0	0	0	0	0	0	0	0	0	0	0	0	0	0	0	0	0	0	0	0	0	0	0	0	0	0	0	0	0	0	0	0	0	0	0	0	0	0	0	0	0	
1	1	1	1	1	1	1	1	1	1	1	1	1	1	1	1	1	1	1	1	1	1	1	1	1	1	1	1	1	1	1	1	1	1	1	1	1	1	1	1	1	1	1	1	1	1	1	1	1	1	0.999	0.999	1	0.999	1	0.999	0.998	0.996	0.997	0.995	0.995	0.994	0.996	0.995	0.986	0.993	0.988	0.992	0.976	0.973	0.971	0.973	0.974	0.97	0.97	0.97	0.973	0.958	0.951	0.958	0.949	0.954	0.947	0.928	0.947	0.943	0.937	0.932	0.932	0.933	0.934	0.93	0.913	0.916	0.909	0.903	0.925	0.893	0.923	0.928	
1	1	1	1	1	1	1	1	1	1	1	1	1	1	1	1	1	1	1	1	1	1	1	1	1	1	1	1	1	1	1	1	1	1	1	0.999	1	1	1	1	1	1	1	1	0.999	1	0.998	0.999	0.996	0.999	1	0.998	0.999	0.996	1	0.997	0.995	0.993	0.994	0.986	0.988	0.985	0.979	0.975	0.971	0.946	0.961	0.955	0.959	0.949	0.938	0.926	0.925	0.876	0.894	0.887	0.869	0.859	0.808	0.808	0.79	0.77	0.74	0.744	0.71	0.688	0.687	0.64	0.62	0.588	0.56	0.543	0.498	0.474	0.453	0.432	0.396	0.365	0.363	0.341	
1	1	1	1	1	1	1	1	1	1	1	1	1	1	1	1	1	1	1	1	1	1	1	1	1	1	1	1	1	1	1	1	1	1	1	1	1	1	1	1	1	1	1	1	1	1	1	1	1	1	1	0.999	1	1	1	1	1	1	1	1	0.999	1	0.999	1	1	1	0.998	1	0.997	0.994	0.997	0.997	0.99	0.993	0.987	0.981	0.988	0.985	0.981	0.972	0.975	0.964	0.957	0.955	0.955	0.934	0.912	0.917	0.908	0.875	0.86	0.839	0.848	0.797	0.781	0.749	0.746	0.683	0.671	0.641	
1	1	1	1	1	1	1	1	1	1	1	1	1	1	1	1	1	1	1	1	1	1	1	1	1	0.999	0.999	0.999	1	0.998	0.998	0.995	0.996	0.994	0.99	0.985	0.975	0.966	0.963	0.948	0.947	0.927	0.904	0.887	0.885	0.833	0.821	0.782	0.749	0.71	0.683	0.646	0.594	0.572	0.503	0.465	0.442	0.401	0.347	0.318	0.308	0.241	0.206	0.189	0.166	0.157	0.118	0.085	0.082	0.074	0.049	0.035	0.045	0.029	0.032	0.027	0.012	0.009	0.006	0.007	0.001	0.001	0.001	0	0.002	0	0	0.001	0	0	0	0	0	0	0	0	0	0	0	0	
1	1	1	1	1	1	1	1	1	1	1	1	1	1	1	1	1	1	1	1	1	1	1	1	1	1	1	1	0.999	1	1	1	1	0.999	1	0.998	0.998	0.997	0.997	0.999	0.999	0.994	0.994	0.991	0.986	0.988	0.985	0.978	0.975	0.964	0.97	0.966	0.948	0.953	0.93	0.923	0.9	0.897	0.886	0.865	0.834	0.839	0.811	0.787	0.755	0.724	0.708	0.699	0.665	0.653	0.613	0.563	0.515	0.496	0.456	0.456	0.425	0.384	0.36	0.315	0.253	0.274	0.254	0.201	0.182	0.172	0.13	0.114	0.112	0.111	0.091	0.072	0.055	0.055	0.041	0.032	0.034	0.022	0.03	0.02	
0.996	0.995	0.989	0.977	0.981	0.971	0.966	0.956	0.94	0.924	0.92	0.888	0.89	0.878	0.848	0.836	0.836	0.828	0.814	0.808	0.774	0.748	0.736	0.708	0.721	0.714	0.688	0.658	0.625	0.622	0.574	0.602	0.55	0.565	0.538	0.553	0.491	0.513	0.494	0.473	0.445	0.458	0.403	0.394	0.406	0.419	0.388	0.399	0.38	0.342	0.353	0.339	0.329	0.291	0.284	0.302	0.254	0.284	0.23	0.227	0.201	0.184	0.213	0.19	0.195	0.154	0.157	0.166	0.154	0.12	0.112	0.12	0.082	0.101	0.078	0.091	0.061	0.055	0.042	0.04	0.02	0.037	0.038	0.029	0.024	0.021	0.016	0.02	0.01	0.012	0.008	0.006	0.009	0.006	0.002	0.004	0.005	0.002	0.002	0	
1	1	1	1	0.997	0.998	0.995	0.993	0.993	0.992	0.985	0.976	0.968	0.972	0.963	0.96	0.937	0.925	0.924	0.918	0.885	0.873	0.861	0.819	0.809	0.791	0.78	0.746	0.711	0.72	0.687	0.676	0.635	0.615	0.591	0.598	0.53	0.538	0.497	0.512	0.469	0.424	0.413	0.377	0.368	0.331	0.306	0.308	0.271	0.253	0.208	0.215	0.172	0.176	0.159	0.155	0.123	0.122	0.104	0.089	0.079	0.075	0.059	0.055	0.032	0.035	0.045	0.025	0.019	0.019	0.016	0.014	0.012	0.008	0.005	0.005	0.004	0	0.001	0.006	0.001	0.005	0	0.002	0	0	0	0	0	0	0	0	0	0	0	0	0	0	0	0	
1	1	0.997	0.999	0.998	0.999	0.997	0.99	0.994	0.991	0.988	0.985	0.979	0.967	0.972	0.949	0.959	0.937	0.938	0.914	0.916	0.914	0.872	0.878	0.854	0.855	0.84	0.827	0.801	0.809	0.816	0.78	0.736	0.736	0.722	0.724	0.688	0.719	0.703	0.663	0.656	0.647	0.618	0.596	0.624	0.625	0.583	0.593	0.534	0.563	0.517	0.506	0.489	0.48	0.484	0.443	0.432	0.439	0.407	0.391	0.416	0.366	0.356	0.36	0.342	0.323	0.355	0.335	0.306	0.305	0.311	0.278	0.25	0.263	0.235	0.238	0.231	0.223	0.198	0.191	0.189	0.187	0.196	0.184	0.189	0.157	0.167	0.165	0.162	0.127	0.15	0.119	0.131	0.123	0.113	0.118	0.094	0.079	0.104	0.083	
1	1	1	1	1	1	1	1	1	1	1	1	1	1	1	1	0.999	1	1	0.999	0.998	1	0.999	0.999	0.999	0.999	0.998	0.997	0.998	0.997	0.994	0.994	1	0.998	0.993	0.989	0.99	0.992	0.992	0.991	0.986	0.981	0.986	0.985	0.99	0.979	0.982	0.974	0.978	0.979	0.98	0.981	0.971	0.97	0.974	0.969	0.957	0.955	0.957	0.951	0.946	0.96	0.951	0.95	0.945	0.938	0.951	0.945	0.94	0.949	0.937	0.932	0.935	0.927	0.928	0.924	0.912	0.905	0.9	0.907	0.904	0.888	0.901	0.896	0.88	0.886	0.878	0.882	0.878	0.862	0.879	0.852	0.866	0.863	0.835	0.847	0.836	0.814	0.83	0.826	
1	1	1	1	1	1	1	1	1	1	1	1	1	1	1	1	1	1	1	1	1	1	1	1	0.999	1	0.998	0.999	0.999	0.997	0.996	0.997	0.994	0.995	0.993	0.998	0.994	0.989	0.993	0.992	0.981	0.982	0.977	0.966	0.978	0.964	0.969	0.966	0.963	0.951	0.921	0.921	0.929	0.911	0.903	0.878	0.88	0.886	0.877	0.852	0.859	0.829	0.799	0.777	0.784	0.766	0.742	0.736	0.712	0.688	0.695	0.645	0.656	0.617	0.635	0.582	0.583	0.568	0.556	0.515	0.49	0.479	0.488	0.459	0.457	0.43	0.417	0.401	0.382	0.384	0.366	0.385	0.339	0.362	0.347	0.368	0.317	0.35	0.319	0.33	
0.541	0.461	0.42	0.374	0.304	0.29	0.264	0.24	0.224	0.204	0.189	0.164	0.141	0.124	0.13	0.096	0.095	0.095	0.086	0.068	0.068	0.062	0.058	0.058	0.035	0.038	0.038	0.049	0.045	0.034	0.029	0.02	0.024	0.022	0.015	0.016	0.015	0.011	0.006	0.007	0.007	0.005	0.003	0.002	0.003	0.004	0.004	0.007	0.002	0.004	0.006	0.003	0.006	0.004	0.005	0.006	0.01	0.005	0.005	0.011	0.012	0.012	0.015	0.02	0.011	0.016	0.013	0.022	0.02	0.024	0.025	0.028	0.029	0.037	0.039	0.04	0.033	0.041	0.037	0.05	0.053	0.047	0.053	0.072	0.069	0.065	0.07	0.087	0.081	0.088	0.098	0.109	0.105	0.108	0.11	0.117	0.129	0.147	0.126	0.136	
1	1	1	1	1	1	1	1	1	1	1	1	1	1	1	1	1	1	1	1	1	1	1	1	1	1	1	1	1	1	1	1	1	1	1	1	1	1	1	1	1	1	1	1	1	1	0.999	1	0.999	1	1	0.999	1	1	0.998	0.997	0.998	0.999	0.996	0.996	0.996	0.994	0.994	0.986	0.989	0.991	0.985	0.984	0.981	0.978	0.966	0.969	0.96	0.951	0.971	0.937	0.943	0.931	0.927	0.919	0.905	0.89	0.892	0.865	0.829	0.848	0.826	0.782	0.78	0.782	0.745	0.727	0.717	0.678	0.666	0.638	0.638	0.618	0.578	0.548	
1	1	1	1	1	1	1	1	1	1	1	1	1	1	1	1	1	1	1	1	1	1	1	1	0.999	1	0.998	0.998	0.993	0.993	0.994	0.991	0.99	0.991	0.969	0.975	0.975	0.96	0.947	0.948	0.927	0.905	0.885	0.872	0.858	0.831	0.818	0.801	0.779	0.73	0.727	0.678	0.638	0.622	0.625	0.558	0.511	0.51	0.452	0.455	0.432	0.369	0.368	0.279	0.295	0.268	0.232	0.235	0.185	0.157	0.144	0.124	0.107	0.091	0.094	0.065	0.054	0.041	0.025	0.032	0.028	0.019	0.019	0.012	0.007	0.008	0.004	0.002	0.005	0.001	0.001	0	0.001	0	0.001	0	0	0	0	0	
1	1	1	1	1	1	1	1	1	1	1	1	1	1	1	1	1	1	1	1	1	1	1	1	1	1	1	1	1	1	1	1	0.998	0.998	0.999	0.998	0.999	0.994	0.992	0.991	0.99	0.991	0.981	0.974	0.971	0.969	0.96	0.955	0.936	0.929	0.902	0.895	0.894	0.86	0.853	0.825	0.76	0.768	0.755	0.72	0.679	0.642	0.599	0.59	0.536	0.514	0.487	0.482	0.455	0.385	0.409	0.371	0.286	0.27	0.272	0.221	0.194	0.192	0.135	0.136	0.111	0.11	0.09	0.062	0.059	0.054	0.045	0.032	0.027	0.021	0.016	0.008	0.009	0.009	0.003	0.007	0.002	0.001	0.001	0.001	
1	1	1	1	1	1	1	1	1	1	1	1	1	1	1	1	1	1	1	1	1	1	1	1	1	1	0.999	1	1	1	0.999	1	1	0.999	0.998	0.999	0.998	0.997	0.999	0.994	0.991	0.993	0.986	0.99	0.98	0.971	0.989	0.968	0.974	0.956	0.945	0.952	0.937	0.941	0.924	0.929	0.919	0.907	0.882	0.883	0.875	0.872	0.854	0.818	0.819	0.811	0.803	0.769	0.76	0.755	0.744	0.768	0.726	0.721	0.696	0.703	0.647	0.682	0.653	0.636	0.611	0.62	0.593	0.61	0.577	0.596	0.577	0.53	0.567	0.526	0.522	0.507	0.504	0.503	0.496	0.48	0.473	0.476	0.47	0.443	
1	1	1	1	1	1	1	1	1	1	1	1	1	1	1	1	1	1	1	1	1	1	1	1	1	1	1	1	1	1	1	1	1	1	0.999	0.999	0.998	0.999	0.999	0.997	1	0.999	0.996	0.995	0.992	0.991	0.989	0.986	0.979	0.981	0.978	0.981	0.971	0.958	0.956	0.944	0.953	0.95	0.946	0.922	0.927	0.909	0.897	0.886	0.879	0.858	0.87	0.837	0.832	0.813	0.819	0.799	0.778	0.746	0.719	0.71	0.67	0.707	0.655	0.618	0.582	0.561	0.576	0.531	0.525	0.466	0.455	0.43	0.395	0.395	0.328	0.337	0.325	0.295	0.276	0.251	0.206	0.185	0.161	0.157	
1	1	1	1	1	1	1	1	1	1	1	1	1	1	1	1	1	1	0.999	0.999	0.998	0.999	0.998	0.995	0.997	0.989	0.994	0.991	0.994	0.995	0.989	0.983	0.984	0.979	0.97	0.969	0.957	0.946	0.957	0.952	0.954	0.928	0.936	0.92	0.912	0.903	0.887	0.874	0.867	0.847	0.843	0.829	0.797	0.815	0.773	0.76	0.761	0.726	0.735	0.695	0.68	0.633	0.59	0.604	0.602	0.571	0.512	0.512	0.494	0.46	0.429	0.421	0.371	0.356	0.353	0.343	0.302	0.256	0.241	0.236	0.219	0.18	0.158	0.161	0.11	0.118	0.093	0.089	0.061	0.062	0.046	0.046	0.029	0.03	0.021	0.018	0.014	0.007	0.015	0.006	
0.995	0.998	0.997	0.996	0.997	0.991	0.988	0.984	0.982	0.981	0.98	0.977	0.962	0.975	0.944	0.954	0.941	0.938	0.93	0.92	0.916	0.911	0.916	0.893	0.879	0.88	0.863	0.861	0.854	0.845	0.827	0.82	0.822	0.803	0.815	0.78	0.775	0.759	0.772	0.713	0.72	0.708	0.712	0.688	0.692	0.659	0.647	0.645	0.653	0.634	0.58	0.572	0.595	0.568	0.54	0.593	0.543	0.49	0.516	0.534	0.513	0.495	0.464	0.491	0.474	0.464	0.426	0.421	0.459	0.416	0.406	0.398	0.411	0.39	0.43	0.421	0.373	0.376	0.37	0.382	0.342	0.32	0.328	0.324	0.301	0.297	0.302	0.325	0.271	0.273	0.266	0.258	0.244	0.242	0.208	0.231	0.227	0.214	0.185	0.193	
1	1	1	1	1	1	1	1	1	1	1	1	1	1	1	1	1	1	1	1	1	1	1	1	1	1	1	1	1	1	1	1	1	1	1	1	1	1	1	1	1	1	1	1	1	1	0.999	1	1	0.999	0.998	1	0.999	0.998	0.995	0.995	0.995	0.996	0.988	0.991	0.978	0.99	0.976	0.97	0.959	0.969	0.96	0.962	0.942	0.924	0.914	0.916	0.885	0.869	0.85	0.828	0.824	0.8	0.755	0.742	0.716	0.698	0.661	0.623	0.598	0.578	0.531	0.507	0.461	0.419	0.394	0.348	0.315	0.309	0.253	0.201	0.189	0.162	0.17	0.128	
1	1	1	1	1	1	1	1	1	1	1	1	1	1	1	1	1	1	1	1	1	1	1	1	1	1	1	1	1	1	1	1	1	1	1	1	1	1	1	1	1	0.999	1	1	1	1	1	1	1	1	1	1	1	0.999	0.998	1	0.999	0.997	0.997	0.999	1	0.998	0.996	0.997	0.997	0.995	0.994	0.993	0.997	0.987	0.989	0.988	0.984	0.985	0.977	0.983	0.974	0.977	0.963	0.964	0.953	0.958	0.945	0.938	0.932	0.92	0.91	0.904	0.896	0.889	0.87	0.862	0.855	0.825	0.839	0.802	0.783	0.761	0.764	0.734	
0.998	0.999	1	0.998	0.996	0.996	0.985	0.987	0.986	0.981	0.973	0.97	0.973	0.962	0.959	0.95	0.958	0.945	0.937	0.936	0.934	0.918	0.925	0.918	0.911	0.91	0.89	0.908	0.905	0.894	0.881	0.902	0.897	0.889	0.883	0.881	0.869	0.883	0.862	0.864	0.87	0.873	0.864	0.866	0.864	0.857	0.849	0.85	0.883	0.824	0.834	0.836	0.847	0.825	0.817	0.82	0.809	0.827	0.813	0.799	0.81	0.765	0.767	0.776	0.761	0.75	0.733	0.725	0.72	0.675	0.701	0.665	0.646	0.632	0.632	0.56	0.598	0.555	0.548	0.52	0.492	0.464	0.485	0.464	0.446	0.414	0.36	0.37	0.377	0.344	0.305	0.287	0.273	0.248	0.241	0.25	0.207	0.202	0.193	0.194	
0.917	0.891	0.835	0.735	0.692	0.62	0.499	0.478	0.416	0.327	0.241	0.238	0.179	0.152	0.112	0.076	0.058	0.036	0.036	0.03	0.021	0.012	0.005	0.007	0.005	0.006	0.003	0.002	0	0.005	0.001	0.001	0.001	0.001	0.002	0.001	0	0	0	0	0	0.001	0	0	0	0	0	0	0	0	0	0	0	0	0	0	0	0	0	0	0	0	0	0	0	0	0	0	0	0	0	0	0	0	0	0	0	0	0	0	0	0	0	0	0	0	0	0	0	0	0	0	0	0	0	0	0	0	0	0	
1	1	1	1	1	1	1	1	1	1	1	1	1	1	1	1	1	1	1	1	0.999	1	1	1	1	1	1	0.999	0.999	1	1	0.998	0.999	0.999	0.998	0.999	0.997	0.995	0.995	0.995	0.99	0.994	0.996	0.994	0.994	0.993	0.987	0.984	0.982	0.986	0.978	0.974	0.97	0.981	0.967	0.968	0.962	0.967	0.955	0.949	0.955	0.955	0.943	0.935	0.923	0.926	0.899	0.905	0.907	0.889	0.89	0.876	0.869	0.87	0.851	0.82	0.834	0.816	0.787	0.788	0.765	0.757	0.728	0.718	0.702	0.671	0.655	0.655	0.632	0.609	0.598	0.547	0.548	0.511	0.52	0.446	0.473	0.437	0.422	0.389	
1	1	0.999	0.999	0.998	0.996	0.993	0.988	0.988	0.977	0.959	0.946	0.934	0.929	0.899	0.856	0.848	0.827	0.788	0.746	0.721	0.731	0.665	0.644	0.597	0.592	0.54	0.512	0.496	0.459	0.46	0.435	0.413	0.375	0.333	0.35	0.329	0.265	0.261	0.268	0.21	0.214	0.239	0.194	0.163	0.169	0.138	0.147	0.104	0.11	0.09	0.097	0.074	0.085	0.062	0.056	0.053	0.045	0.049	0.029	0.028	0.028	0.021	0.016	0.011	0.019	0.013	0.004	0.005	0.006	0.004	0.004	0.001	0.002	0.002	0.001	0.004	0	0.001	0	0.002	0.002	0	0	0	0	0	0	0	0	0	0	0	0	0	0	0	0	0	0	
1	1	1	1	1	1	1	1	1	1	1	1	1	1	1	0.999	1	1	1	0.999	0.999	1	1	0.995	0.997	0.997	0.995	0.992	0.995	0.98	0.989	0.984	0.98	0.984	0.971	0.967	0.966	0.96	0.954	0.962	0.924	0.93	0.941	0.92	0.915	0.909	0.903	0.887	0.904	0.876	0.882	0.864	0.866	0.853	0.835	0.821	0.853	0.821	0.812	0.8	0.793	0.803	0.797	0.771	0.777	0.752	0.782	0.751	0.747	0.721	0.726	0.697	0.697	0.707	0.684	0.671	0.685	0.64	0.635	0.63	0.6	0.589	0.594	0.592	0.54	0.526	0.548	0.521	0.481	0.511	0.454	0.439	0.451	0.412	0.408	0.353	0.324	0.345	0.313	0.302	
1	1	1	1	0.999	1	1	1	1	1	1	0.999	1	1	0.999	0.999	0.999	1	0.996	0.998	0.999	0.999	0.997	0.998	0.996	0.992	0.995	0.995	0.994	0.992	0.987	0.991	0.986	0.988	0.98	0.986	0.985	0.976	0.983	0.974	0.979	0.981	0.972	0.966	0.966	0.972	0.963	0.961	0.959	0.951	0.963	0.957	0.95	0.935	0.942	0.938	0.92	0.927	0.925	0.924	0.944	0.929	0.926	0.906	0.915	0.906	0.905	0.888	0.9	0.867	0.876	0.881	0.854	0.869	0.861	0.861	0.847	0.848	0.856	0.814	0.82	0.817	0.825	0.826	0.775	0.807	0.814	0.808	0.787	0.777	0.792	0.806	0.787	0.766	0.757	0.764	0.761	0.787	0.759	0.753	
1	1	1	1	1	1	1	1	1	1	1	1	1	1	1	1	1	1	1	1	1	0.999	1	1	1	1	1	0.999	0.998	0.998	0.999	0.997	0.997	0.999	0.998	0.999	0.995	0.994	0.992	0.995	0.993	0.988	0.985	0.986	0.991	0.985	0.983	0.985	0.994	0.984	0.989	0.983	0.979	0.985	0.978	0.972	0.985	0.973	0.98	0.976	0.969	0.959	0.968	0.961	0.965	0.961	0.965	0.961	0.945	0.937	0.941	0.95	0.931	0.942	0.933	0.939	0.934	0.917	0.925	0.924	0.922	0.915	0.897	0.905	0.914	0.896	0.872	0.885	0.878	0.846	0.887	0.876	0.852	0.854	0.85	0.851	0.87	0.851	0.857	0.835	
1	1	1	1	1	1	1	1	1	1	1	1	1	1	1	1	1	1	1	1	1	1	1	1	1	1	1	0.999	1	0.999	0.998	0.999	1	0.998	0.997	0.992	0.997	0.997	0.995	0.987	0.984	0.989	0.982	0.988	0.984	0.977	0.977	0.97	0.973	0.947	0.95	0.946	0.939	0.927	0.925	0.921	0.895	0.896	0.872	0.885	0.85	0.849	0.809	0.825	0.798	0.782	0.793	0.737	0.714	0.728	0.707	0.698	0.652	0.638	0.599	0.594	0.577	0.547	0.532	0.51	0.505	0.476	0.443	0.416	0.381	0.37	0.365	0.342	0.325	0.307	0.273	0.284	0.26	0.238	0.242	0.217	0.209	0.172	0.17	0.163	
1	1	1	1	1	1	1	1	0.999	1	1	0.997	0.999	0.997	0.996	0.994	0.992	0.992	0.993	0.996	0.99	0.991	0.984	0.993	0.984	0.989	0.989	0.983	0.976	0.972	0.974	0.956	0.957	0.961	0.959	0.962	0.949	0.941	0.929	0.92	0.928	0.913	0.914	0.902	0.889	0.907	0.877	0.877	0.838	0.864	0.866	0.833	0.836	0.821	0.803	0.807	0.784	0.778	0.783	0.771	0.76	0.77	0.738	0.718	0.707	0.696	0.712	0.685	0.689	0.652	0.676	0.644	0.662	0.629	0.609	0.628	0.619	0.583	0.564	0.576	0.581	0.536	0.523	0.537	0.51	0.475	0.479	0.451	0.463	0.423	0.401	0.401	0.375	0.359	0.374	0.331	0.308	0.305	0.289	0.255	
1	1	1	1	1	1	1	1	1	1	1	1	1	1	1	1	1	1	1	1	1	1	1	1	1	1	1	1	1	1	1	1	1	1	1	1	1	1	1	1	1	1	1	1	1	1	1	1	1	1	1	1	1	1	0.999	0.998	1	0.998	0.999	0.994	0.999	0.996	0.995	0.994	0.99	0.995	0.987	0.995	0.988	0.983	0.977	0.975	0.971	0.968	0.962	0.96	0.958	0.943	0.937	0.929	0.913	0.919	0.913	0.902	0.889	0.874	0.86	0.854	0.824	0.836	0.831	0.808	0.802	0.799	0.79	0.76	0.754	0.761	0.732	0.735	
1	1	1	1	1	1	1	1	0.999	1	0.998	1	0.998	1	0.998	0.999	1	1	0.999	0.998	0.998	0.998	1	0.995	1	0.996	0.994	0.991	0.992	0.99	0.992	0.992	0.98	0.981	0.974	0.97	0.976	0.959	0.967	0.962	0.955	0.925	0.929	0.928	0.902	0.901	0.891	0.863	0.863	0.832	0.847	0.808	0.786	0.776	0.737	0.743	0.708	0.678	0.631	0.617	0.602	0.57	0.525	0.518	0.513	0.462	0.418	0.384	0.362	0.341	0.292	0.276	0.253	0.216	0.204	0.192	0.155	0.152	0.11	0.11	0.105	0.073	0.078	0.063	0.055	0.047	0.038	0.022	0.021	0.019	0.009	0.025	0.011	0.007	0.009	0.006	0.001	0.001	0	0.001	
1	1	1	1	1	1	1	1	1	1	1	1	1	1	1	1	0.999	0.999	1	1	0.997	0.999	1	0.996	0.997	0.994	0.995	0.993	0.991	0.99	0.991	0.986	0.981	0.986	0.98	0.972	0.981	0.978	0.973	0.964	0.966	0.954	0.961	0.95	0.92	0.944	0.934	0.943	0.934	0.921	0.911	0.92	0.914	0.9	0.896	0.902	0.886	0.897	0.886	0.861	0.859	0.845	0.849	0.839	0.856	0.845	0.843	0.834	0.816	0.83	0.807	0.808	0.792	0.788	0.788	0.754	0.777	0.759	0.764	0.768	0.758	0.728	0.746	0.714	0.717	0.706	0.694	0.675	0.706	0.695	0.661	0.68	0.686	0.685	0.678	0.66	0.642	0.668	0.659	0.644	
1	1	1	1	1	1	1	1	1	1	1	1	1	1	1	1	1	1	1	1	1	1	1	1	1	1	1	1	1	1	1	1	1	1	1	1	1	1	1	1	0.998	0.999	0.996	0.995	0.998	0.998	0.99	0.985	0.979	0.971	0.969	0.964	0.939	0.948	0.938	0.91	0.908	0.881	0.865	0.829	0.802	0.797	0.741	0.709	0.677	0.652	0.586	0.578	0.541	0.5	0.471	0.432	0.404	0.367	0.353	0.312	0.274	0.25	0.21	0.199	0.178	0.158	0.128	0.122	0.089	0.092	0.062	0.064	0.048	0.037	0.033	0.022	0.019	0.021	0.011	0.008	0.004	0.008	0.003	0.005	
1	1	1	1	1	1	1	1	1	1	1	1	1	1	1	1	1	1	1	0.999	0.998	1	0.998	1	0.998	0.995	0.993	0.996	0.998	0.985	0.982	0.978	0.96	0.964	0.946	0.941	0.946	0.919	0.921	0.887	0.885	0.848	0.86	0.815	0.807	0.797	0.771	0.754	0.731	0.689	0.667	0.658	0.633	0.615	0.561	0.566	0.499	0.48	0.483	0.441	0.427	0.375	0.369	0.334	0.312	0.327	0.265	0.258	0.238	0.206	0.196	0.184	0.177	0.127	0.141	0.119	0.118	0.095	0.088	0.081	0.086	0.068	0.068	0.051	0.047	0.047	0.032	0.035	0.033	0.032	0.019	0.016	0.017	0.011	0.01	0.012	0.009	0.009	0.007	0.006	
