1	1	1	1	1	1	0.998	0.997	0.991	0.988	0.969	0.967	0.959	0.942	0.942	0.942	0.949	0.924	0.918	0.939	0.927	0.915	0.901	0.899	0.877	0.839	0.8	0.741	0.655	0.598	0.538	0.474	0.374	0.342	0.252	0.239	0.164	0.146	0.137	0.079	0.062	0.055	0.057	0.028	0.026	0.017	0.016	0.008	0.012	0.006	0.002	0.011	0.001	0.002	0.001	0.001	0	0.001	0.001	0	0.001	0	0	0.001	0.001	0	0	0	0	0	0	0	0	0	0	0	0	0	0	0	0	0	0	0	0	0	0	0	0	0	0	0	0	0	0	0	0	0	0	0	
1	1	1	1	1	1	1	1	1	1	1	1	1	1	1	1	1	1	1	1	1	1	1	1	1	1	1	1	1	0.999	1	0.999	0.996	0.995	0.987	0.985	0.98	0.969	0.961	0.934	0.911	0.89	0.837	0.759	0.707	0.649	0.613	0.522	0.464	0.393	0.341	0.306	0.24	0.207	0.177	0.191	0.11	0.103	0.08	0.074	0.045	0.065	0.037	0.039	0.032	0.024	0.018	0.018	0.022	0.013	0.012	0.016	0.01	0.014	0.008	0.009	0.008	0.007	0.003	0.003	0.001	0.003	0.005	0.004	0.003	0.004	0.002	0.001	0.001	0.004	0.002	0.001	0.003	0.003	0.001	0.002	0	0	0.001	0.001	
1	1	1	1	1	1	1	1	1	1	1	1	0.999	0.997	0.987	0.957	0.907	0.834	0.716	0.569	0.43	0.347	0.216	0.13	0.086	0.038	0.02	0.005	0.005	0	0	0	0	0	0	0	0	0	0	0	0	0	0	0	0	0	0	0	0	0	0	0	0	0	0	0	0	0	0	0	0	0	0	0	0	0	0	0	0	0	0	0	0	0	0	0	0	0	0	0	0	0	0	0	0	0	0	0	0	0	0	0	0	0	0	0	0	0	0	0	
1	1	1	1	1	1	1	1	1	1	1	1	1	1	1	1	1	1	0.999	0.999	1	0.999	0.998	0.995	0.985	0.977	0.945	0.896	0.874	0.819	0.767	0.692	0.612	0.592	0.507	0.434	0.359	0.297	0.256	0.223	0.182	0.151	0.123	0.1	0.065	0.051	0.041	0.034	0.029	0.018	0.011	0.005	0.004	0.005	0.004	0.003	0.006	0.001	0	0	0.001	0	0	0	0.001	0.001	0	0	0	0	0	0	0	0	0	0	0	0	0	0	0	0	0	0	0	0	0	0	0	0	0	0	0	0	0	0	0	0	0	0	
1	1	1	1	1	1	1	1	1	1	1	1	1	1	1	1	1	1	1	1	1	0.999	1	0.999	0.999	0.999	0.994	0.995	0.989	0.976	0.973	0.966	0.966	0.953	0.934	0.918	0.903	0.87	0.84	0.863	0.834	0.782	0.762	0.746	0.725	0.718	0.677	0.646	0.652	0.608	0.6	0.594	0.575	0.529	0.519	0.518	0.516	0.46	0.47	0.474	0.45	0.447	0.443	0.411	0.425	0.383	0.408	0.386	0.399	0.403	0.402	0.366	0.39	0.375	0.343	0.356	0.366	0.372	0.314	0.347	0.344	0.35	0.332	0.33	0.327	0.346	0.356	0.318	0.324	0.324	0.341	0.353	0.345	0.341	0.344	0.37	0.333	0.341	0.313	0.335	
1	1	1	1	1	1	1	1	1	1	1	1	1	1	1	1	1	1	1	1	1	1	1	1	1	1	1	0.997	0.991	0.993	0.987	0.971	0.967	0.959	0.905	0.888	0.829	0.796	0.728	0.682	0.623	0.54	0.495	0.461	0.366	0.301	0.284	0.236	0.195	0.198	0.116	0.114	0.098	0.086	0.06	0.045	0.046	0.036	0.025	0.019	0.021	0.009	0.004	0.012	0.007	0.011	0.006	0.003	0.003	0.002	0.003	0.004	0.001	0.003	0.001	0	0	0.001	0.001	0.001	0	0	0	0	0	0	0.001	0	0	0	0	0	0.001	0	0.001	0.001	0	0.001	0	0	
1	1	1	1	1	1	1	1	1	1	1	1	1	1	1	1	0.999	0.998	0.997	0.993	0.991	0.983	0.982	0.963	0.953	0.949	0.924	0.901	0.883	0.85	0.81	0.803	0.755	0.75	0.693	0.665	0.669	0.631	0.608	0.589	0.551	0.536	0.513	0.494	0.475	0.459	0.42	0.412	0.384	0.406	0.361	0.368	0.371	0.344	0.315	0.3	0.314	0.297	0.315	0.266	0.269	0.262	0.257	0.234	0.236	0.246	0.235	0.222	0.22	0.203	0.212	0.162	0.201	0.177	0.176	0.176	0.166	0.165	0.178	0.147	0.146	0.165	0.165	0.165	0.145	0.157	0.163	0.165	0.141	0.141	0.169	0.155	0.148	0.152	0.155	0.151	0.157	0.16	0.169	0.149	
1	1	1	1	1	1	1	1	1	1	1	0.999	0.995	0.99	0.973	0.912	0.816	0.732	0.614	0.508	0.394	0.282	0.219	0.145	0.102	0.084	0.056	0.038	0.035	0.016	0.008	0.007	0.011	0.002	0.004	0.005	0.001	0.002	0.004	0	0	0	0	0	0.001	0	0	0	0	0.002	0.001	0	0	0.001	0.001	0	0	0	0	0	0	0	0	0	0	0	0	0	0	0	0.001	0.001	0	0	0	0	0	0	0	0	0.001	0	0	0	0	0	0	0	0	0	0	0.001	0.001	0	0.001	0	0	0	0.001	0	
1	1	1	1	1	1	1	1	1	1	0.999	1	0.992	0.99	0.97	0.941	0.933	0.867	0.826	0.775	0.696	0.611	0.511	0.428	0.365	0.301	0.204	0.186	0.101	0.099	0.06	0.05	0.026	0.013	0.01	0.007	0.009	0.011	0.003	0.004	0.002	0	0.001	0	0	0.002	0	0.001	0.002	0	0	0	0	0	0	0	0	0	0	0.001	0	0	0	0	0	0	0.001	0	0	0	0.001	0	0	0	0	0.001	0.002	0.001	0.001	0.001	0.002	0	0.003	0.002	0	0.002	0.001	0.002	0.001	0.001	0.002	0.003	0	0.003	0.005	0.008	0.006	0.002	0.005	0.011	
1	1	1	1	1	1	1	1	1	1	1	0.999	0.972	0.911	0.764	0.588	0.414	0.233	0.116	0.039	0.022	0.006	0.002	0	0	0	0	0	0	0	0	0	0	0	0	0	0	0	0	0	0	0	0	0	0	0	0	0	0	0	0	0	0	0	0	0	0	0	0	0	0	0	0	0	0	0	0	0	0	0	0	0	0	0	0	0	0	0	0	0	0	0	0	0	0	0	0	0	0	0	0	0	0	0	0	0	0	0	0	0	
1	1	1	1	1	1	1	1	1	1	1	1	1	1	1	1	1	1	1	1	1	1	1	1	1	1	1	1	1	1	1	1	1	1	1	1	1	1	1	1	1	1	1	0.999	1	0.998	0.997	0.992	0.989	0.978	0.977	0.959	0.924	0.905	0.861	0.835	0.743	0.717	0.639	0.584	0.48	0.432	0.349	0.311	0.249	0.23	0.18	0.144	0.125	0.095	0.071	0.067	0.049	0.035	0.029	0.021	0.014	0.017	0.008	0.005	0.008	0.003	0.002	0.006	0.004	0.003	0.001	0.001	0.001	0.001	0	0	0	0.001	0	0	0	0	0	0	
1	1	1	1	0.999	1	0.989	0.93	0.846	0.696	0.549	0.409	0.311	0.227	0.169	0.113	0.079	0.052	0.044	0.029	0.009	0.013	0.014	0.004	0.004	0.004	0.002	0.001	0.002	0	0.002	0	0	0	0	0	0.001	0	0.001	0	0	0	0	0	0	0	0	0	0	0	0	0	0	0	0	0	0	0	0	0	0	0	0	0	0	0	0	0	0	0	0	0	0	0	0	0	0	0	0	0	0	0	0	0	0	0	0	0	0	0	0	0	0	0	0	0	0	0	0	0	
1	1	1	1	1	1	1	1	1	1	1	1	1	1	1	1	1	1	1	1	1	1	1	1	1	1	0.999	1	0.998	0.993	0.98	0.965	0.936	0.883	0.817	0.745	0.655	0.555	0.493	0.394	0.31	0.261	0.199	0.159	0.096	0.091	0.058	0.037	0.035	0.02	0.014	0.008	0.006	0.003	0.004	0.004	0.003	0.002	0.002	0	0	0	0	0	0	0	0	0	0	0	0	0	0	0	0	0	0	0	0	0	0	0	0	0	0	0	0	0	0	0	0	0	0	0	0	0	0	0	0	0	
1	1	1	1	1	1	1	1	1	1	1	1	1	1	1	1	1	1	1	1	1	1	1	1	1	1	1	1	0.999	1	1	1	1	1	1	1	0.999	0.998	0.989	0.995	0.995	0.984	0.983	0.964	0.957	0.957	0.935	0.916	0.898	0.866	0.814	0.787	0.749	0.69	0.685	0.627	0.562	0.532	0.448	0.408	0.395	0.352	0.332	0.251	0.234	0.222	0.17	0.17	0.145	0.127	0.116	0.091	0.078	0.05	0.067	0.049	0.038	0.038	0.036	0.024	0.024	0.024	0.02	0.016	0.028	0.015	0.01	0.012	0.01	0.006	0.009	0.006	0.003	0.001	0.003	0	0.002	0.003	0.001	0.002	
1	1	1	1	1	1	1	1	1	1	1	0.999	1	1	0.997	0.992	0.986	0.971	0.964	0.953	0.918	0.899	0.882	0.837	0.788	0.744	0.713	0.657	0.626	0.57	0.545	0.491	0.409	0.425	0.334	0.307	0.296	0.257	0.227	0.194	0.19	0.167	0.139	0.137	0.119	0.127	0.115	0.093	0.073	0.071	0.077	0.053	0.046	0.041	0.036	0.037	0.04	0.027	0.028	0.026	0.026	0.034	0.026	0.017	0.015	0.017	0.012	0.013	0.008	0.016	0.011	0.011	0.008	0.012	0.005	0.008	0.005	0.003	0.001	0.001	0	0.001	0.002	0.003	0.005	0.005	0.001	0.002	0.001	0.003	0.002	0.001	0	0.001	0.002	0	0.001	0	0	0	
1	0.996	0.973	0.954	0.937	0.926	0.95	0.935	0.924	0.926	0.932	0.927	0.928	0.928	0.92	0.919	0.884	0.873	0.829	0.802	0.781	0.73	0.647	0.62	0.591	0.493	0.43	0.37	0.315	0.256	0.202	0.152	0.105	0.096	0.07	0.05	0.033	0.027	0.017	0.017	0.013	0.005	0.003	0.002	0.004	0.001	0.001	0.001	0	0.002	0.001	0	0	0	0	0	0	0	0	0	0	0	0	0	0	0	0	0	0	0	0	0	0	0	0	0	0	0	0	0	0	0	0	0	0	0	0	0	0	0	0	0	0	0	0	0	0	0	0	0	
1	1	1	1	1	1	1	1	1	1	1	1	1	1	1	1	1	1	1	1	1	1	1	1	0.991	0.979	0.955	0.923	0.892	0.826	0.701	0.639	0.521	0.407	0.309	0.252	0.197	0.127	0.099	0.063	0.042	0.026	0.018	0.017	0.006	0.006	0.004	0.002	0.003	0.001	0	0.001	0	0	0	0	0	0	0	0	0	0	0	0	0	0	0	0	0	0	0	0	0	0	0	0	0	0	0	0	0	0	0	0	0	0	0	0	0	0	0	0	0	0	0	0	0	0	0	0	
1	1	1	1	1	1	1	1	1	1	1	1	1	1	1	1	1	1	1	1	1	1	1	1	1	1	1	1	1	1	1	1	1	1	1	0.999	0.998	0.997	0.991	0.979	0.956	0.922	0.905	0.865	0.801	0.78	0.681	0.587	0.546	0.454	0.408	0.345	0.296	0.244	0.186	0.16	0.128	0.103	0.084	0.068	0.051	0.043	0.032	0.024	0.024	0.011	0.012	0.009	0.004	0.007	0.002	0.004	0.002	0.003	0	0.001	0.002	0	0	0	0	0.001	0.001	0	0	0.001	0	0	0	0	0	0	0	0	0	0	0	0	0	0	
1	1	1	1	1	1	1	1	1	1	1	1	1	1	1	1	1	1	1	1	1	1	1	1	1	1	1	1	1	1	1	1	1	1	1	1	1	1	1	1	1	1	1	1	1	1	1	1	1	1	1	1	1	1	1	0.999	1	1	1	1	1	1	0.999	1	0.999	1	1	1	0.998	1	0.999	0.996	0.997	0.996	0.997	0.995	0.997	0.995	0.996	0.991	0.991	0.991	0.99	0.991	0.988	0.992	0.989	0.98	0.983	0.984	0.973	0.973	0.972	0.975	0.971	0.971	0.962	0.965	0.958	0.963	
1	1	1	1	1	1	1	1	1	1	1	1	1	1	0.989	0.938	0.802	0.585	0.374	0.171	0.074	0.04	0.015	0.002	0.002	0.001	0	0	0	0	0	0	0	0	0	0	0	0	0	0	0	0	0	0	0	0	0	0	0	0	0	0	0	0	0	0	0	0	0	0	0	0	0	0	0	0	0	0	0	0	0	0	0	0	0	0	0	0	0	0	0	0	0	0	0	0	0	0	0	0	0	0	0	0	0	0	0	0	0	0	
1	1	1	1	1	1	1	1	1	1	1	1	1	1	1	1	1	1	1	1	1	1	1	1	1	1	1	1	1	1	1	1	1	1	1	1	1	1	1	1	1	1	1	1	1	1	1	1	1	1	1	1	1	1	1	1	1	1	1	1	1	1	1	1	0.999	1	0.995	0.998	0.996	0.993	0.993	0.99	0.984	0.971	0.972	0.954	0.961	0.93	0.923	0.91	0.868	0.866	0.837	0.8	0.775	0.724	0.707	0.658	0.629	0.604	0.559	0.545	0.469	0.465	0.393	0.382	0.339	0.343	0.338	0.284	
1	1	1	1	1	1	1	1	1	1	1	1	1	1	1	1	1	1	1	1	1	1	1	1	1	1	1	1	1	1	1	1	1	1	1	1	1	1	1	1	1	1	1	0.999	1	1	1	0.999	1	1	1	1	1	1	1	1	1	1	1	1	0.998	0.999	0.999	0.996	1	1	0.999	1	0.998	0.997	0.999	0.996	0.995	0.997	0.996	0.998	0.994	0.993	0.99	0.993	0.982	0.986	0.985	0.99	0.994	0.976	0.978	0.963	0.975	0.983	0.964	0.964	0.968	0.95	0.957	0.948	0.947	0.933	0.937	0.942	
1	1	1	1	1	1	1	1	1	1	1	1	1	1	1	1	1	1	1	0.999	1	0.998	0.999	0.998	1	0.997	0.996	0.991	0.993	0.984	0.978	0.971	0.963	0.956	0.958	0.954	0.942	0.934	0.919	0.918	0.896	0.875	0.884	0.852	0.824	0.832	0.808	0.788	0.774	0.775	0.728	0.714	0.706	0.681	0.649	0.604	0.602	0.606	0.575	0.537	0.518	0.472	0.426	0.477	0.401	0.365	0.376	0.304	0.3	0.271	0.234	0.21	0.17	0.176	0.144	0.116	0.131	0.111	0.084	0.075	0.067	0.051	0.041	0.032	0.031	0.02	0.016	0.032	0.016	0.011	0.004	0.009	0.009	0.004	0.003	0.002	0.002	0.002	0.001	0	
1	1	1	1	1	1	1	1	1	1	1	1	1	1	1	1	1	1	1	1	1	1	0.99	0.98	0.954	0.897	0.796	0.717	0.576	0.467	0.359	0.218	0.158	0.104	0.055	0.046	0.024	0.021	0.006	0.007	0.003	0	0.001	0.001	0.001	0	0	0	0	0	0	0	0	0	0	0	0	0	0	0	0	0	0	0	0	0	0	0	0	0	0	0	0	0	0	0	0	0	0	0	0	0	0	0	0	0	0	0	0	0	0	0	0	0	0	0	0	0	0	0	
1	1	1	1	1	1	1	1	1	1	1	1	1	1	1	1	1	1	1	1	0.998	0.998	1	0.995	0.993	0.992	0.967	0.96	0.963	0.925	0.909	0.883	0.873	0.829	0.809	0.774	0.709	0.689	0.647	0.604	0.55	0.482	0.45	0.404	0.368	0.337	0.237	0.223	0.188	0.155	0.152	0.133	0.091	0.088	0.072	0.07	0.052	0.047	0.032	0.017	0.021	0.014	0.01	0.007	0.007	0.005	0.004	0.003	0.004	0.002	0.001	0.001	0.002	0	0	0	0.001	0	0.001	0	0	0.001	0	0	0.001	0	0	0	0	0	0	0	0	0	0	0	0	0	0	0	
1	1	1	1	1	1	1	1	1	1	1	1	1	1	1	1	1	1	1	1	1	1	1	1	1	1	1	1	1	1	1	1	1	1	1	1	1	1	1	1	1	1	1	1	1	1	1	1	1	1	1	1	1	1	1	1	1	1	1	1	1	0.999	1	1	1	1	1	0.999	1	0.999	0.999	0.997	1	0.998	0.997	0.997	0.998	0.998	0.995	0.992	0.991	0.993	0.993	0.982	0.986	0.984	0.983	0.981	0.966	0.965	0.967	0.959	0.946	0.939	0.951	0.935	0.931	0.917	0.92	0.907	
1	1	1	1	1	1	1	1	1	1	1	1	1	1	1	1	1	1	1	1	1	1	1	1	1	1	1	1	1	1	1	1	1	1	1	1	1	1	0.999	1	0.999	0.998	0.999	0.996	0.991	0.998	0.992	0.988	0.989	0.981	0.971	0.958	0.959	0.946	0.937	0.911	0.918	0.893	0.87	0.852	0.841	0.808	0.774	0.764	0.737	0.734	0.695	0.652	0.64	0.594	0.563	0.587	0.558	0.467	0.486	0.439	0.449	0.421	0.416	0.37	0.356	0.342	0.355	0.3	0.319	0.302	0.286	0.286	0.254	0.266	0.249	0.238	0.226	0.252	0.206	0.212	0.199	0.209	0.233	0.194	
1	1	1	1	1	1	1	1	1	1	1	1	1	0.998	0.996	0.982	0.968	0.92	0.847	0.791	0.661	0.55	0.446	0.328	0.279	0.209	0.149	0.111	0.094	0.078	0.043	0.045	0.032	0.02	0.017	0.017	0.009	0	0.004	0.003	0.001	0.001	0.002	0.001	0	0.002	0	0	0	0	0	0	0	0	0	0	0	0	0	0	0	0	0	0	0	0	0	0	0	0	0	0	0	0	0	0	0	0	0	0	0	0	0	0	0	0	0	0	0	0	0	0	0	0	0	0	0	0	0	0	
1	1	1	1	1	1	1	1	1	1	1	1	1	1	1	1	1	1	1	1	1	1	1	1	1	0.999	0.999	0.995	0.991	0.978	0.948	0.922	0.82	0.737	0.626	0.497	0.4	0.319	0.218	0.157	0.096	0.063	0.047	0.039	0.027	0.016	0.002	0.006	0.005	0.002	0.004	0.001	0.001	0	0	0	0.001	0	0	0.001	0	0	0	0	0	0	0	0	0	0	0	0	0	0	0	0	0	0	0	0	0	0	0	0	0	0	0	0	0	0	0	0	0	0	0	0	0	0	0	0	
1	1	1	1	1	1	1	1	1	1	1	1	1	1	1	1	1	1	1	1	1	1	1	1	1	1	0.999	0.999	0.997	0.991	0.985	0.977	0.985	0.972	0.954	0.937	0.929	0.917	0.905	0.891	0.839	0.835	0.786	0.772	0.712	0.686	0.637	0.616	0.6	0.506	0.48	0.427	0.402	0.377	0.326	0.287	0.259	0.196	0.213	0.185	0.143	0.117	0.092	0.088	0.071	0.046	0.052	0.045	0.034	0.019	0.013	0.011	0.01	0.009	0.007	0.005	0.004	0.002	0.001	0.001	0.005	0	0.002	0	0.001	0.003	0	0	0	0	0.001	0	0	0	0	0	0	0	0	0	
1	1	1	1	1	0.999	0.99	0.982	0.969	0.95	0.892	0.867	0.849	0.793	0.798	0.746	0.704	0.628	0.61	0.563	0.502	0.459	0.414	0.374	0.338	0.301	0.268	0.273	0.229	0.22	0.188	0.181	0.129	0.135	0.122	0.114	0.121	0.099	0.075	0.078	0.056	0.069	0.06	0.065	0.059	0.064	0.066	0.048	0.038	0.035	0.046	0.034	0.047	0.038	0.04	0.031	0.03	0.042	0.03	0.035	0.029	0.037	0.042	0.025	0.042	0.033	0.024	0.026	0.024	0.021	0.024	0.024	0.024	0.029	0.02	0.023	0.022	0.01	0.021	0.012	0.018	0.028	0.022	0.018	0.013	0.013	0.024	0.015	0.017	0.014	0.012	0.016	0.016	0.01	0.011	0.012	0.013	0.013	0.012	0.012	
1	1	1	1	1	1	1	1	1	1	1	1	1	1	1	1	1	1	1	1	1	1	1	1	1	1	1	1	1	1	1	1	1	1	1	1	1	1	1	1	0.999	0.999	0.998	0.993	0.993	0.99	0.977	0.978	0.963	0.96	0.928	0.905	0.891	0.853	0.819	0.782	0.756	0.715	0.677	0.631	0.61	0.59	0.515	0.475	0.427	0.433	0.368	0.319	0.298	0.284	0.279	0.229	0.21	0.181	0.178	0.155	0.155	0.14	0.125	0.102	0.089	0.075	0.077	0.082	0.071	0.064	0.045	0.039	0.04	0.045	0.036	0.034	0.036	0.024	0.025	0.018	0.03	0.02	0.02	0.02	
1	1	1	1	1	1	1	1	1	1	1	1	1	1	1	1	1	1	1	1	1	1	1	1	1	1	1	1	1	0.995	0.997	0.989	0.985	0.956	0.917	0.868	0.815	0.713	0.618	0.5	0.41	0.335	0.278	0.219	0.143	0.094	0.06	0.05	0.036	0.037	0.015	0.008	0.005	0.003	0.003	0.006	0.001	0.001	0.001	0	0	0	0	0	0.001	0	0	0	0	0	0	0	0	0	0	0	0	0	0	0	0	0	0	0	0	0	0	0	0	0	0	0	0	0	0	0	0	0	0	0	
1	1	1	1	1	1	1	1	1	1	1	1	1	1	1	1	1	1	1	1	1	1	1	1	1	1	0.999	1	1	1	0.999	1	0.999	1	1	0.998	0.999	1	0.992	0.995	0.994	0.995	0.986	0.985	0.977	0.964	0.962	0.955	0.936	0.927	0.894	0.887	0.891	0.849	0.83	0.785	0.768	0.735	0.715	0.65	0.646	0.616	0.563	0.514	0.47	0.464	0.424	0.369	0.343	0.289	0.316	0.283	0.217	0.212	0.189	0.169	0.159	0.103	0.101	0.097	0.083	0.069	0.053	0.055	0.057	0.04	0.029	0.033	0.019	0.017	0.017	0.015	0.011	0.01	0.009	0.003	0.005	0.003	0.005	0.004	
1	1	1	1	1	1	1	1	1	1	1	1	1	1	1	1	1	1	1	1	1	1	1	1	1	1	1	1	1	1	1	1	1	1	1	1	1	1	1	1	1	1	1	1	1	1	1	1	0.999	1	0.999	1	1	1	0.998	1	0.999	0.996	1	0.995	0.992	0.993	0.994	0.986	0.983	0.981	0.98	0.977	0.963	0.956	0.967	0.961	0.943	0.95	0.936	0.942	0.924	0.9	0.899	0.914	0.893	0.862	0.862	0.84	0.854	0.823	0.837	0.809	0.811	0.801	0.803	0.765	0.762	0.768	0.746	0.779	0.752	0.728	0.73	0.72	
1	1	1	1	1	1	1	1	1	1	1	1	1	1	1	1	1	1	1	1	1	1	1	1	1	1	1	1	1	1	1	1	1	1	0.999	1	0.998	0.999	1	1	0.999	1	0.998	0.999	0.998	0.998	0.993	0.998	0.997	0.996	0.997	0.991	0.993	0.995	0.992	0.998	0.993	0.994	0.994	0.992	0.995	0.996	0.988	0.992	0.996	0.984	0.985	0.989	0.992	0.991	0.991	0.982	0.983	0.983	0.978	0.971	0.974	0.97	0.972	0.961	0.957	0.953	0.95	0.944	0.945	0.943	0.933	0.937	0.923	0.921	0.919	0.908	0.905	0.918	0.891	0.897	0.891	0.9	0.887	0.886	
1	1	1	1	1	1	1	1	1	1	1	1	1	1	1	1	1	1	1	1	1	1	0.999	1	0.999	0.99	0.99	0.974	0.977	0.945	0.924	0.911	0.865	0.82	0.784	0.752	0.722	0.66	0.615	0.613	0.534	0.552	0.505	0.406	0.385	0.385	0.373	0.332	0.323	0.275	0.252	0.245	0.229	0.211	0.182	0.176	0.185	0.154	0.135	0.133	0.122	0.09	0.118	0.124	0.102	0.066	0.075	0.084	0.09	0.062	0.071	0.066	0.065	0.061	0.061	0.054	0.069	0.058	0.052	0.049	0.062	0.058	0.048	0.044	0.047	0.031	0.039	0.049	0.03	0.035	0.039	0.029	0.037	0.031	0.035	0.03	0.035	0.033	0.032	0.032	
1	1	1	1	1	1	1	1	1	1	1	1	1	1	1	1	1	1	1	1	1	1	1	1	1	1	1	1	1	1	1	1	1	0.999	0.999	0.997	0.997	0.996	0.988	0.989	0.975	0.974	0.933	0.937	0.888	0.865	0.82	0.758	0.696	0.619	0.549	0.506	0.406	0.369	0.304	0.265	0.184	0.156	0.163	0.096	0.096	0.083	0.057	0.037	0.043	0.022	0.031	0.02	0.016	0.012	0.011	0.003	0.01	0.004	0.008	0.005	0.002	0.001	0.004	0	0.001	0.001	0.001	0.003	0	0	0.001	0	0.001	0	0	0	0.001	0	0.001	0	0.001	0	0	0	
1	1	1	1	1	1	1	1	1	0.999	0.997	0.991	0.986	0.954	0.933	0.901	0.868	0.806	0.784	0.74	0.691	0.616	0.57	0.552	0.524	0.471	0.405	0.374	0.317	0.318	0.262	0.218	0.205	0.168	0.151	0.115	0.113	0.099	0.071	0.065	0.073	0.051	0.036	0.034	0.032	0.018	0.018	0.011	0.02	0.012	0.011	0.013	0.014	0.018	0.011	0.012	0.009	0.011	0.015	0.013	0.009	0.007	0.012	0.008	0.008	0.008	0.008	0.008	0.01	0.005	0.014	0.006	0.003	0.011	0.01	0.006	0.01	0.008	0.009	0.008	0.004	0.005	0.003	0.006	0.003	0.01	0.009	0.008	0.004	0.005	0.005	0.004	0.004	0.004	0.003	0.007	0.005	0.003	0.006	0.001	
1	1	0.998	0.993	0.977	0.938	0.929	0.913	0.875	0.85	0.848	0.842	0.823	0.769	0.712	0.726	0.718	0.644	0.618	0.614	0.583	0.554	0.541	0.504	0.465	0.442	0.394	0.374	0.369	0.32	0.305	0.285	0.238	0.213	0.186	0.15	0.13	0.11	0.081	0.085	0.054	0.055	0.048	0.037	0.026	0.02	0.025	0.024	0.02	0.017	0.009	0.004	0.007	0.007	0.002	0.004	0.004	0.003	0.007	0.002	0.001	0.002	0.001	0.003	0.001	0.001	0.001	0.002	0	0	0.001	0	0.001	0.002	0.002	0	0	0.002	0	0.002	0	0.001	0	0	0	0	0	0	0	0	0.001	0.001	0	0.001	0	0	0	0	0.001	0	
1	1	1	1	1	1	1	1	1	1	1	1	1	1	1	1	1	1	1	1	1	1	0.995	0.987	0.967	0.919	0.867	0.775	0.664	0.5	0.392	0.284	0.19	0.121	0.07	0.036	0.026	0.01	0.007	0.004	0.001	0	0	0	0	0	0	0	0	0	0	0	0	0	0	0	0	0	0	0	0	0	0	0	0	0	0	0	0	0	0	0	0	0	0	0	0	0	0	0	0	0	0	0	0	0	0	0	0	0	0	0	0	0	0	0	0	0	0	0	
1	1	1	1	1	1	1	1	1	1	1	1	1	1	0.999	1	1	0.995	0.995	0.991	0.985	0.98	0.982	0.97	0.975	0.952	0.949	0.953	0.946	0.939	0.948	0.928	0.916	0.927	0.922	0.88	0.93	0.889	0.869	0.9	0.881	0.889	0.888	0.872	0.844	0.853	0.863	0.836	0.852	0.85	0.841	0.823	0.826	0.779	0.823	0.8	0.78	0.776	0.772	0.761	0.754	0.735	0.712	0.725	0.714	0.71	0.671	0.664	0.662	0.638	0.621	0.62	0.615	0.578	0.61	0.581	0.574	0.566	0.58	0.531	0.535	0.52	0.518	0.502	0.509	0.467	0.46	0.473	0.441	0.444	0.437	0.437	0.43	0.429	0.385	0.412	0.413	0.398	0.384	0.401	
1	1	1	1	1	1	1	1	1	1	1	1	1	1	1	1	1	1	1	1	1	1	1	1	1	0.999	1	0.998	0.991	0.982	0.976	0.957	0.916	0.873	0.848	0.765	0.724	0.602	0.565	0.486	0.404	0.352	0.282	0.261	0.186	0.148	0.141	0.119	0.082	0.06	0.038	0.041	0.039	0.024	0.014	0.015	0.018	0.007	0.004	0.001	0.002	0.004	0.001	0.002	0.002	0.001	0.001	0.001	0.001	0	0	0	0	0.002	0	0	0	0.001	0	0.001	0	0	0	0	0	0	0	0	0	0	0	0	0	0	0	0	0	0	0	0	
1	1	1	1	1	1	1	1	1	1	1	1	1	1	1	1	0.999	0.991	0.982	0.979	0.962	0.933	0.88	0.846	0.769	0.727	0.64	0.586	0.492	0.448	0.391	0.344	0.267	0.232	0.199	0.171	0.122	0.12	0.088	0.066	0.068	0.042	0.032	0.039	0.025	0.013	0.017	0.018	0.013	0.008	0.012	0.006	0.007	0.004	0.003	0.003	0.002	0.005	0.001	0.002	0	0.002	0	0	0	0	0	0.001	0	0	0	0	0	0	0	0	0	0	0	0	0	0	0	0	0	0	0	0	0	0	0	0	0	0	0	0	0	0	0	0	
0.989	0.862	0.795	0.752	0.706	0.706	0.681	0.663	0.655	0.654	0.623	0.625	0.632	0.606	0.54	0.485	0.52	0.454	0.413	0.362	0.307	0.3	0.261	0.207	0.174	0.172	0.141	0.105	0.102	0.088	0.075	0.054	0.032	0.029	0.04	0.021	0.024	0.018	0.018	0.025	0.013	0.009	0.009	0.008	0.003	0.005	0.008	0.007	0.005	0.004	0.003	0.003	0.001	0.001	0	0.001	0.003	0.001	0.003	0.001	0.001	0	0	0	0.001	0.002	0.003	0	0	0.002	0	0	0	0.001	0.002	0.002	0.002	0.001	0.002	0	0.001	0.001	0.002	0.001	0.001	0	0	0	0	0	0	0	0.001	0.001	0	0.002	0	0.001	0	0	
1	1	1	1	1	1	1	1	1	1	1	1	1	1	1	1	1	1	1	1	1	1	1	1	1	1	1	1	1	1	1	0.999	1	0.999	0.997	0.999	0.998	0.996	0.994	0.986	0.992	0.99	0.991	0.983	0.979	0.971	0.951	0.954	0.914	0.852	0.855	0.778	0.723	0.677	0.616	0.553	0.484	0.417	0.34	0.279	0.275	0.211	0.179	0.149	0.122	0.095	0.089	0.066	0.054	0.037	0.036	0.036	0.031	0.018	0.015	0.013	0.017	0.012	0.009	0.007	0.006	0.004	0.004	0.001	0.003	0.004	0	0	0.001	0.002	0.001	0.002	0.001	0	0	0.002	0	0	0	0.001	
1	1	1	1	1	1	1	1	1	1	1	1	0.999	0.994	0.983	0.936	0.826	0.713	0.587	0.452	0.301	0.196	0.11	0.075	0.044	0.024	0.014	0.006	0.003	0	0	0	0	0	0	0	0	0	0	0	0	0	0	0	0	0	0	0	0	0	0	0	0	0	0	0	0	0	0	0	0	0	0	0	0	0	0	0	0	0	0	0	0	0	0	0	0	0	0	0	0	0	0	0	0	0	0	0	0	0	0	0	0	0	0	0	0	0	0	0	
1	1	1	1	1	1	1	0.992	0.988	0.975	0.958	0.939	0.908	0.863	0.827	0.797	0.751	0.712	0.66	0.58	0.574	0.528	0.468	0.42	0.36	0.313	0.282	0.237	0.194	0.146	0.118	0.077	0.059	0.041	0.031	0.011	0.014	0.004	0.001	0.001	0.002	0.001	0	0	0	0	0	0	0	0	0	0	0	0	0	0	0	0	0	0	0	0	0	0	0	0	0	0	0	0	0	0	0	0	0	0	0	0	0	0	0	0	0	0	0	0	0	0	0	0	0	0	0	0	0	0	0	0	0	0	
1	1	1	1	1	1	1	1	1	1	1	1	1	1	1	1	1	1	1	1	1	0.999	0.994	0.984	0.967	0.932	0.896	0.826	0.749	0.7	0.584	0.51	0.418	0.341	0.26	0.215	0.16	0.122	0.101	0.097	0.056	0.032	0.022	0.015	0.02	0.012	0.003	0.005	0.001	0.004	0.001	0.002	0.001	0.001	0.001	0.001	0	0.001	0.001	0	0	0	0	0	0	0	0	0	0	0	0	0	0	0	0	0	0	0	0	0	0	0	0	0	0	0	0	0	0	0	0	0	0	0	0	0	0	0	0	0	
1	1	1	1	1	1	1	1	1	1	1	1	1	1	1	1	1	1	1	1	1	1	1	1	1	1	1	1	1	1	1	1	1	0.999	1	1	0.999	0.999	0.999	0.998	0.997	0.997	0.995	0.998	0.993	0.994	0.988	0.988	0.985	0.984	0.981	0.978	0.972	0.968	0.971	0.961	0.924	0.927	0.937	0.92	0.914	0.914	0.887	0.865	0.862	0.848	0.837	0.841	0.835	0.826	0.806	0.807	0.821	0.776	0.754	0.741	0.745	0.726	0.709	0.71	0.685	0.685	0.658	0.666	0.638	0.65	0.641	0.621	0.608	0.599	0.613	0.563	0.571	0.57	0.526	0.542	0.547	0.536	0.498	0.507	
1	1	1	1	1	1	1	1	1	1	1	1	1	1	1	1	1	1	1	1	1	1	1	1	1	1	1	1	1	1	1	0.999	1	1	1	0.998	0.998	0.998	0.997	0.996	0.999	0.993	0.995	0.986	0.989	0.987	0.981	0.976	0.981	0.965	0.968	0.966	0.955	0.948	0.952	0.946	0.924	0.925	0.922	0.901	0.915	0.898	0.904	0.888	0.899	0.89	0.849	0.844	0.833	0.809	0.835	0.817	0.793	0.782	0.779	0.766	0.758	0.744	0.745	0.723	0.717	0.711	0.693	0.676	0.673	0.661	0.641	0.602	0.624	0.608	0.639	0.605	0.627	0.583	0.59	0.578	0.577	0.582	0.571	0.547	
1	1	1	1	1	1	1	1	1	1	1	1	1	0.999	0.999	0.997	0.993	0.986	0.976	0.944	0.941	0.903	0.877	0.82	0.8	0.743	0.715	0.666	0.626	0.602	0.571	0.542	0.513	0.491	0.456	0.439	0.46	0.451	0.43	0.409	0.446	0.39	0.408	0.385	0.383	0.379	0.393	0.375	0.408	0.416	0.383	0.389	0.397	0.394	0.431	0.416	0.438	0.412	0.439	0.409	0.457	0.451	0.507	0.486	0.51	0.488	0.479	0.525	0.534	0.527	0.518	0.56	0.58	0.566	0.564	0.581	0.583	0.56	0.595	0.571	0.61	0.634	0.62	0.623	0.615	0.616	0.633	0.595	0.618	0.632	0.639	0.613	0.618	0.606	0.615	0.601	0.626	0.636	0.601	0.619	
1	1	1	1	1	1	1	1	0.992	0.967	0.87	0.733	0.558	0.368	0.239	0.144	0.096	0.05	0.027	0.012	0.007	0.001	0.001	0	0.001	0.001	0	0	0	0	0	0	0	0	0	0	0	0	0	0	0	0	0	0	0	0	0	0	0	0	0	0	0	0	0	0	0	0	0	0	0	0	0	0	0	0	0	0	0	0	0	0	0	0	0	0	0	0.001	0	0	0	0	0	0	0	0	0	0	0	0	0	0	0	0.002	0	0.001	0	0	0	0	
1	1	1	1	1	1	1	1	1	1	1	1	1	1	1	1	1	1	1	1	1	1	1	1	1	1	0.999	1	0.997	0.997	0.996	0.996	0.992	0.985	0.989	0.98	0.978	0.966	0.94	0.953	0.932	0.928	0.911	0.897	0.906	0.876	0.881	0.853	0.841	0.809	0.798	0.789	0.755	0.72	0.693	0.701	0.674	0.641	0.623	0.614	0.569	0.572	0.525	0.526	0.492	0.503	0.477	0.457	0.446	0.425	0.38	0.383	0.341	0.357	0.354	0.341	0.335	0.324	0.316	0.293	0.307	0.291	0.292	0.285	0.284	0.26	0.253	0.259	0.25	0.249	0.234	0.245	0.235	0.257	0.225	0.231	0.225	0.219	0.225	0.218	
1	1	1	1	1	1	1	1	1	1	1	1	1	1	1	1	1	1	1	0.997	0.996	0.987	0.969	0.957	0.922	0.899	0.862	0.827	0.762	0.711	0.683	0.639	0.555	0.539	0.503	0.468	0.408	0.374	0.339	0.304	0.257	0.262	0.26	0.219	0.211	0.195	0.152	0.152	0.129	0.126	0.124	0.103	0.098	0.102	0.098	0.076	0.056	0.075	0.064	0.084	0.053	0.046	0.036	0.049	0.053	0.036	0.016	0.04	0.029	0.029	0.018	0.021	0.018	0.014	0.024	0.016	0.019	0.008	0.013	0.01	0.013	0.01	0.011	0.014	0.009	0.01	0.009	0.011	0.005	0.007	0.004	0.002	0.008	0.008	0.003	0.004	0.002	0.004	0.004	0.004	
1	1	1	1	1	1	1	1	1	1	1	1	1	1	0.994	0.992	0.973	0.963	0.911	0.87	0.782	0.719	0.618	0.554	0.464	0.343	0.301	0.221	0.182	0.132	0.114	0.058	0.046	0.037	0.03	0.013	0.01	0.01	0.007	0.001	0.002	0	0	0	0	0	0	0	0	0	0	0	0	0	0	0	0	0	0	0	0	0	0	0	0	0	0	0	0	0	0	0	0	0	0	0	0	0	0	0	0	0	0	0	0	0	0	0	0	0	0	0	0	0	0	0	0	0	0	0	
1	1	1	1	1	1	1	1	1	1	1	1	1	1	1	1	1	1	1	1	1	1	1	1	1	1	1	1	1	1	1	1	1	1	1	1	1	0.999	0.999	1	0.999	0.998	0.997	0.999	0.998	0.997	0.995	0.998	0.996	0.996	0.992	0.991	0.99	0.992	0.995	0.991	0.98	0.97	0.982	0.975	0.978	0.971	0.962	0.964	0.952	0.956	0.941	0.942	0.929	0.942	0.913	0.893	0.912	0.918	0.903	0.893	0.885	0.882	0.881	0.857	0.854	0.856	0.832	0.845	0.833	0.827	0.809	0.805	0.786	0.79	0.799	0.793	0.79	0.793	0.785	0.788	0.795	0.771	0.766	0.792	
1	1	1	1	1	1	1	1	1	1	1	1	1	1	1	1	1	1	1	1	1	1	1	1	1	1	0.999	0.994	0.991	0.982	0.966	0.943	0.877	0.807	0.723	0.65	0.562	0.466	0.383	0.335	0.251	0.211	0.147	0.103	0.089	0.071	0.049	0.038	0.02	0.02	0.01	0.008	0.009	0.006	0.003	0	0.002	0	0	0	0	0.001	0	0	0	0	0	0	0	0	0	0	0	0	0	0	0	0	0	0	0	0	0	0	0	0	0	0	0	0	0	0	0	0	0	0	0	0	0	0	
1	1	1	1	1	1	1	1	1	1	1	1	1	1	1	1	1	1	1	1	1	1	1	1	1	1	1	0.999	1	1	0.994	0.999	0.996	0.987	0.964	0.965	0.952	0.923	0.882	0.84	0.785	0.727	0.669	0.582	0.532	0.472	0.394	0.355	0.305	0.213	0.206	0.169	0.124	0.125	0.102	0.067	0.065	0.051	0.04	0.038	0.025	0.022	0.012	0.014	0.007	0.009	0.005	0.006	0.003	0.004	0.003	0.003	0.003	0.001	0.002	0.001	0	0	0.001	0	0.001	0	0	0	0	0	0.001	0	0	0	0	0	0	0	0	0	0	0	0	0	
1	1	1	1	1	1	1	1	1	1	1	1	1	1	0.999	0.986	0.951	0.923	0.858	0.771	0.68	0.6	0.517	0.415	0.345	0.283	0.219	0.169	0.139	0.103	0.067	0.056	0.031	0.021	0.015	0.011	0.005	0.005	0.002	0.002	0.001	0.002	0	0	0	0	0	0.001	0	0	0	0	0	0	0	0	0	0	0	0	0	0	0	0	0	0	0	0	0	0	0	0	0	0	0	0	0	0	0	0	0	0	0	0	0	0	0	0	0	0	0	0	0	0	0	0	0	0	0	0	
1	1	1	1	1	1	1	1	1	1	1	1	1	1	1	1	1	1	1	1	1	1	1	1	1	1	1	1	1	1	1	1	1	1	1	1	1	1	1	1	1	1	1	1	1	1	1	1	1	1	1	1	1	1	1	1	1	1	1	1	1	1	1	1	0.999	0.999	1	1	0.999	1	0.997	0.998	0.998	0.995	0.998	0.993	0.992	0.996	0.991	0.992	0.991	0.99	0.992	0.987	0.994	0.98	0.992	0.982	0.983	0.98	0.973	0.975	0.968	0.974	0.955	0.959	0.944	0.94	0.947	0.95	
1	1	1	1	1	1	1	1	1	1	1	1	1	0.998	0.998	0.995	0.981	0.972	0.959	0.939	0.933	0.867	0.833	0.838	0.783	0.735	0.678	0.656	0.584	0.534	0.491	0.393	0.344	0.277	0.224	0.157	0.127	0.078	0.063	0.044	0.024	0.018	0.009	0.003	0.004	0	0.001	0	0.001	0.002	0.001	0	0	0	0	0	0	0	0	0	0	0	0	0	0	0	0	0	0	0	0	0	0	0	0	0	0	0	0	0	0	0	0	0	0	0	0	0	0	0	0	0	0	0	0	0	0	0	0	0	
1	1	1	1	1	1	1	1	1	1	1	1	1	1	1	1	1	1	1	1	1	1	0.999	0.998	0.999	0.997	0.997	0.975	0.955	0.95	0.929	0.885	0.84	0.825	0.776	0.776	0.682	0.645	0.634	0.578	0.532	0.464	0.41	0.373	0.362	0.344	0.314	0.263	0.228	0.215	0.184	0.145	0.144	0.134	0.111	0.088	0.076	0.073	0.063	0.048	0.049	0.044	0.036	0.028	0.015	0.019	0.021	0.013	0.012	0.017	0.013	0.01	0.007	0.004	0.007	0.005	0.005	0.003	0.002	0.004	0.003	0.001	0.002	0	0.005	0	0.002	0.002	0	0	0	0	0	0	0.001	0.001	0	0.002	0	0	
1	1	1	1	1	1	1	1	1	1	1	1	1	1	1	1	1	1	1	1	1	1	1	1	0.999	0.993	0.986	0.982	0.973	0.953	0.913	0.895	0.84	0.797	0.723	0.658	0.613	0.541	0.488	0.43	0.362	0.32	0.291	0.259	0.179	0.185	0.148	0.141	0.116	0.093	0.106	0.08	0.078	0.068	0.065	0.056	0.056	0.042	0.033	0.042	0.023	0.035	0.032	0.018	0.023	0.026	0.024	0.014	0.022	0.015	0.017	0.011	0.007	0.008	0.019	0.005	0.012	0.016	0.005	0.007	0.006	0.005	0.005	0.005	0.006	0.008	0.003	0.008	0.005	0.005	0.004	0.005	0.002	0	0.003	0.003	0.005	0.002	0.001	0.001	
1	1	1	1	1	1	1	1	1	1	1	1	1	1	1	1	1	1	1	1	1	0.999	0.995	0.969	0.916	0.83	0.688	0.536	0.398	0.239	0.145	0.075	0.043	0.028	0.005	0.004	0.004	0.001	0	0	0	0	0	0	0	0	0	0	0	0	0	0	0	0	0	0	0	0	0	0	0	0	0	0	0	0	0	0	0	0	0	0	0	0	0	0	0	0	0	0	0	0	0	0	0	0	0	0	0	0	0	0	0	0	0	0	0	0	0	0	
1	1	1	1	1	1	1	1	1	1	1	1	1	1	1	1	1	1	1	1	1	1	1	1	1	1	1	1	1	1	1	1	1	1	1	1	1	1	1	1	1	1	1	0.998	0.997	0.995	0.995	0.994	0.991	0.995	0.987	0.984	0.98	0.975	0.972	0.968	0.963	0.963	0.946	0.954	0.939	0.942	0.94	0.928	0.905	0.91	0.904	0.897	0.914	0.9	0.885	0.88	0.87	0.878	0.845	0.858	0.851	0.852	0.84	0.838	0.828	0.838	0.843	0.811	0.806	0.807	0.812	0.788	0.791	0.794	0.781	0.8	0.758	0.769	0.78	0.748	0.746	0.734	0.735	0.715	
1	1	1	1	1	1	1	1	1	1	1	1	1	1	1	1	1	1	1	1	1	1	1	1	1	1	0.997	0.992	0.986	0.958	0.934	0.874	0.789	0.697	0.592	0.49	0.364	0.294	0.211	0.142	0.12	0.074	0.051	0.037	0.03	0.018	0.014	0.013	0.007	0.004	0.002	0.001	0	0.001	0	0	0	0.001	0	0	0	0	0	0	0	0	0	0	0	0	0	0	0	0.001	0	0	0	0	0	0	0	0	0	0	0	0	0	0	0	0	0	0	0	0	0	0	0	0	0	0	
1	1	1	1	1	1	1	1	1	1	1	1	1	1	1	0.999	1	0.993	0.96	0.894	0.773	0.618	0.428	0.282	0.178	0.115	0.041	0.022	0.007	0.004	0.003	0.001	0	0	0	0	0	0	0	0	0	0	0	0	0	0	0	0	0	0	0	0	0	0	0	0	0	0	0	0	0	0	0	0	0	0	0	0	0	0	0	0	0	0	0	0	0	0	0	0	0	0	0	0	0	0	0	0	0	0	0	0	0	0	0	0	0	0	0	0	
1	1	1	1	1	1	1	1	1	1	1	1	1	1	1	1	0.999	1	0.997	0.986	0.976	0.957	0.918	0.897	0.847	0.825	0.77	0.747	0.677	0.634	0.621	0.551	0.528	0.491	0.467	0.446	0.401	0.395	0.379	0.347	0.351	0.343	0.365	0.329	0.334	0.328	0.353	0.331	0.336	0.349	0.357	0.408	0.391	0.438	0.419	0.471	0.486	0.509	0.547	0.526	0.539	0.563	0.6	0.593	0.624	0.643	0.651	0.662	0.672	0.712	0.721	0.686	0.715	0.718	0.727	0.731	0.764	0.743	0.76	0.766	0.764	0.786	0.782	0.766	0.776	0.78	0.766	0.779	0.792	0.801	0.768	0.771	0.778	0.786	0.787	0.793	0.765	0.766	0.763	0.783	
0.983	0.88	0.798	0.757	0.687	0.678	0.626	0.602	0.591	0.541	0.517	0.526	0.479	0.506	0.493	0.48	0.47	0.497	0.444	0.469	0.452	0.407	0.433	0.412	0.347	0.331	0.28	0.264	0.224	0.167	0.132	0.105	0.071	0.06	0.035	0.019	0.007	0.004	0.004	0.004	0.003	0	0	0.001	0	0	0	0	0	0	0	0	0	0	0	0	0	0	0	0	0	0	0	0	0	0	0	0	0	0	0	0	0	0	0	0	0	0	0	0	0	0	0	0	0	0	0	0	0	0	0	0	0	0	0	0	0	0	0	0	
1	1	1	1	1	0.999	0.999	0.996	0.993	0.989	0.993	0.984	0.985	0.985	0.984	0.982	0.989	0.989	0.989	0.991	0.988	0.988	0.992	0.99	0.994	0.995	0.997	0.997	0.996	0.996	0.993	0.997	1	0.994	0.997	0.994	1	0.998	0.997	0.997	0.998	0.998	0.998	0.999	0.998	1	1	0.999	1	1	1	1	1	1	1	0.999	1	1	1	0.998	1	1	1	0.999	1	1	1	1	1	1	0.998	1	1	0.999	1	1	0.999	1	1	1	0.999	1	1	1	1	1	1	1	1	1	0.998	0.997	1	1	1	0.999	0.999	0.999	1	0.999	
1	1	1	1	1	1	1	1	1	1	1	1	1	1	1	1	1	1	1	1	1	1	1	1	1	1	1	1	1	1	1	1	1	1	1	1	1	1	1	0.999	0.999	0.997	0.998	0.995	0.985	0.975	0.979	0.951	0.933	0.894	0.892	0.852	0.831	0.783	0.733	0.705	0.664	0.634	0.584	0.537	0.459	0.439	0.385	0.352	0.3	0.298	0.219	0.207	0.195	0.18	0.138	0.135	0.107	0.097	0.084	0.064	0.055	0.055	0.056	0.042	0.041	0.027	0.024	0.021	0.014	0.014	0.018	0.013	0.012	0.013	0.012	0.004	0.009	0.006	0.003	0.003	0.006	0.005	0.002	0.002	
1	1	1	1	1	1	1	1	1	1	1	1	1	1	1	1	1	1	1	1	1	1	1	1	1	0.999	1	1	0.998	0.996	0.995	0.989	0.99	0.985	0.975	0.974	0.951	0.946	0.945	0.914	0.901	0.87	0.843	0.79	0.743	0.712	0.678	0.596	0.52	0.47	0.412	0.37	0.333	0.259	0.242	0.188	0.171	0.143	0.115	0.083	0.066	0.054	0.051	0.039	0.029	0.029	0.025	0.016	0.007	0.011	0.011	0.002	0.007	0.005	0.001	0	0.001	0.001	0.002	0	0.001	0.001	0.002	0	0	0	0	0.001	0	0	0	0	0	0	0	0.001	0	0	0	0	
1	1	1	1	1	1	1	1	1	1	1	1	1	1	1	1	1	1	1	1	0.998	0.996	0.99	0.986	0.961	0.934	0.901	0.835	0.761	0.704	0.606	0.535	0.423	0.352	0.247	0.189	0.157	0.115	0.085	0.059	0.057	0.031	0.023	0.019	0.014	0.008	0.014	0.001	0.002	0.004	0.002	0.001	0.001	0	0.002	0	0	0	0	0	0	0	0	0	0	0	0	0	0	0	0	0	0	0	0	0	0	0	0	0	0	0	0	0	0	0	0	0	0	0	0	0	0	0	0	0	0	0	0	0	
1	1	1	1	1	1	1	0.995	0.988	0.936	0.878	0.794	0.711	0.591	0.523	0.41	0.323	0.268	0.238	0.179	0.155	0.115	0.126	0.101	0.096	0.071	0.066	0.072	0.059	0.041	0.054	0.043	0.046	0.034	0.031	0.033	0.026	0.031	0.023	0.029	0.026	0.019	0.024	0.029	0.025	0.012	0.016	0.022	0.014	0.009	0.014	0.014	0.012	0.018	0.017	0.014	0.01	0.01	0.009	0.01	0.015	0.007	0.009	0.014	0.01	0.004	0.012	0.006	0.012	0.005	0.006	0.003	0.004	0.004	0.003	0.004	0.003	0.002	0.003	0.003	0.003	0.002	0.004	0.002	0.002	0	0	0.003	0.002	0	0	0.001	0.001	0	0	0	0	0.001	0	0	
1	1	1	1	1	1	1	1	1	1	1	1	1	1	1	1	1	1	1	1	1	1	1	0.999	0.997	0.995	0.982	0.975	0.94	0.898	0.834	0.776	0.717	0.653	0.556	0.48	0.441	0.358	0.296	0.243	0.198	0.142	0.127	0.108	0.097	0.073	0.07	0.061	0.046	0.032	0.032	0.022	0.028	0.029	0.016	0.012	0.009	0.01	0.007	0.004	0.006	0.009	0.011	0.01	0.006	0.01	0.005	0.002	0.004	0.005	0.007	0.002	0.006	0.003	0.001	0.002	0.004	0.004	0.005	0.003	0.006	0.006	0.002	0.004	0.002	0.001	0	0	0.003	0.003	0.001	0.001	0.001	0.001	0.001	0	0	0	0.003	0.002	
1	1	1	1	1	1	1	1	1	1	1	1	1	1	1	1	1	1	1	1	1	1	1	1	1	1	1	1	1	1	1	1	1	1	1	1	1	1	1	1	0.997	0.999	1	0.998	0.996	0.993	0.992	0.992	0.986	0.988	0.984	0.979	0.969	0.96	0.945	0.944	0.933	0.926	0.897	0.9	0.863	0.854	0.832	0.824	0.792	0.772	0.767	0.753	0.736	0.704	0.687	0.706	0.635	0.639	0.601	0.564	0.561	0.555	0.568	0.525	0.503	0.501	0.49	0.482	0.462	0.421	0.441	0.417	0.416	0.374	0.376	0.369	0.395	0.374	0.338	0.339	0.324	0.326	0.329	0.325	
1	1	1	1	1	1	1	1	1	1	1	1	1	1	1	1	1	1	1	1	1	0.999	1	0.995	0.99	0.98	0.964	0.943	0.916	0.855	0.823	0.788	0.723	0.692	0.639	0.567	0.514	0.496	0.458	0.404	0.369	0.344	0.291	0.254	0.251	0.248	0.21	0.223	0.2	0.156	0.129	0.131	0.114	0.097	0.102	0.078	0.066	0.054	0.039	0.036	0.044	0.029	0.019	0.024	0.016	0.011	0.012	0.015	0.007	0.006	0.005	0.002	0.003	0.002	0.002	0.003	0	0.001	0	0	0	0	0	0	0	0	0	0	0	0	0	0	0	0	0	0	0	0	0	0	
1	1	1	1	1	1	1	1	1	1	1	1	1	1	1	1	1	1	1	1	1	1	1	1	1	1	1	1	1	1	1	1	1	1	1	1	1	1	1	1	1	0.999	0.999	1	0.999	1	0.998	0.993	0.997	1	0.999	0.995	0.993	0.993	0.993	0.992	0.995	0.988	0.988	0.976	0.979	0.98	0.981	0.97	0.967	0.968	0.964	0.95	0.943	0.943	0.949	0.947	0.928	0.941	0.93	0.917	0.919	0.907	0.908	0.904	0.903	0.889	0.913	0.872	0.891	0.868	0.891	0.847	0.87	0.878	0.866	0.879	0.86	0.868	0.873	0.838	0.847	0.83	0.854	0.864	
1	1	1	1	0.992	0.805	0.409	0.132	0.016	0.003	0.001	0	0	0	0	0	0	0	0	0	0	0	0	0	0	0	0	0	0	0	0	0	0	0	0	0	0	0	0	0	0	0	0	0	0	0	0	0	0	0	0	0	0	0	0	0	0	0	0	0	0	0	0	0	0	0	0	0	0	0	0	0	0	0	0	0	0	0	0	0	0	0	0	0	0	0	0	0	0	0	0	0	0	0	0	0	0	0	0	0	
1	1	1	1	1	1	1	1	1	1	1	1	1	1	1	1	1	1	1	1	1	1	1	1	1	1	1	1	1	1	1	1	1	1	1	1	0.999	0.999	1	0.999	1	0.993	0.993	0.988	0.982	0.971	0.968	0.96	0.95	0.936	0.911	0.897	0.878	0.853	0.843	0.789	0.745	0.69	0.659	0.643	0.565	0.536	0.484	0.488	0.446	0.415	0.367	0.33	0.305	0.268	0.24	0.202	0.208	0.185	0.144	0.134	0.111	0.087	0.09	0.079	0.059	0.07	0.051	0.042	0.037	0.03	0.024	0.019	0.02	0.017	0.008	0.009	0.014	0.009	0.011	0.008	0.009	0.005	0.004	0.004	
1	1	1	1	1	1	1	1	1	1	1	1	1	1	1	1	1	1	1	1	1	0.999	1	0.997	0.997	0.994	0.979	0.959	0.958	0.921	0.873	0.799	0.761	0.64	0.578	0.499	0.385	0.334	0.239	0.197	0.156	0.145	0.088	0.068	0.062	0.035	0.019	0.016	0.022	0.012	0.006	0.004	0.003	0.004	0.001	0	0	0.001	0.001	0.001	0	0	0	0	0	0	0	0	0	0	0	0	0	0	0	0	0	0	0	0	0	0	0	0	0	0	0	0	0	0	0	0	0	0	0	0	0	0	0	0	
1	1	1	1	1	1	1	1	1	1	1	1	1	1	1	1	1	1	1	1	1	1	1	1	1	0.999	1	0.998	0.999	0.99	0.993	0.989	0.978	0.978	0.957	0.945	0.893	0.904	0.891	0.83	0.79	0.777	0.702	0.711	0.671	0.641	0.604	0.558	0.534	0.507	0.459	0.414	0.392	0.406	0.394	0.353	0.318	0.295	0.264	0.235	0.229	0.191	0.187	0.16	0.133	0.134	0.116	0.105	0.102	0.072	0.063	0.059	0.055	0.059	0.033	0.036	0.038	0.029	0.017	0.014	0.009	0.008	0.008	0.006	0.008	0.001	0.004	0.004	0.007	0.001	0.002	0.002	0.001	0.003	0.001	0	0	0	0	0.001	
1	1	1	1	1	1	1	1	1	1	0.999	0.989	0.968	0.943	0.895	0.834	0.741	0.651	0.572	0.464	0.41	0.336	0.232	0.187	0.153	0.12	0.064	0.054	0.039	0.022	0.027	0.016	0.009	0.006	0.005	0.003	0.004	0.002	0.003	0	0.001	0	0	0	0	0	0.001	0.001	0	0	0.001	0	0	0	0	0	0	0	0	0	0	0	0	0	0	0	0	0	0	0	0	0	0	0	0	0	0	0	0	0	0	0	0	0	0	0	0	0	0	0	0	0	0	0	0	0	0	0	0	0	
1	1	1	1	1	1	1	1	1	1	1	1	1	1	1	1	1	1	1	1	1	1	1	1	1	1	1	1	1	1	1	1	1	1	1	1	1	1	1	1	1	1	1	1	1	1	0.999	1	0.998	0.999	0.997	0.996	0.997	0.994	0.995	0.996	0.996	0.989	0.995	0.985	0.981	0.983	0.986	0.971	0.977	0.974	0.968	0.957	0.958	0.955	0.95	0.933	0.932	0.917	0.937	0.92	0.924	0.928	0.905	0.915	0.879	0.894	0.852	0.891	0.861	0.859	0.861	0.833	0.854	0.841	0.828	0.816	0.803	0.832	0.805	0.784	0.811	0.795	0.777	0.792	
1	1	1	1	1	1	1	1	1	1	1	1	1	1	1	1	1	1	1	1	1	1	1	1	1	1	1	1	1	1	0.999	0.996	0.996	0.995	0.98	0.972	0.954	0.922	0.889	0.831	0.786	0.731	0.64	0.597	0.525	0.461	0.389	0.332	0.272	0.227	0.157	0.121	0.118	0.069	0.076	0.05	0.032	0.021	0.032	0.024	0.007	0.017	0.01	0.005	0.004	0.003	0.004	0.003	0.003	0.002	0.004	0.001	0.003	0	0.002	0.001	0.002	0.004	0	0.001	0.001	0	0	0.001	0.001	0.001	0.001	0	0	0	0	0	0	0.001	0	0	0	0	0	0	
1	1	1	1	1	1	1	1	1	1	1	1	1	1	1	1	1	1	1	1	1	1	1	1	1	1	1	1	1	1	1	1	0.999	1	1	0.999	0.997	0.999	0.998	0.999	0.995	0.991	0.988	0.979	0.974	0.96	0.933	0.898	0.867	0.791	0.738	0.696	0.635	0.521	0.449	0.404	0.305	0.266	0.207	0.178	0.145	0.115	0.075	0.067	0.049	0.041	0.035	0.028	0.02	0.01	0.012	0.008	0.006	0.006	0.006	0.005	0.005	0.002	0.003	0	0	0.004	0	0.002	0	0.003	0.001	0.001	0.001	0.002	0.003	0	0	0.001	0	0.001	0	0	0	0	
1	1	1	1	1	1	1	1	1	1	1	1	0.999	0.992	0.971	0.956	0.876	0.801	0.686	0.617	0.495	0.416	0.338	0.249	0.205	0.166	0.116	0.09	0.097	0.059	0.055	0.031	0.036	0.024	0.019	0.017	0.01	0.007	0.008	0.011	0.004	0.004	0.002	0.003	0.005	0.003	0.002	0.001	0.001	0.002	0.001	0	0	0.001	0	0	0.001	0.002	0.001	0	0.001	0.001	0.002	0.003	0	0	0.001	0	0	0	0	0	0	0	0	0	0	0	0	0.001	0	0	0	0	0	0	0	0	0	0	0	0	0	0	0	0	0	0.001	0	0	
1	1	1	1	1	1	1	1	1	1	1	1	1	1	1	1	1	1	1	1	1	1	1	1	1	1	1	1	1	1	1	1	1	1	1	1	1	1	1	1	1	0.998	1	1	1	0.999	1	0.997	1	0.998	0.995	0.998	0.994	0.99	0.993	0.987	0.985	0.988	0.979	0.981	0.967	0.971	0.955	0.954	0.952	0.957	0.932	0.917	0.908	0.905	0.917	0.885	0.883	0.871	0.862	0.836	0.844	0.813	0.83	0.808	0.765	0.772	0.759	0.761	0.741	0.749	0.716	0.7	0.684	0.698	0.644	0.661	0.663	0.667	0.646	0.646	0.625	0.615	0.591	0.614	
1	1	1	1	1	1	1	1	1	1	1	1	1	1	1	1	1	1	1	1	1	1	1	1	1	1	1	1	1	1	1	1	1	1	1	1	1	1	1	1	1	1	1	1	1	1	0.998	1	1	0.999	0.999	0.991	0.995	0.994	0.987	0.983	0.97	0.957	0.936	0.926	0.892	0.865	0.845	0.81	0.747	0.706	0.664	0.641	0.612	0.532	0.485	0.443	0.393	0.358	0.324	0.299	0.257	0.223	0.183	0.175	0.151	0.142	0.144	0.107	0.091	0.068	0.09	0.044	0.054	0.04	0.04	0.034	0.04	0.02	0.022	0.021	0.017	0.01	0.014	0.011	
1	1	1	1	1	1	1	1	1	1	1	1	1	1	1	1	1	1	1	1	1	1	1	0.999	0.999	0.997	0.995	0.963	0.941	0.894	0.811	0.713	0.598	0.463	0.365	0.241	0.177	0.106	0.076	0.038	0.034	0.015	0.004	0.004	0.003	0.001	0	0.001	0	0	0	0	0	0	0	0	0	0	0	0	0	0	0	0	0	0	0	0	0	0	0	0	0	0	0	0	0	0	0	0	0	0	0	0	0	0	0	0	0	0	0	0	0	0	0	0	0	0	0	0	
1	1	1	1	1	1	1	0.999	0.997	0.993	0.97	0.947	0.911	0.854	0.806	0.726	0.662	0.58	0.529	0.486	0.418	0.354	0.374	0.293	0.286	0.247	0.216	0.21	0.182	0.186	0.16	0.164	0.152	0.134	0.139	0.136	0.143	0.138	0.146	0.143	0.127	0.113	0.12	0.12	0.126	0.119	0.13	0.121	0.132	0.143	0.123	0.109	0.134	0.119	0.098	0.119	0.101	0.111	0.094	0.097	0.106	0.103	0.104	0.102	0.091	0.1	0.065	0.08	0.067	0.072	0.056	0.057	0.043	0.054	0.028	0.034	0.042	0.024	0.038	0.021	0.022	0.027	0.019	0.018	0.012	0.01	0.003	0.016	0.006	0.008	0.008	0.005	0.002	0.003	0.007	0.003	0.001	0	0	0.002	
1	1	1	1	1	1	1	1	1	1	1	1	1	1	1	1	1	1	0.999	0.997	0.965	0.897	0.785	0.616	0.441	0.275	0.146	0.083	0.028	0.017	0.008	0.005	0	0	0	0	0	0	0	0	0	0	0	0	0	0	0	0	0	0	0	0	0	0	0	0	0	0	0	0	0	0	0	0	0	0	0	0	0	0	0	0	0	0	0	0	0	0	0	0	0	0	0	0	0	0	0	0	0	0	0	0	0	0	0	0	0	0	0	0	
1	1	1	1	1	1	0.997	0.997	0.979	0.979	0.966	0.966	0.959	0.955	0.936	0.94	0.925	0.927	0.934	0.922	0.914	0.907	0.896	0.896	0.882	0.879	0.853	0.845	0.832	0.833	0.836	0.83	0.849	0.823	0.84	0.842	0.855	0.85	0.838	0.863	0.875	0.865	0.862	0.885	0.887	0.891	0.889	0.887	0.889	0.915	0.917	0.903	0.912	0.91	0.91	0.92	0.896	0.919	0.922	0.926	0.913	0.921	0.928	0.935	0.939	0.932	0.934	0.948	0.934	0.934	0.938	0.945	0.944	0.937	0.935	0.936	0.944	0.939	0.95	0.952	0.956	0.946	0.943	0.965	0.952	0.952	0.944	0.951	0.949	0.954	0.96	0.941	0.956	0.96	0.954	0.943	0.953	0.944	0.953	0.947	
1	1	1	1	1	1	1	1	1	1	1	0.999	1	0.998	0.993	0.991	0.983	0.975	0.957	0.954	0.943	0.927	0.9	0.908	0.884	0.89	0.867	0.839	0.843	0.826	0.84	0.843	0.799	0.826	0.844	0.812	0.837	0.817	0.827	0.816	0.832	0.833	0.832	0.83	0.845	0.851	0.856	0.856	0.847	0.833	0.86	0.864	0.869	0.868	0.878	0.867	0.872	0.878	0.884	0.876	0.878	0.89	0.886	0.903	0.867	0.88	0.871	0.876	0.866	0.886	0.871	0.865	0.851	0.873	0.869	0.833	0.824	0.843	0.845	0.851	0.815	0.824	0.827	0.799	0.772	0.796	0.79	0.777	0.778	0.76	0.767	0.775	0.769	0.764	0.77	0.76	0.724	0.765	0.709	0.707	
1	1	1	1	1	1	1	1	1	1	1	1	1	1	1	1	1	1	1	1	0.999	0.999	1	1	0.999	0.999	0.996	0.989	0.99	0.979	0.957	0.923	0.858	0.802	0.69	0.587	0.491	0.387	0.321	0.251	0.194	0.158	0.121	0.083	0.066	0.039	0.038	0.022	0.015	0.019	0.01	0.01	0.009	0.004	0.004	0.002	0.002	0.001	0.002	0	0.002	0.003	0.002	0.001	0	0	0	0.003	0.001	0.001	0.001	0	0.001	0.001	0.002	0.002	0	0.004	0.001	0.002	0.003	0.002	0.001	0.001	0.001	0.001	0.001	0.006	0	0	0.001	0.005	0.004	0.002	0.006	0.002	0.002	0.007	0.004	0	
1	1	1	1	1	1	1	1	1	1	1	0.999	0.999	0.985	0.966	0.925	0.833	0.701	0.546	0.421	0.26	0.158	0.091	0.054	0.037	0.009	0.011	0.001	0.002	0	0.002	0	0	0	0	0	0	0	0	0	0	0	0	0	0	0	0	0	0	0	0	0	0	0	0	0	0	0	0	0	0	0	0	0	0	0	0	0	0	0	0	0	0	0	0	0	0	0	0	0	0	0	0	0	0	0	0	0	0	0	0	0	0	0	0	0	0	0	0	0	
1	1	1	1	1	1	1	1	1	1	1	0.997	0.985	0.948	0.869	0.768	0.553	0.408	0.263	0.16	0.081	0.045	0.017	0.014	0.005	0.002	0	0.002	0	0	0	0	0	0	0	0	0	0	0	0	0	0	0	0	0	0	0	0	0	0	0	0	0	0	0	0	0	0	0	0	0	0	0	0	0	0	0	0	0	0	0	0	0	0	0	0	0	0	0	0	0	0	0	0	0	0	0	0	0	0	0	0	0	0	0	0	0	0	0	0	
0.984	0.908	0.884	0.875	0.812	0.806	0.785	0.798	0.759	0.746	0.699	0.734	0.655	0.666	0.643	0.602	0.623	0.582	0.564	0.56	0.524	0.5	0.482	0.476	0.447	0.436	0.408	0.379	0.403	0.358	0.328	0.324	0.327	0.273	0.266	0.267	0.226	0.228	0.213	0.19	0.164	0.151	0.145	0.167	0.126	0.114	0.111	0.096	0.082	0.066	0.066	0.05	0.056	0.042	0.048	0.031	0.03	0.032	0.016	0.017	0.015	0.019	0.021	0.011	0.013	0.008	0.007	0.003	0.006	0.004	0.002	0	0.003	0.001	0.002	0.001	0.001	0.001	0.001	0	0.001	0.001	0	0	0	0	0	0.001	0	0	0	0	0	0.001	0	0	0	0	0	0	
1	1	1	1	1	1	1	1	1	1	1	1	1	1	1	1	1	0.997	0.999	0.993	0.978	0.947	0.91	0.84	0.778	0.677	0.58	0.502	0.401	0.278	0.22	0.177	0.128	0.074	0.07	0.045	0.023	0.013	0.015	0.01	0.001	0.002	0.002	0.002	0.002	0	0	0	0	0.001	0	0	0	0	0	0	0	0	0	0	0	0	0	0	0	0	0	0	0	0	0	0	0	0	0	0	0	0	0	0	0	0	0	0	0	0	0	0	0	0	0	0	0	0	0	0	0	0	0	0	
