1	1	1	1	1	1	1	1	1	1	1	1	1	1	1	1	1	1	1	1	1	1	1	1	1	1	1	1	1	1	1	0.999	0.996	0.995	0.986	0.959	0.95	0.923	0.903	0.886	0.83	0.802	0.746	0.695	0.641	0.607	0.564	0.521	0.478	0.437	0.425	0.384	0.374	0.304	0.313	0.263	0.256	0.225	0.211	0.175	0.164	0.141	0.128	0.124	0.102	0.077	0.069	0.059	0.049	0.036	0.031	0.018	0.016	0.012	0.008	0.003	0.002	0.005	0.003	0.001	0.001	0.001	0	0	0	0	0	0	0	0	0	0	0	0	0	0	0	0	0	0	
1	1	1	1	1	1	1	1	0.997	0.989	0.967	0.912	0.806	0.719	0.593	0.45	0.346	0.256	0.208	0.134	0.132	0.085	0.062	0.051	0.039	0.027	0.023	0.024	0.013	0.01	0.01	0.009	0.004	0.004	0.001	0.001	0	0.001	0.004	0.002	0.001	0	0	0	0.001	0	0	0	0	0	0	0	0	0	0	0	0	0	0	0	0	0	0	0	0	0	0	0	0	0	0	0	0	0	0	0	0	0	0	0	0	0	0	0	0	0	0	0	0	0	0	0	0	0	0	0	0	0	0	0	
1	1	1	1	1	1	1	1	1	1	1	1	1	1	1	1	1	1	1	1	1	1	1	0.994	0.984	0.971	0.93	0.879	0.792	0.717	0.662	0.526	0.436	0.381	0.279	0.221	0.196	0.138	0.107	0.081	0.068	0.047	0.035	0.023	0.019	0.014	0.006	0.011	0.007	0.007	0.005	0.001	0.002	0.006	0.001	0.002	0.002	0	0.001	0	0.001	0	0	0	0	0	0	0	0	0	0	0	0	0	0	0	0	0	0	0	0	0	0	0	0	0	0	0	0	0	0	0	0	0	0	0	0	0	0	0	
1	1	1	1	1	1	1	1	1	1	1	1	1	1	1	1	1	1	1	1	1	0.999	0.995	0.996	0.997	0.995	0.997	0.996	0.987	0.991	0.989	0.974	0.98	0.968	0.97	0.95	0.944	0.938	0.924	0.88	0.839	0.844	0.785	0.747	0.704	0.606	0.585	0.494	0.439	0.38	0.361	0.29	0.233	0.211	0.157	0.13	0.089	0.073	0.058	0.044	0.022	0.013	0.013	0.011	0.007	0.004	0.003	0	0.001	0.003	0	0	0	0.001	0.001	0	0	0	0	0	0	0	0	0	0	0	0	0	0	0	0	0	0	0	0	0	0	0	0	0	
1	1	1	1	1	1	1	1	1	1	1	1	1	1	1	1	1	1	1	1	1	1	1	1	1	1	1	1	1	1	1	1	1	1	1	1	1	1	0.999	1	1	1	1	1	0.999	1	1	0.999	1	1	0.999	0.999	1	0.998	0.996	0.996	0.997	0.995	0.99	0.983	0.992	0.985	0.982	0.982	0.965	0.969	0.975	0.971	0.949	0.939	0.936	0.932	0.923	0.913	0.929	0.882	0.889	0.873	0.846	0.856	0.854	0.817	0.806	0.774	0.74	0.717	0.702	0.663	0.639	0.592	0.581	0.533	0.5	0.453	0.428	0.382	0.326	0.292	0.279	0.219	
1	1	1	1	1	1	1	1	1	1	1	1	1	1	1	1	1	1	1	1	1	1	1	1	1	1	1	1	1	1	1	1	1	1	1	1	1	1	1	1	0.999	1	1	1	0.999	1	0.996	0.994	0.99	0.989	0.984	0.974	0.962	0.951	0.942	0.927	0.926	0.896	0.862	0.856	0.811	0.806	0.77	0.736	0.744	0.723	0.657	0.667	0.606	0.573	0.599	0.551	0.525	0.499	0.488	0.445	0.464	0.475	0.442	0.391	0.414	0.411	0.372	0.384	0.384	0.375	0.379	0.407	0.352	0.393	0.347	0.387	0.377	0.375	0.378	0.377	0.358	0.393	0.391	0.401	
1	1	1	1	1	1	1	1	1	1	1	1	1	1	1	1	1	1	1	1	1	1	1	1	1	1	1	1	1	1	1	1	1	1	1	1	1	1	1	1	1	1	1	0.998	1	1	1	1	1	0.999	0.999	0.998	0.998	0.997	0.999	0.998	0.998	0.999	0.999	0.998	0.999	1	0.996	0.993	0.996	0.993	0.99	0.994	0.997	0.993	0.993	0.986	0.988	0.992	0.99	0.99	0.988	0.981	0.98	0.984	0.976	0.977	0.969	0.966	0.955	0.958	0.951	0.928	0.934	0.921	0.903	0.891	0.876	0.872	0.849	0.843	0.818	0.762	0.741	0.745	
1	1	1	1	1	1	1	1	1	1	1	1	1	1	1	1	1	0.999	1	0.991	0.98	0.981	0.957	0.95	0.896	0.844	0.794	0.746	0.717	0.638	0.559	0.552	0.466	0.43	0.339	0.298	0.241	0.192	0.193	0.167	0.137	0.14	0.125	0.092	0.079	0.081	0.069	0.065	0.065	0.056	0.046	0.045	0.047	0.038	0.047	0.042	0.045	0.04	0.059	0.054	0.044	0.05	0.05	0.042	0.053	0.061	0.064	0.062	0.074	0.068	0.058	0.075	0.079	0.073	0.071	0.074	0.082	0.086	0.09	0.096	0.097	0.101	0.078	0.066	0.083	0.068	0.063	0.064	0.033	0.036	0.031	0.027	0.018	0.007	0.013	0.008	0.003	0.003	0.003	0.002	
1	1	1	1	1	1	1	1	1	1	1	1	1	1	0.996	0.998	0.998	0.992	0.992	0.994	0.983	0.985	0.978	0.972	0.963	0.961	0.958	0.962	0.948	0.938	0.936	0.922	0.9	0.907	0.897	0.87	0.852	0.835	0.834	0.817	0.824	0.814	0.825	0.82	0.816	0.852	0.84	0.855	0.839	0.871	0.889	0.887	0.904	0.932	0.946	0.937	0.957	0.97	0.972	0.985	0.985	0.989	0.993	0.995	0.995	0.998	0.997	0.999	0.998	1	1	0.999	1	1	1	1	1	1	1	1	1	1	1	1	1	1	1	1	1	1	1	1	1	1	1	1	1	1	1	1	
1	1	1	1	1	1	1	1	1	1	1	1	1	1	1	1	1	1	1	1	1	1	1	1	0.999	0.995	0.991	0.976	0.958	0.929	0.901	0.871	0.826	0.764	0.748	0.685	0.626	0.576	0.579	0.518	0.465	0.445	0.43	0.382	0.354	0.334	0.258	0.242	0.243	0.221	0.212	0.179	0.131	0.143	0.119	0.123	0.092	0.1	0.088	0.074	0.048	0.047	0.039	0.035	0.034	0.034	0.027	0.015	0.016	0.016	0.01	0.006	0.009	0.004	0.003	0.001	0.008	0.005	0.001	0.001	0	0	0	0	0	0	0	0	0	0	0	0	0	0	0	0	0	0	0	0	
1	1	1	1	1	1	1	1	1	1	1	1	1	1	1	1	1	1	1	1	1	1	1	1	1	1	1	1	1	1	1	1	1	1	1	1	1	1	1	1	1	1	1	1	0.999	0.999	0.999	0.999	0.994	0.987	0.979	0.976	0.945	0.929	0.912	0.848	0.826	0.749	0.671	0.643	0.566	0.484	0.423	0.349	0.274	0.218	0.19	0.149	0.105	0.084	0.068	0.046	0.032	0.024	0.011	0.006	0.01	0.004	0.003	0.002	0.001	0.002	0.001	0	0	0	0	0	0	0	0	0	0	0	0	0	0	0	0	0	
1	1	1	1	0.996	0.957	0.866	0.728	0.64	0.503	0.378	0.287	0.201	0.13	0.116	0.065	0.058	0.025	0.007	0.006	0.004	0.002	0.001	0.001	0	0	0	0	0	0	0	0	0	0	0	0	0	0	0	0	0	0	0	0	0	0	0	0	0	0	0	0	0	0	0	0	0	0	0	0	0	0	0	0	0	0	0	0	0	0	0	0	0	0	0	0	0	0	0	0	0	0	0	0	0	0	0	0	0	0	0	0	0	0	0	0	0	0	0	0	
1	1	1	1	1	1	1	1	1	1	1	1	1	1	1	1	1	1	1	1	1	1	1	1	1	1	1	1	1	1	1	1	1	1	0.996	0.998	0.993	0.992	0.983	0.971	0.942	0.916	0.882	0.806	0.771	0.704	0.613	0.513	0.476	0.377	0.305	0.28	0.234	0.16	0.136	0.104	0.068	0.062	0.041	0.039	0.027	0.021	0.017	0.007	0.002	0.005	0.004	0.001	0.001	0	0.002	0	0	0	0	0	0	0	0	0	0	0	0	0	0	0	0	0	0	0	0	0	0	0	0	0	0	0	0	0	
1	1	1	1	1	1	1	1	1	1	1	1	1	1	1	1	1	1	1	1	1	1	1	1	1	1	1	1	1	1	1	0.998	0.997	0.999	0.991	0.992	0.981	0.971	0.963	0.928	0.891	0.872	0.797	0.759	0.702	0.613	0.519	0.464	0.409	0.306	0.272	0.215	0.174	0.11	0.098	0.076	0.047	0.043	0.023	0.012	0.009	0.01	0.003	0.002	0.003	0.002	0.001	0.002	0.001	0	0	0	0	0	0	0	0	0	0	0	0	0	0	0	0	0	0	0	0	0	0	0	0	0	0	0	0	0	0	0	
1	1	1	1	1	1	1	1	1	1	1	1	1	0.999	1	0.998	0.998	0.998	0.995	0.992	0.98	0.982	0.962	0.937	0.895	0.885	0.817	0.771	0.71	0.672	0.631	0.558	0.508	0.463	0.423	0.362	0.31	0.303	0.309	0.211	0.205	0.21	0.168	0.137	0.139	0.15	0.117	0.092	0.093	0.078	0.09	0.053	0.074	0.044	0.055	0.045	0.024	0.034	0.033	0.021	0.022	0.019	0.012	0.018	0.004	0.007	0.011	0.01	0.002	0.003	0	0	0.002	0.002	0.001	0	0	0	0	0	0	0	0	0	0	0	0	0	0	0	0	0	0	0	0	0	0	0	0	0	
1	1	1	1	1	1	1	1	1	0.999	0.994	0.989	0.982	0.97	0.935	0.915	0.884	0.857	0.77	0.716	0.679	0.606	0.573	0.518	0.43	0.378	0.313	0.255	0.193	0.172	0.127	0.117	0.069	0.06	0.043	0.041	0.026	0.021	0.021	0.012	0.006	0.004	0.003	0.006	0.003	0.003	0.002	0.001	0.002	0.003	0	0	0	0	0	0	0	0	0	0	0	0.001	0	0	0	0	0	0	0	0	0	0	0	0	0	0	0	0	0	0	0	0	0	0	0	0	0	0	0	0	0	0	0	0	0	0	0	0	0	0	
1	1	1	1	1	1	1	1	1	1	1	1	1	1	1	1	1	1	0.999	0.998	0.996	0.979	0.965	0.938	0.911	0.865	0.808	0.757	0.677	0.621	0.55	0.435	0.358	0.291	0.219	0.158	0.128	0.067	0.048	0.028	0.019	0.011	0.002	0	0.001	0	0.002	0	0.001	0	0	0	0	0	0	0	0	0	0	0	0	0	0	0	0	0	0	0	0	0	0	0	0	0	0	0	0	0	0	0	0	0	0	0	0	0	0	0	0	0	0	0	0	0	0	0	0	0	0	0	
1	1	1	1	1	1	1	1	1	1	1	1	1	1	1	1	1	1	1	1	1	1	1	1	1	1	1	1	1	1	1	1	1	1	1	0.999	0.995	0.997	0.994	0.984	0.987	0.975	0.957	0.948	0.941	0.906	0.865	0.841	0.836	0.772	0.75	0.734	0.643	0.609	0.551	0.503	0.448	0.379	0.314	0.244	0.204	0.162	0.128	0.085	0.055	0.037	0.033	0.013	0.009	0.003	0.002	0.001	0.001	0.001	0	0.001	0	0	0	0	0	0	0	0	0	0	0	0	0	0	0	0	0	0	0	0	0	0	0	0	
1	1	1	1	1	1	1	1	1	1	1	1	1	1	1	1	1	1	1	1	1	1	1	1	1	1	1	1	1	1	1	1	1	1	1	1	1	1	1	1	1	1	1	1	1	1	1	1	1	1	1	1	1	1	1	1	1	1	1	1	1	1	1	1	1	1	1	1	1	1	1	1	1	1	1	1	0.999	1	1	0.999	1	0.999	1	1	0.999	1	0.999	0.999	1	0.999	0.996	0.996	0.993	0.992	0.991	0.988	0.984	0.975	0.978	0.956	
1	1	1	1	1	1	1	1	1	1	1	1	1	1	1	1	1	0.993	0.991	0.978	0.952	0.928	0.871	0.822	0.77	0.66	0.575	0.52	0.475	0.41	0.343	0.301	0.271	0.231	0.194	0.182	0.135	0.126	0.09	0.091	0.088	0.076	0.065	0.062	0.067	0.05	0.045	0.032	0.036	0.033	0.037	0.034	0.026	0.022	0.02	0.025	0.023	0.016	0.015	0.021	0.014	0.011	0.016	0.015	0.021	0.016	0.013	0.016	0.015	0.013	0.008	0.016	0.015	0.008	0.01	0.019	0.01	0.016	0.013	0.01	0.017	0.016	0.013	0.011	0.012	0.013	0.007	0.008	0.013	0.015	0.011	0.007	0.013	0.011	0.022	0.017	0.012	0.01	0.018	0.014	
1	1	1	1	1	1	1	1	1	1	1	1	1	1	1	1	1	1	1	1	1	1	1	1	1	1	1	1	1	1	1	1	1	1	1	1	1	1	1	1	1	1	1	1	1	1	1	0.998	0.998	0.994	0.995	0.984	0.978	0.963	0.966	0.938	0.913	0.871	0.829	0.811	0.732	0.691	0.619	0.549	0.486	0.445	0.406	0.32	0.256	0.244	0.171	0.141	0.109	0.079	0.064	0.055	0.032	0.027	0.024	0.013	0.007	0.01	0.008	0	0.003	0	0.003	0.001	0	0	0	0.001	0	0	0	0	0	0	0	0	
1	1	1	1	1	1	1	1	1	1	1	1	1	1	1	1	1	1	1	1	1	1	1	1	1	0.999	1	0.997	0.998	0.998	0.998	0.999	0.996	0.992	0.996	0.989	0.988	0.987	0.989	0.989	0.99	0.993	0.989	0.978	0.99	0.985	0.984	0.968	0.979	0.972	0.968	0.954	0.958	0.956	0.932	0.926	0.905	0.904	0.878	0.876	0.85	0.832	0.803	0.784	0.791	0.746	0.729	0.694	0.688	0.665	0.632	0.622	0.586	0.577	0.548	0.54	0.498	0.498	0.428	0.417	0.391	0.392	0.397	0.382	0.32	0.324	0.294	0.276	0.281	0.281	0.246	0.258	0.239	0.234	0.198	0.199	0.218	0.176	0.18	0.173	
1	1	1	1	1	1	1	1	1	1	1	1	1	1	0.999	0.997	0.981	0.961	0.935	0.88	0.813	0.784	0.695	0.619	0.562	0.475	0.368	0.381	0.294	0.266	0.22	0.209	0.185	0.146	0.126	0.115	0.082	0.089	0.094	0.094	0.088	0.082	0.086	0.074	0.06	0.063	0.069	0.057	0.068	0.09	0.059	0.087	0.069	0.075	0.065	0.064	0.068	0.084	0.063	0.073	0.057	0.076	0.056	0.06	0.052	0.052	0.051	0.055	0.04	0.038	0.031	0.019	0.017	0.016	0.017	0.011	0.012	0.006	0.007	0.004	0	0.002	0.001	0.003	0.002	0	0	0	0	0	0	0	0	0	0	0	0	0	0	0	
1	1	1	1	1	1	1	1	1	1	1	1	1	1	1	1	1	1	1	1	0.999	0.993	0.989	0.983	0.949	0.891	0.857	0.775	0.688	0.616	0.558	0.441	0.385	0.311	0.238	0.171	0.141	0.104	0.091	0.069	0.04	0.046	0.026	0.018	0.02	0.01	0.008	0.004	0.006	0.005	0.002	0.002	0.003	0	0	0.001	0	0	0.002	0	0	0.002	0	0	0	0	0	0	0	0	0	0	0	0	0	0	0	0	0	0	0	0	0	0	0	0	0	0	0	0	0	0	0	0	0	0	0	0	0	0	
1	1	1	1	1	1	1	1	1	1	1	1	1	0.999	0.999	0.999	0.998	0.996	0.994	0.985	0.987	0.986	0.979	0.973	0.971	0.939	0.952	0.941	0.915	0.916	0.909	0.883	0.879	0.867	0.829	0.81	0.773	0.735	0.707	0.627	0.619	0.547	0.484	0.431	0.377	0.328	0.251	0.22	0.191	0.119	0.094	0.08	0.045	0.032	0.027	0.017	0.005	0.009	0.006	0.002	0.004	0.003	0.001	0.001	0	0	0	0	0	0	0	0	0	0	0	0	0	0	0	0	0	0	0	0	0	0	0	0	0	0	0	0	0	0	0	0	0	0	0	0	
1	1	1	1	1	1	1	1	1	1	1	1	1	1	1	1	1	1	1	1	1	1	1	1	1	1	1	1	1	1	1	1	1	1	1	1	1	1	1	1	1	1	1	1	1	1	1	1	1	1	1	1	1	1	1	1	1	1	1	1	1	1	1	1	1	1	1	1	0.999	1	1	1	1	1	0.999	1	1	0.999	0.999	0.999	0.996	0.995	0.998	0.993	0.991	0.99	0.994	0.98	0.989	0.987	0.977	0.978	0.965	0.962	0.95	0.946	0.934	0.937	0.933	0.933	
1	1	1	1	1	1	1	1	1	1	1	1	1	1	1	1	1	1	1	1	1	1	1	1	1	1	1	1	1	1	1	1	1	1	1	1	1	1	1	1	1	1	1	1	1	1	1	1	0.999	0.999	1	0.999	0.999	0.998	0.999	0.998	0.999	1	0.999	0.999	0.995	0.995	0.997	0.996	0.992	0.996	0.992	0.994	0.992	0.985	0.991	0.984	0.986	0.979	0.972	0.975	0.969	0.964	0.95	0.954	0.942	0.923	0.911	0.919	0.875	0.863	0.871	0.848	0.824	0.836	0.774	0.751	0.748	0.719	0.668	0.668	0.641	0.586	0.578	0.492	
1	1	1	1	1	1	1	1	1	1	1	1	1	1	1	1	1	1	0.998	0.989	0.977	0.942	0.874	0.775	0.679	0.573	0.495	0.338	0.268	0.191	0.149	0.099	0.055	0.045	0.031	0.022	0.015	0.015	0.008	0	0.005	0.002	0.003	0.003	0.002	0	0	0	0	0	0	0	0.001	0	0	0	0	0	0	0	0	0	0	0	0	0	0	0	0	0	0	0	0	0	0	0	0	0	0	0	0	0	0	0	0	0	0	0	0	0	0	0	0	0	0	0	0	0	0	0	
1	1	1	1	1	1	1	1	1	1	1	1	1	1	1	1	1	1	1	1	1	1	1	1	1	1	1	0.999	0.999	0.993	0.989	0.976	0.982	0.958	0.908	0.879	0.804	0.718	0.664	0.579	0.484	0.409	0.339	0.244	0.197	0.15	0.1	0.094	0.069	0.051	0.029	0.032	0.022	0.013	0.009	0.011	0.005	0.004	0.002	0.003	0.002	0.001	0.002	0.001	0	0	0	0	0	0	0.001	0	0	0	0	0	0	0	0	0	0	0	0	0	0	0	0	0	0	0	0	0	0	0	0	0	0	0	0	0	
1	1	1	1	1	1	1	1	1	1	1	1	1	1	1	1	1	1	1	1	1	1	1	1	1	1	1	1	1	1	1	0.998	0.999	0.996	0.996	0.997	0.981	0.98	0.952	0.948	0.931	0.889	0.883	0.834	0.821	0.758	0.732	0.677	0.677	0.609	0.583	0.556	0.522	0.493	0.437	0.433	0.424	0.384	0.326	0.348	0.335	0.283	0.286	0.26	0.251	0.25	0.222	0.217	0.201	0.18	0.169	0.161	0.128	0.115	0.098	0.117	0.107	0.083	0.083	0.069	0.066	0.049	0.041	0.026	0.026	0.026	0.024	0.014	0.013	0.01	0.01	0.007	0.005	0.001	0.001	0.003	0.001	0	0	0.001	
1	1	1	1	1	1	1	1	1	1	1	1	1	1	1	1	1	1	1	1	1	1	1	1	1	1	1	1	1	1	1	1	1	1	1	1	1	1	1	1	1	0.999	1	0.999	0.999	0.996	0.998	1	0.994	0.997	0.994	0.986	0.99	0.988	0.989	0.988	0.987	0.981	0.975	0.969	0.973	0.973	0.969	0.972	0.958	0.966	0.951	0.969	0.967	0.973	0.965	0.936	0.965	0.952	0.968	0.972	0.951	0.968	0.967	0.975	0.982	0.976	0.976	0.965	0.984	0.978	0.979	0.978	0.979	0.983	0.989	0.988	0.986	0.987	0.989	0.991	0.997	0.996	0.997	0.996	
1	1	1	1	1	1	1	1	1	1	1	1	1	1	1	1	1	1	1	1	1	1	1	1	1	1	1	1	1	1	1	1	1	1	1	1	1	1	1	1	1	1	1	1	1	1	1	0.999	1	0.999	0.998	0.995	0.987	0.985	0.975	0.957	0.942	0.916	0.868	0.821	0.78	0.744	0.63	0.563	0.508	0.416	0.348	0.304	0.233	0.199	0.153	0.125	0.079	0.052	0.035	0.026	0.009	0.015	0.003	0.012	0.001	0.001	0	0.002	0	0	0	0	0	0	0	0	0	0	0	0	0	0	0	0	
1	1	1	1	1	1	1	1	1	1	1	1	1	1	1	1	1	1	1	1	1	1	1	1	1	0.995	0.981	0.958	0.931	0.866	0.765	0.667	0.589	0.451	0.38	0.275	0.18	0.146	0.118	0.073	0.045	0.032	0.018	0.012	0.007	0.009	0.003	0.005	0.002	0	0	0	0	0	0	0	0	0	0	0	0	0	0	0	0	0	0	0	0	0	0	0	0	0	0	0	0	0	0	0	0	0	0	0	0	0	0	0	0	0	0	0	0	0	0	0	0	0	0	0	
1	1	1	1	1	0.998	0.993	0.983	0.967	0.946	0.922	0.904	0.88	0.855	0.836	0.793	0.755	0.755	0.716	0.683	0.661	0.643	0.624	0.564	0.583	0.557	0.588	0.521	0.503	0.474	0.441	0.429	0.415	0.398	0.367	0.382	0.325	0.324	0.335	0.299	0.298	0.278	0.26	0.223	0.223	0.207	0.212	0.195	0.187	0.156	0.161	0.137	0.142	0.133	0.119	0.12	0.103	0.09	0.102	0.076	0.067	0.054	0.046	0.047	0.034	0.03	0.03	0.014	0.015	0.011	0.009	0	0.001	0.002	0	0	0.001	0	0	0.001	0	0	0	0	0	0	0	0	0	0	0	0	0	0	0	0	0	0	0	0	
1	1	1	1	1	1	1	1	1	1	1	1	1	1	1	1	1	1	1	1	1	1	1	1	1	1	1	1	1	1	1	1	1	1	1	1	1	1	1	1	1	1	1	1	1	1	1	1	1	1	1	0.999	1	1	1	0.999	1	1	1	1	1	1	1	1	0.999	0.998	0.997	0.998	1	0.998	0.993	1	0.997	0.996	0.992	0.996	0.994	0.986	0.991	0.986	0.985	0.982	0.979	0.971	0.97	0.956	0.944	0.944	0.938	0.927	0.926	0.913	0.899	0.87	0.864	0.858	0.822	0.825	0.798	0.771	
1	1	1	1	1	1	1	1	1	1	1	1	1	1	1	1	1	1	1	1	1	1	1	1	1	1	1	1	1	1	1	1	1	1	1	1	1	1	1	1	1	1	1	1	1	1	1	1	1	1	1	1	1	1	1	1	1	0.999	1	1	1	1	1	1	1	0.999	1	1	0.999	0.997	0.997	0.995	0.989	0.987	0.983	0.98	0.982	0.963	0.964	0.938	0.924	0.917	0.879	0.872	0.811	0.796	0.776	0.752	0.687	0.621	0.613	0.563	0.509	0.498	0.443	0.372	0.35	0.315	0.24	0.231	
1	1	1	1	1	1	1	1	1	1	1	1	1	1	1	1	1	1	1	1	1	1	1	1	1	1	1	1	1	1	1	1	1	1	1	1	1	1	1	1	1	1	1	1	1	1	1	1	1	1	1	1	1	1	0.999	1	1	0.998	1	1	0.998	0.998	0.998	1	0.998	0.995	0.998	0.998	0.998	0.994	0.994	0.987	0.988	0.982	0.975	0.979	0.958	0.947	0.943	0.944	0.9	0.904	0.864	0.851	0.807	0.799	0.724	0.717	0.662	0.654	0.592	0.552	0.502	0.455	0.405	0.388	0.326	0.294	0.269	0.229	
1	1	1	1	1	1	1	1	1	1	1	1	1	1	1	1	1	1	1	1	1	1	1	1	1	1	1	1	1	1	1	1	1	1	1	1	1	1	1	1	0.999	0.999	1	0.998	0.989	0.984	0.974	0.948	0.928	0.886	0.817	0.729	0.695	0.575	0.503	0.457	0.343	0.279	0.225	0.174	0.14	0.127	0.077	0.056	0.036	0.03	0.016	0.01	0.005	0.005	0.003	0.005	0.003	0.002	0.001	0	0	0	0	0	0	0	0	0	0	0	0	0	0	0	0	0	0	0	0	0	0	0	0	0	
1	1	1	1	1	1	1	1	1	1	1	1	1	1	0.998	0.992	0.975	0.96	0.939	0.919	0.853	0.839	0.791	0.744	0.707	0.687	0.642	0.628	0.577	0.56	0.547	0.511	0.503	0.47	0.483	0.478	0.462	0.432	0.419	0.411	0.403	0.405	0.421	0.397	0.423	0.425	0.414	0.396	0.404	0.43	0.409	0.422	0.409	0.405	0.435	0.415	0.425	0.44	0.404	0.433	0.407	0.434	0.446	0.454	0.45	0.465	0.406	0.447	0.448	0.415	0.416	0.431	0.413	0.437	0.408	0.448	0.408	0.432	0.411	0.415	0.405	0.384	0.35	0.398	0.358	0.331	0.338	0.316	0.322	0.326	0.318	0.274	0.27	0.245	0.24	0.224	0.2	0.187	0.175	0.156	
1	1	1	1	1	1	1	1	1	1	1	1	1	1	1	1	0.997	0.997	0.993	0.991	0.982	0.961	0.953	0.92	0.882	0.827	0.789	0.708	0.63	0.601	0.524	0.432	0.36	0.322	0.265	0.201	0.155	0.135	0.121	0.108	0.063	0.049	0.04	0.04	0.023	0.026	0.024	0.021	0.014	0.008	0.011	0.003	0.003	0.005	0.005	0.004	0.004	0.001	0	0.001	0.001	0.002	0.003	0.001	0	0	0	0	0.001	0	0	0	0	0	0	0	0	0	0	0	0	0	0	0	0	0	0	0	0	0	0	0	0	0	0	0	0	0	0	0	
1	1	1	1	1	1	1	1	1	1	1	1	1	1	1	1	1	1	1	1	1	1	1	1	1	1	1	0.999	0.999	0.997	0.991	0.981	0.977	0.967	0.947	0.937	0.885	0.861	0.772	0.731	0.669	0.639	0.556	0.477	0.414	0.37	0.283	0.232	0.18	0.167	0.128	0.091	0.077	0.049	0.051	0.026	0.019	0.018	0.01	0.009	0.004	0.009	0.002	0	0.001	0.002	0.001	0	0	0	0	0	0	0	0	0	0	0	0	0	0	0	0	0	0	0	0	0	0	0	0	0	0	0	0	0	0	0	0	0	
1	1	1	1	1	1	1	1	1	1	1	1	1	1	1	1	1	1	1	1	1	1	1	0.999	1	0.999	1	1	1	1	1	1	1	1	0.999	0.999	1	0.999	0.999	0.997	0.999	0.999	1	0.998	0.998	0.999	0.998	0.997	1	0.998	0.997	0.998	0.994	0.994	0.994	0.991	0.992	0.992	0.991	0.992	0.992	0.988	0.984	0.984	0.986	0.984	0.976	0.981	0.983	0.973	0.959	0.977	0.969	0.969	0.957	0.961	0.957	0.953	0.963	0.944	0.96	0.942	0.935	0.952	0.936	0.936	0.934	0.931	0.922	0.924	0.918	0.926	0.899	0.913	0.915	0.905	0.895	0.874	0.906	0.867	
1	1	1	1	1	1	1	1	1	1	1	1	1	1	1	1	1	1	1	1	1	1	0.997	0.997	0.987	0.981	0.959	0.933	0.879	0.809	0.747	0.658	0.549	0.5	0.449	0.32	0.286	0.204	0.208	0.146	0.109	0.078	0.071	0.054	0.034	0.048	0.024	0.013	0.019	0.017	0.004	0.007	0.007	0.009	0.003	0.001	0.001	0.004	0.001	0.004	0.002	0.001	0	0	0.004	0	0	0.001	0	0	0	0	0.001	0.001	0	0	0	0	0	0	0	0	0	0	0	0	0	0	0	0	0	0	0	0	0	0	0	0	0	0	
1	1	1	1	1	1	1	1	1	1	1	1	1	1	0.999	0.998	0.993	0.99	0.962	0.938	0.884	0.788	0.735	0.658	0.587	0.501	0.445	0.336	0.256	0.23	0.219	0.17	0.134	0.122	0.115	0.091	0.051	0.079	0.056	0.05	0.027	0.041	0.03	0.024	0.019	0.023	0.016	0.013	0.008	0.014	0.012	0.01	0.005	0.009	0.008	0.006	0.003	0.003	0.005	0.003	0.002	0	0	0.003	0.001	0.002	0.002	0	0	0	0	0	0	0	0	0	0	0	0	0	0	0	0	0	0	0	0	0	0	0	0	0	0	0	0	0	0	0	0	0	
1	1	1	1	1	1	1	1	1	1	1	0.999	0.996	0.985	0.978	0.949	0.917	0.855	0.808	0.731	0.669	0.61	0.539	0.447	0.382	0.349	0.346	0.295	0.252	0.22	0.229	0.199	0.154	0.146	0.135	0.147	0.119	0.105	0.112	0.095	0.096	0.085	0.088	0.079	0.103	0.078	0.083	0.082	0.077	0.067	0.07	0.073	0.064	0.058	0.069	0.059	0.061	0.068	0.073	0.053	0.064	0.055	0.055	0.051	0.047	0.058	0.047	0.056	0.054	0.047	0.043	0.045	0.043	0.043	0.047	0.028	0.024	0.033	0.03	0.028	0.015	0.02	0.015	0.014	0.018	0.018	0.008	0.005	0.002	0.008	0.001	0.009	0.001	0.003	0.004	0.001	0.001	0.002	0.001	0.001	
1	1	1	1	1	1	1	1	1	1	1	1	1	1	1	1	1	1	1	1	1	1	1	1	1	1	1	1	1	0.999	1	1	0.999	0.996	0.992	0.988	0.975	0.977	0.956	0.938	0.939	0.906	0.891	0.862	0.838	0.776	0.718	0.731	0.681	0.656	0.594	0.559	0.498	0.465	0.44	0.413	0.315	0.291	0.254	0.195	0.15	0.131	0.082	0.072	0.047	0.04	0.032	0.015	0.01	0.002	0.007	0.002	0	0.002	0	0	0	0	0	0	0	0	0	0	0	0	0	0	0	0	0	0	0	0	0	0	0	0	0	0	
1	1	1	1	1	1	1	1	1	1	1	1	1	1	1	1	0.997	0.999	0.998	0.995	0.992	0.993	0.972	0.969	0.973	0.92	0.923	0.886	0.871	0.85	0.792	0.772	0.707	0.651	0.591	0.538	0.51	0.431	0.381	0.32	0.282	0.237	0.196	0.151	0.152	0.092	0.076	0.054	0.061	0.035	0.045	0.023	0.011	0.02	0.008	0.004	0.006	0.006	0.004	0	0.002	0	0	0	0	0	0	0	0	0	0	0	0	0	0	0	0	0	0	0	0	0	0	0	0	0	0	0	0	0	0	0	0	0	0	0	0	0	0	0	
1	0.999	0.995	0.954	0.859	0.79	0.69	0.629	0.562	0.52	0.469	0.435	0.409	0.392	0.353	0.333	0.314	0.279	0.256	0.252	0.259	0.246	0.212	0.181	0.207	0.166	0.174	0.165	0.185	0.169	0.137	0.164	0.154	0.123	0.139	0.121	0.117	0.109	0.105	0.11	0.101	0.095	0.095	0.083	0.079	0.078	0.063	0.064	0.057	0.052	0.039	0.042	0.046	0.036	0.037	0.014	0.022	0.016	0.012	0.016	0.013	0.008	0.004	0.006	0.006	0.001	0.005	0.002	0.003	0.001	0.001	0.001	0.001	0	0.001	0	0	0	0	0.001	0	0	0	0	0	0	0	0	0	0	0	0	0	0	0	0	0	0	0	0	
1	1	1	1	1	1	1	1	1	1	1	1	1	1	1	1	1	1	1	1	1	1	1	1	1	1	1	1	1	1	1	1	1	1	1	1	1	1	0.998	0.99	0.99	0.979	0.97	0.962	0.948	0.909	0.883	0.848	0.808	0.745	0.699	0.63	0.583	0.526	0.441	0.403	0.322	0.277	0.248	0.201	0.171	0.138	0.11	0.083	0.044	0.06	0.039	0.03	0.018	0.019	0.014	0.009	0.005	0.005	0.007	0.001	0.001	0.003	0	0.001	0	0.001	0	0	0	0	0	0	0	0	0	0	0	0	0	0	0	0	0	0	
1	1	1	1	1	1	1	1	1	1	1	1	1	1	1	1	1	1	1	1	1	1	1	1	1	1	1	1	1	1	1	1	1	1	1	1	1	1	1	1	1	1	1	1	1	1	1	1	1	1	1	0.998	0.999	0.997	0.998	1	0.999	0.997	0.996	0.999	0.999	0.995	0.997	0.997	0.992	0.994	0.996	0.991	0.99	0.993	0.988	0.992	0.983	0.982	0.976	0.983	0.988	0.977	0.982	0.979	0.959	0.978	0.969	0.964	0.98	0.967	0.96	0.957	0.966	0.96	0.952	0.961	0.943	0.958	0.95	0.959	0.954	0.953	0.955	0.936	
1	1	1	1	1	1	1	1	1	1	1	1	1	1	1	1	1	1	1	1	1	1	1	1	1	1	1	1	1	1	1	1	1	1	0.999	1	1	1	0.999	1	0.998	1	1	0.998	0.992	0.996	0.995	0.985	0.996	0.999	0.993	0.987	0.99	0.994	0.982	0.98	0.98	0.971	0.959	0.96	0.964	0.951	0.955	0.927	0.941	0.93	0.913	0.914	0.896	0.871	0.836	0.859	0.805	0.791	0.784	0.755	0.764	0.721	0.691	0.653	0.623	0.585	0.554	0.507	0.473	0.437	0.392	0.376	0.312	0.274	0.242	0.194	0.161	0.146	0.128	0.102	0.068	0.052	0.043	0.042	
1	1	1	1	1	1	1	1	1	1	1	1	1	1	1	1	1	1	0.999	0.998	0.998	0.997	0.99	0.993	0.983	0.968	0.96	0.947	0.915	0.893	0.886	0.837	0.814	0.781	0.77	0.755	0.741	0.702	0.7	0.714	0.665	0.668	0.647	0.64	0.627	0.621	0.62	0.659	0.642	0.664	0.636	0.639	0.615	0.641	0.67	0.659	0.669	0.688	0.683	0.706	0.694	0.736	0.748	0.733	0.748	0.727	0.779	0.783	0.784	0.776	0.816	0.795	0.82	0.828	0.8	0.836	0.837	0.841	0.847	0.868	0.84	0.859	0.865	0.883	0.869	0.867	0.885	0.887	0.877	0.871	0.868	0.851	0.852	0.821	0.821	0.795	0.761	0.769	0.734	0.7	
1	1	1	1	1	1	1	1	1	1	1	1	1	0.999	0.996	0.99	0.983	0.962	0.901	0.847	0.764	0.666	0.612	0.48	0.434	0.374	0.314	0.273	0.233	0.206	0.175	0.177	0.142	0.143	0.116	0.135	0.098	0.144	0.145	0.115	0.144	0.137	0.141	0.136	0.188	0.174	0.171	0.184	0.195	0.23	0.232	0.24	0.267	0.308	0.294	0.291	0.338	0.37	0.402	0.437	0.432	0.477	0.487	0.524	0.559	0.559	0.636	0.64	0.657	0.709	0.704	0.729	0.741	0.752	0.79	0.814	0.841	0.855	0.862	0.894	0.886	0.902	0.941	0.924	0.944	0.95	0.955	0.96	0.955	0.975	0.979	0.977	0.986	0.987	0.992	0.99	0.993	0.995	0.997	0.997	
1	1	1	1	1	1	1	1	1	1	1	1	1	1	1	1	1	1	1	1	1	1	1	1	1	1	1	1	1	1	1	1	1	1	1	1	1	1	1	1	1	1	1	1	1	0.997	1	0.999	0.999	1	0.991	0.99	0.988	0.983	0.977	0.964	0.962	0.951	0.94	0.943	0.944	0.902	0.903	0.887	0.857	0.864	0.832	0.831	0.81	0.805	0.795	0.779	0.764	0.763	0.747	0.725	0.701	0.689	0.679	0.676	0.649	0.639	0.603	0.631	0.601	0.586	0.547	0.537	0.513	0.498	0.454	0.433	0.435	0.419	0.384	0.39	0.345	0.322	0.311	0.271	
1	1	1	1	1	1	1	1	1	1	1	1	1	0.998	0.996	0.995	0.994	0.986	0.988	0.971	0.976	0.974	0.961	0.941	0.906	0.918	0.887	0.858	0.838	0.8	0.786	0.746	0.721	0.682	0.633	0.595	0.545	0.502	0.463	0.433	0.414	0.348	0.324	0.298	0.251	0.247	0.227	0.208	0.165	0.14	0.152	0.124	0.115	0.098	0.091	0.072	0.065	0.064	0.041	0.049	0.04	0.025	0.024	0.022	0.028	0.009	0.021	0.021	0.014	0.011	0.016	0.004	0.008	0	0.006	0.007	0.001	0.003	0.001	0	0.002	0	0	0.001	0.001	0.001	0.001	0	0	0.002	0	0.001	0	0	0	0	0	0	0	0	
1	1	1	1	1	1	1	1	1	1	1	1	1	1	1	1	1	0.999	0.998	0.994	0.986	0.985	0.984	0.969	0.947	0.913	0.886	0.846	0.818	0.762	0.75	0.67	0.645	0.575	0.494	0.453	0.384	0.329	0.287	0.203	0.162	0.109	0.084	0.067	0.056	0.035	0.017	0.018	0.008	0.006	0	0.003	0.002	0.001	0	0	0	0	0.001	0	0	0	0	0	0	0	0	0	0	0	0	0	0	0	0	0	0	0	0	0	0	0	0	0	0	0	0	0	0	0	0	0	0	0	0	0	0	0	0	0	
1	1	1	1	1	1	1	1	1	1	1	1	1	1	1	1	1	1	1	1	1	1	1	1	1	1	1	1	1	1	1	1	1	1	1	1	1	1	1	1	1	1	1	1	1	1	1	1	1	1	1	1	1	1	1	1	1	1	1	1	1	1	1	1	1	1	1	1	1	0.999	1	0.999	0.999	1	0.998	0.994	0.996	0.993	0.991	0.979	0.983	0.964	0.964	0.939	0.915	0.918	0.878	0.833	0.822	0.751	0.703	0.652	0.621	0.561	0.545	0.475	0.433	0.389	0.309	0.269	
1	1	1	1	1	1	1	1	1	1	1	1	1	1	1	1	1	1	1	1	1	1	1	1	1	1	1	1	1	1	1	1	1	0.999	1	0.997	0.997	0.999	0.989	0.978	0.978	0.963	0.936	0.918	0.882	0.845	0.806	0.748	0.706	0.683	0.613	0.574	0.519	0.509	0.426	0.369	0.324	0.252	0.21	0.18	0.156	0.131	0.124	0.095	0.064	0.053	0.054	0.035	0.03	0.017	0.01	0.008	0.006	0.003	0.002	0.003	0.001	0.001	0.001	0	0	0	0	0	0	0	0	0	0	0	0	0	0	0	0	0	0	0	0	0	
1	1	1	1	1	1	1	1	1	1	1	1	1	1	1	1	1	1	1	1	1	1	1	1	1	1	1	1	1	1	1	0.999	0.999	1	0.997	0.998	0.998	0.993	0.989	0.983	0.972	0.954	0.949	0.949	0.931	0.906	0.874	0.863	0.827	0.805	0.767	0.714	0.686	0.62	0.554	0.496	0.414	0.304	0.229	0.196	0.127	0.079	0.058	0.03	0.028	0.006	0.008	0.003	0.002	0.001	0.001	0	0	0.001	0	0	0	0	0	0	0	0	0	0	0	0	0	0	0	0	0	0	0	0	0	0	0	0	0	0	
1	1	1	1	1	1	1	1	1	1	1	1	1	1	1	1	1	1	1	0.994	0.989	0.973	0.932	0.909	0.811	0.727	0.656	0.54	0.492	0.368	0.277	0.253	0.201	0.152	0.101	0.08	0.065	0.044	0.036	0.024	0.021	0.017	0.008	0.007	0.006	0.005	0.001	0.002	0.002	0.001	0	0.001	0	0	0	0.001	0	0	0	0	0	0	0.001	0	0	0	0	0	0	0	0	0	0	0	0	0	0	0	0	0	0	0	0	0	0	0	0	0	0	0	0	0	0	0	0	0	0	0	0	0	
1	1	1	1	1	1	1	1	1	1	1	1	1	1	1	1	1	1	1	1	1	1	1	1	1	1	1	1	1	1	1	1	1	1	1	1	1	1	1	1	1	0.997	0.998	0.997	0.994	0.995	0.992	0.986	0.979	0.986	0.974	0.982	0.96	0.946	0.949	0.947	0.924	0.923	0.901	0.91	0.914	0.913	0.888	0.91	0.884	0.877	0.884	0.879	0.873	0.87	0.869	0.884	0.894	0.887	0.88	0.902	0.885	0.886	0.893	0.886	0.901	0.89	0.904	0.914	0.898	0.928	0.925	0.928	0.928	0.943	0.928	0.941	0.939	0.958	0.941	0.944	0.961	0.951	0.944	0.958	
1	1	1	1	1	1	1	1	1	1	1	1	1	1	1	1	1	1	1	1	1	1	0.999	1	1	1	0.999	0.999	0.998	0.997	0.995	0.99	0.99	0.982	0.977	0.974	0.963	0.956	0.938	0.929	0.907	0.883	0.848	0.804	0.788	0.699	0.64	0.532	0.468	0.386	0.283	0.248	0.17	0.115	0.093	0.064	0.036	0.023	0.017	0.006	0.004	0.002	0.001	0.002	0.002	0	0	0	0	0	0	0	0	0	0	0	0	0	0	0	0	0	0	0	0	0	0	0	0	0	0	0	0	0	0	0	0	0	0	0	
1	1	1	1	1	1	1	1	1	1	1	1	0.992	0.974	0.943	0.837	0.65	0.492	0.339	0.195	0.107	0.067	0.051	0.016	0.014	0.011	0.007	0.013	0.006	0.003	0.005	0.003	0.004	0.002	0.002	0.001	0.004	0.003	0.007	0.006	0.008	0.005	0.012	0.015	0.018	0.026	0.032	0.033	0.032	0.056	0.054	0.063	0.054	0.084	0.096	0.102	0.092	0.123	0.128	0.122	0.137	0.147	0.157	0.172	0.167	0.15	0.139	0.136	0.14	0.119	0.114	0.08	0.078	0.072	0.059	0.066	0.037	0.028	0.023	0.019	0.019	0.012	0.004	0.008	0.007	0.005	0.003	0	0	0.001	0	0	0	0	0	0	0	0	0	0	
1	1	1	1	1	1	1	1	1	1	1	1	1	1	1	1	1	1	1	1	1	1	1	1	1	1	1	1	1	1	1	1	1	1	1	1	1	1	1	1	1	1	1	1	1	1	1	1	0.998	0.998	0.997	0.997	0.996	0.994	0.99	0.993	0.992	0.981	0.979	0.982	0.964	0.961	0.952	0.934	0.935	0.912	0.89	0.889	0.844	0.82	0.78	0.764	0.742	0.681	0.603	0.575	0.472	0.438	0.375	0.304	0.258	0.215	0.157	0.113	0.098	0.071	0.054	0.038	0.02	0.018	0.013	0.004	0.004	0.001	0.003	0.003	0	0	0	0	
1	1	1	1	1	1	1	1	1	1	1	1	1	1	1	1	1	1	1	0.999	0.999	0.997	0.992	0.968	0.951	0.895	0.841	0.798	0.713	0.637	0.537	0.487	0.414	0.365	0.282	0.236	0.176	0.156	0.119	0.1	0.085	0.063	0.06	0.048	0.044	0.045	0.029	0.021	0.023	0.019	0.017	0.014	0.013	0.013	0.016	0.011	0.006	0.006	0.004	0.004	0.004	0.001	0.001	0.001	0.001	0.001	0	0	0.001	0	0	0	0	0	0	0	0	0	0	0	0	0	0	0	0	0	0	0	0	0	0	0	0	0	0	0	0	0	0	0	
1	1	1	1	1	1	1	1	1	1	1	1	1	1	1	1	1	1	1	1	1	1	1	1	1	1	1	1	1	1	1	1	1	1	1	1	1	1	1	1	1	1	1	1	1	1	1	1	1	1	1	1	1	1	1	1	1	1	1	1	1	1	1	1	1	1	1	1	1	1	1	1	1	1	1	1	1	1	1	1	1	1	1	1	1	1	1	1	1	1	1	1	1	1	1	1	1	1	1	0.999	
1	1	1	1	1	1	1	1	1	1	1	1	1	1	1	1	1	1	1	1	1	1	1	1	1	1	1	1	1	1	1	1	1	1	1	1	1	1	1	1	1	1	0.999	0.998	1	0.998	0.993	0.985	0.977	0.966	0.947	0.93	0.9	0.84	0.833	0.789	0.743	0.685	0.654	0.584	0.545	0.488	0.465	0.422	0.405	0.359	0.305	0.324	0.274	0.25	0.23	0.203	0.209	0.18	0.175	0.155	0.146	0.153	0.143	0.158	0.159	0.151	0.154	0.168	0.157	0.185	0.176	0.195	0.184	0.217	0.222	0.24	0.261	0.263	0.294	0.28	0.335	0.359	0.395	0.388	
1	1	1	1	1	1	1	1	1	1	1	1	1	1	1	1	1	1	1	0.998	0.995	0.993	0.974	0.968	0.941	0.9	0.814	0.738	0.634	0.517	0.406	0.257	0.188	0.118	0.08	0.041	0.026	0.011	0.005	0.002	0.001	0	0	0	0	0	0	0	0	0	0	0	0	0	0	0	0	0	0	0	0	0	0	0	0	0	0	0	0	0	0	0	0	0	0	0	0	0	0	0	0	0	0	0	0	0	0	0	0	0	0	0	0	0	0	0	0	0	0	0	
1	1	1	1	1	0.991	0.97	0.961	0.935	0.911	0.903	0.882	0.87	0.845	0.832	0.843	0.829	0.777	0.824	0.802	0.79	0.78	0.788	0.8	0.8	0.766	0.759	0.769	0.767	0.756	0.763	0.754	0.758	0.767	0.752	0.749	0.727	0.722	0.72	0.701	0.691	0.658	0.689	0.656	0.644	0.655	0.626	0.637	0.588	0.581	0.608	0.569	0.538	0.526	0.534	0.513	0.532	0.507	0.482	0.487	0.473	0.46	0.463	0.459	0.437	0.437	0.421	0.418	0.388	0.368	0.376	0.36	0.358	0.393	0.361	0.33	0.318	0.311	0.314	0.283	0.268	0.258	0.251	0.216	0.2	0.2	0.199	0.176	0.169	0.142	0.116	0.139	0.121	0.092	0.087	0.073	0.067	0.044	0.062	0.056	
1	1	1	1	1	0.999	0.999	0.993	0.986	0.969	0.935	0.904	0.836	0.808	0.738	0.686	0.584	0.516	0.45	0.375	0.324	0.255	0.203	0.17	0.122	0.09	0.078	0.056	0.046	0.026	0.02	0.015	0.007	0.004	0.004	0.003	0.005	0	0	0	0	0	0	0.001	0	0	0	0	0	0	0	0	0	0	0	0	0	0	0	0	0	0	0	0	0	0	0	0	0	0	0	0	0	0	0	0	0	0	0	0	0	0	0	0	0	0	0	0	0	0	0	0	0	0	0	0	0	0	0	0	
1	1	1	1	1	1	1	1	1	0.999	0.993	0.981	0.973	0.963	0.949	0.928	0.911	0.903	0.878	0.88	0.87	0.853	0.853	0.821	0.829	0.834	0.807	0.799	0.806	0.818	0.816	0.824	0.822	0.82	0.842	0.811	0.8	0.817	0.807	0.809	0.828	0.814	0.815	0.799	0.808	0.802	0.792	0.79	0.794	0.784	0.774	0.771	0.75	0.736	0.7	0.67	0.688	0.611	0.594	0.542	0.536	0.504	0.477	0.389	0.363	0.321	0.282	0.261	0.232	0.19	0.165	0.15	0.115	0.098	0.093	0.088	0.051	0.05	0.038	0.033	0.035	0.024	0.019	0.014	0.008	0.008	0.01	0.01	0.006	0.002	0.004	0.002	0.001	0.001	0	0.002	0.001	0.001	0	0.002	
1	1	1	1	1	1	1	1	1	1	1	1	1	1	1	1	1	1	1	1	1	1	1	1	1	1	1	1	1	1	1	1	1	1	1	0.999	1	0.999	0.997	0.998	0.998	0.993	0.993	0.987	0.984	0.986	0.96	0.968	0.948	0.936	0.906	0.891	0.855	0.812	0.758	0.724	0.632	0.577	0.478	0.438	0.329	0.245	0.226	0.166	0.096	0.093	0.053	0.045	0.024	0.017	0.009	0.001	0.001	0.002	0.002	0.001	0	0	0	0	0	0	0	0	0	0	0	0	0	0	0	0	0	0	0	0	0	0	0	0	
1	1	1	1	1	1	1	1	1	1	1	1	1	1	1	1	1	1	1	1	1	1	1	1	1	1	1	1	0.999	1	0.999	1	0.998	0.998	0.999	0.998	0.996	0.994	0.986	0.976	0.964	0.944	0.92	0.872	0.863	0.818	0.742	0.672	0.599	0.533	0.479	0.382	0.331	0.257	0.217	0.129	0.114	0.082	0.054	0.031	0.029	0.015	0.014	0.004	0.003	0.001	0	0.001	0	0	0	0	0	0	0	0	0	0	0	0	0	0	0	0	0	0	0	0	0	0	0	0	0	0	0	0	0	0	0	0	
1	1	1	1	1	1	1	1	1	1	1	1	1	1	1	1	1	1	1	1	1	1	1	1	1	1	1	1	1	1	1	1	1	1	1	1	1	1	1	1	1	1	1	1	1	0.999	1	1	1	1	0.997	0.993	0.994	0.988	0.985	0.981	0.964	0.953	0.945	0.926	0.894	0.855	0.815	0.771	0.715	0.632	0.563	0.536	0.42	0.405	0.357	0.274	0.23	0.154	0.128	0.118	0.081	0.048	0.035	0.027	0.018	0.013	0.005	0.005	0.003	0	0.002	0	0.001	0	0	0	0	0	0	0	0	0	0	0	
1	1	1	1	1	1	1	1	1	1	1	0.999	1	0.998	0.995	0.983	0.966	0.952	0.907	0.846	0.805	0.697	0.599	0.551	0.44	0.39	0.296	0.269	0.239	0.169	0.131	0.11	0.083	0.06	0.06	0.043	0.05	0.032	0.024	0.025	0.013	0.011	0.008	0.007	0.012	0.007	0.006	0.002	0.004	0.004	0.007	0.006	0.005	0.006	0.004	0	0.007	0.003	0.003	0.004	0.003	0.004	0.002	0.002	0.001	0.002	0.005	0.003	0.003	0.003	0.003	0.001	0.005	0.004	0.002	0.002	0.002	0.003	0.002	0.004	0.003	0.002	0.002	0.004	0.001	0.001	0.002	0	0	0	0.001	0	0	0	0.001	0	0.002	0	0.002	0	
1	1	1	1	1	1	1	1	1	1	1	1	1	1	1	1	1	1	1	1	1	1	1	1	1	1	1	1	1	1	1	1	1	1	1	1	0.999	0.999	0.999	0.99	0.984	0.953	0.936	0.855	0.79	0.674	0.606	0.471	0.36	0.281	0.203	0.14	0.072	0.051	0.023	0.017	0.012	0.005	0.004	0.003	0	0	0	0	0	0	0	0	0	0	0	0	0	0	0	0	0	0	0	0	0	0	0	0	0	0	0	0	0	0	0	0	0	0	0	0	0	0	0	0	
1	1	1	1	1	1	1	1	1	1	1	1	1	1	1	1	1	1	1	1	1	1	1	1	1	1	1	1	1	1	1	1	1	1	1	1	1	1	1	1	1	1	1	1	1	1	1	1	1	1	1	1	1	1	1	1	1	1	1	1	1	1	1	1	1	1	1	1	1	1	1	1	1	1	1	1	0.999	1	1	0.999	0.998	0.998	0.999	0.999	0.998	0.997	0.99	0.991	0.988	0.983	0.982	0.976	0.97	0.959	0.931	0.931	0.909	0.898	0.878	0.849	
1	1	1	1	1	1	1	1	1	1	1	1	1	1	1	1	1	1	1	1	1	1	1	1	1	0.999	0.998	0.999	0.991	0.98	0.98	0.962	0.927	0.893	0.874	0.827	0.816	0.775	0.741	0.671	0.673	0.648	0.599	0.584	0.508	0.532	0.521	0.472	0.472	0.455	0.452	0.438	0.425	0.399	0.419	0.403	0.406	0.39	0.388	0.328	0.368	0.351	0.327	0.338	0.319	0.295	0.255	0.244	0.236	0.206	0.228	0.193	0.153	0.121	0.119	0.128	0.085	0.057	0.051	0.033	0.031	0.022	0.018	0.015	0.012	0.005	0.003	0.004	0.002	0.002	0.001	0.001	0	0	0	0	0	0	0	0	
1	1	1	1	1	1	1	1	1	1	1	1	1	1	1	1	1	1	1	1	1	1	1	1	1	1	1	1	1	1	1	1	1	1	1	1	1	1	1	1	1	1	1	1	1	1	0.999	0.999	1	0.999	1	0.999	0.996	0.998	0.993	0.996	0.997	0.995	0.992	0.989	0.987	0.982	0.987	0.977	0.963	0.945	0.949	0.94	0.92	0.932	0.917	0.892	0.885	0.866	0.839	0.829	0.792	0.779	0.752	0.713	0.711	0.676	0.639	0.632	0.574	0.563	0.544	0.555	0.482	0.482	0.441	0.408	0.369	0.358	0.303	0.314	0.283	0.268	0.245	0.212	
1	1	1	1	1	1	1	1	0.994	0.944	0.774	0.577	0.405	0.278	0.184	0.188	0.152	0.138	0.149	0.16	0.16	0.171	0.241	0.248	0.245	0.291	0.296	0.333	0.334	0.362	0.357	0.362	0.363	0.364	0.342	0.378	0.363	0.35	0.323	0.317	0.311	0.303	0.266	0.267	0.268	0.233	0.241	0.218	0.243	0.201	0.205	0.187	0.166	0.181	0.144	0.163	0.164	0.132	0.115	0.122	0.111	0.126	0.093	0.095	0.091	0.067	0.062	0.04	0.046	0.025	0.026	0.008	0.009	0.008	0.001	0.001	0	0	0.001	0	0	0	0	0	0	0	0	0	0	0	0	0	0	0	0	0	0	0	0	0	
1	1	1	1	1	1	1	1	1	1	1	1	1	1	1	1	1	1	1	1	1	1	1	1	1	1	1	1	1	1	1	1	1	1	1	1	1	1	1	1	1	1	1	1	1	1	0.999	1	0.998	0.998	0.997	0.999	0.996	0.996	0.995	0.985	0.987	0.987	0.98	0.977	0.97	0.967	0.955	0.96	0.95	0.954	0.926	0.924	0.924	0.894	0.87	0.881	0.834	0.829	0.806	0.791	0.78	0.766	0.725	0.677	0.688	0.669	0.621	0.605	0.57	0.538	0.494	0.499	0.481	0.503	0.458	0.399	0.388	0.387	0.35	0.321	0.323	0.292	0.288	0.271	
1	1	1	1	1	1	1	1	1	1	1	1	1	1	1	1	1	1	1	1	1	1	1	1	1	0.999	1	1	0.998	0.998	0.996	0.99	0.983	0.971	0.967	0.934	0.892	0.857	0.784	0.756	0.705	0.61	0.55	0.495	0.395	0.333	0.26	0.235	0.21	0.148	0.11	0.081	0.059	0.036	0.026	0.022	0.01	0.009	0.007	0.002	0.004	0.001	0.001	0	0	0	0	0	0	0	0	0	0	0	0	0	0	0	0	0	0	0	0	0	0	0	0	0	0	0	0	0	0	0	0	0	0	0	0	0	
1	1	1	1	1	1	1	1	1	1	1	1	1	1	1	1	1	1	1	1	1	1	1	1	0.998	1	0.995	0.995	0.982	0.973	0.955	0.922	0.886	0.859	0.797	0.783	0.662	0.649	0.573	0.553	0.477	0.433	0.412	0.36	0.306	0.281	0.277	0.231	0.19	0.195	0.193	0.17	0.13	0.134	0.11	0.089	0.093	0.083	0.057	0.058	0.048	0.044	0.039	0.034	0.031	0.027	0.025	0.019	0.017	0.011	0.008	0.009	0.005	0.003	0.001	0.002	0	0	0	0.001	0	0	0	0.001	0.001	0	0	0	0	0	0	0	0	0	0	0	0	0	0	0	
1	1	1	1	1	1	1	1	1	1	1	1	1	1	1	1	0.999	0.998	0.993	0.981	0.971	0.945	0.867	0.832	0.749	0.643	0.574	0.464	0.407	0.298	0.216	0.178	0.137	0.092	0.072	0.06	0.037	0.032	0.019	0.016	0.004	0.006	0.004	0.007	0.005	0.003	0.003	0.002	0.001	0.002	0.001	0.002	0	0	0.001	0	0	0.001	0	0	0	0	0	0	0	0	0	0	0	0	0	0	0	0	0	0	0	0	0	0	0	0	0	0	0	0	0	0	0	0	0	0	0	0	0	0	0	0	0	0	
1	1	1	1	1	1	1	1	1	1	1	1	1	1	1	1	1	1	1	1	1	1	1	1	1	1	1	1	1	1	1	1	1	1	1	1	1	1	1	1	1	1	1	1	1	1	1	1	1	1	1	1	1	1	1	1	1	1	1	1	1	1	1	1	1	1	1	1	1	1	1	1	1	1	1	1	1	1	1	1	1	1	1	1	1	1	1	1	1	1	1	1	1	0.999	0.998	0.999	0.999	0.997	0.999	0.999	
1	1	1	1	1	1	1	1	1	1	1	1	1	1	1	1	1	1	1	1	1	1	1	1	1	1	1	1	1	1	1	1	1	1	1	1	1	1	1	1	1	1	1	1	1	1	1	1	1	1	1	1	0.999	0.999	0.999	1	0.995	0.998	0.995	0.994	0.997	0.992	0.991	0.988	0.986	0.986	0.988	0.985	0.98	0.983	0.983	0.984	0.987	0.983	0.989	0.984	0.987	0.985	0.988	0.993	0.997	0.992	0.996	0.996	0.996	0.998	0.997	0.997	0.996	1	0.999	1	1	1	1	1	1	1	0.999	1	
1	1	1	1	1	1	1	1	1	1	1	1	1	1	1	1	1	1	1	1	1	1	1	1	1	1	1	1	1	1	1	1	1	1	1	1	1	1	1	1	1	1	1	1	1	1	1	1	1	1	1	1	1	1	1	1	1	1	1	1	1	1	1	1	1	1	1	1	1	1	1	1	1	1	1	1	1	1	1	1	0.999	1	1	1	1	1	1	1	0.999	1	1	1	1	1	1	1	1	1	1	1	
1	1	1	1	1	1	1	1	1	0.995	0.987	0.967	0.914	0.871	0.76	0.683	0.604	0.474	0.361	0.308	0.241	0.172	0.144	0.118	0.072	0.072	0.05	0.04	0.027	0.015	0.018	0.014	0.007	0.012	0.008	0.005	0.003	0.006	0.008	0.007	0.003	0.004	0.003	0.003	0.003	0.003	0.002	0.001	0.001	0.004	0	0.001	0	0.001	0.001	0.001	0.001	0.001	0	0.002	0.001	0.001	0.001	0.001	0.002	0.002	0	0	0.002	0.002	0.002	0	0.003	0.003	0.005	0.003	0.002	0	0.005	0.001	0.001	0.004	0	0.002	0.001	0.001	0.001	0.003	0	0.001	0	0	0.001	0	0	0	0	0	0	0	
1	1	1	1	1	1	1	1	1	1	1	1	1	1	1	1	1	1	1	1	1	1	1	1	1	1	1	1	1	1	1	1	1	1	1	1	1	1	1	1	1	1	1	1	1	1	1	1	1	1	1	1	1	1	1	1	1	1	1	1	1	1	1	1	1	0.999	1	1	1	0.997	0.995	0.997	0.998	0.995	0.998	0.993	0.996	0.99	0.99	0.986	0.985	0.975	0.986	0.978	0.959	0.971	0.959	0.937	0.937	0.946	0.925	0.923	0.898	0.895	0.876	0.865	0.853	0.841	0.797	0.779	
1	1	1	1	1	1	1	1	1	1	1	1	1	1	1	1	1	1	1	1	1	1	1	1	1	1	1	1	1	1	1	1	1	1	1	1	1	1	1	1	1	1	0.998	1	1	0.997	0.994	0.991	0.986	0.966	0.968	0.931	0.913	0.887	0.819	0.793	0.74	0.695	0.624	0.57	0.489	0.453	0.389	0.321	0.282	0.241	0.19	0.135	0.127	0.122	0.082	0.052	0.045	0.03	0.028	0.012	0.02	0.005	0.003	0.004	0.001	0.004	0.001	0	0	0	0.001	0	0	0	0	0	0	0	0	0	0	0	0	0	
1	1	1	1	1	1	1	1	1	1	1	1	1	1	1	1	1	1	1	1	1	1	1	1	0.998	0.994	0.984	0.974	0.952	0.941	0.913	0.862	0.813	0.763	0.681	0.636	0.584	0.486	0.424	0.388	0.309	0.276	0.22	0.173	0.152	0.105	0.107	0.062	0.059	0.037	0.033	0.024	0.025	0.008	0.015	0.008	0.004	0.004	0.005	0.007	0.001	0.003	0.001	0	0.001	0	0	0.002	0	0	0	0	0	0	0	0	0	0	0	0	0	0	0	0	0	0	0	0	0	0	0	0	0	0	0	0	0	0	0	0	
1	1	1	1	1	1	1	1	1	1	1	1	1	1	1	1	1	1	1	1	1	1	1	1	1	1	1	1	1	1	1	1	0.999	1	1	1	1	1	1	0.999	1	1	0.999	1	0.998	0.997	0.996	0.998	1	0.999	0.992	0.997	0.993	0.99	0.995	0.986	0.984	0.979	0.965	0.958	0.947	0.929	0.921	0.906	0.913	0.864	0.853	0.838	0.798	0.781	0.797	0.713	0.727	0.699	0.647	0.634	0.609	0.578	0.526	0.513	0.456	0.446	0.412	0.392	0.346	0.341	0.3	0.263	0.267	0.226	0.202	0.186	0.18	0.151	0.146	0.121	0.111	0.097	0.087	0.076	
1	1	1	1	1	1	1	1	1	1	1	1	1	1	1	1	1	1	0.998	0.997	0.995	0.995	0.99	0.987	0.989	0.989	0.989	0.979	0.986	0.978	0.977	0.977	0.98	0.973	0.975	0.976	0.972	0.971	0.977	0.974	0.969	0.979	0.979	0.972	0.967	0.96	0.952	0.96	0.958	0.956	0.959	0.947	0.941	0.942	0.947	0.936	0.892	0.915	0.887	0.88	0.862	0.86	0.815	0.786	0.71	0.69	0.66	0.586	0.534	0.46	0.408	0.375	0.31	0.263	0.198	0.176	0.132	0.113	0.083	0.061	0.045	0.041	0.041	0.037	0.018	0.014	0.016	0.011	0.002	0.001	0.003	0	0	0	0.001	0	0.001	0	0	0	
1	1	1	1	1	1	1	1	1	1	1	1	1	1	1	1	1	1	1	1	1	1	1	0.99	0.984	0.976	0.961	0.957	0.926	0.917	0.884	0.84	0.813	0.749	0.699	0.704	0.641	0.624	0.611	0.56	0.524	0.518	0.486	0.475	0.422	0.432	0.423	0.369	0.386	0.357	0.374	0.317	0.335	0.299	0.324	0.335	0.288	0.308	0.29	0.274	0.281	0.278	0.302	0.301	0.3	0.282	0.304	0.271	0.303	0.302	0.328	0.289	0.314	0.298	0.319	0.336	0.344	0.356	0.34	0.334	0.344	0.365	0.376	0.378	0.414	0.403	0.393	0.433	0.436	0.433	0.432	0.438	0.473	0.501	0.53	0.535	0.508	0.528	0.536	0.562	
1	1	1	1	1	1	1	1	1	1	0.997	0.997	0.992	0.971	0.973	0.947	0.941	0.908	0.858	0.85	0.823	0.789	0.768	0.741	0.73	0.745	0.711	0.724	0.66	0.676	0.673	0.642	0.654	0.657	0.645	0.639	0.624	0.635	0.652	0.647	0.643	0.629	0.637	0.641	0.63	0.644	0.654	0.641	0.635	0.647	0.679	0.651	0.687	0.689	0.707	0.726	0.721	0.715	0.725	0.749	0.775	0.753	0.775	0.754	0.817	0.798	0.809	0.832	0.838	0.854	0.843	0.871	0.877	0.899	0.888	0.903	0.907	0.903	0.908	0.873	0.869	0.89	0.886	0.864	0.843	0.8	0.795	0.764	0.727	0.689	0.65	0.587	0.543	0.513	0.495	0.426	0.401	0.365	0.331	0.277	
1	1	1	1	1	1	1	1	1	1	1	1	1	1	1	1	1	1	1	1	1	1	1	1	1	1	1	1	1	1	1	1	1	1	1	1	1	1	1	1	1	1	1	1	1	1	1	1	1	1	1	1	1	1	1	1	1	1	1	1	1	1	1	1	1	1	1	0.999	1	1	1	1	1	0.997	1	1	1	1	0.999	1	1	1	1	1	1	1	1	1	1	1	1	1	1	1	1	0.999	1	1	1	1	
1	1	1	1	1	1	1	1	1	1	1	1	1	1	1	1	1	0.999	0.997	0.996	0.992	0.973	0.946	0.885	0.81	0.729	0.6	0.479	0.39	0.28	0.194	0.138	0.094	0.061	0.038	0.023	0.023	0.017	0.006	0.006	0.002	0.003	0.003	0	0.001	0	0	0	0	0	0	0	0	0	0	0	0	0	0	0	0	0	0	0	0	0	0	0	0	0	0	0	0.001	0	0	0	0	0	0	0	0	0	0	0	0	0	0	0	0	0	0	0	0	0	0	0	0	0	0	0	
1	1	1	1	1	1	1	1	1	1	1	1	1	1	1	0.999	0.998	0.981	0.978	0.945	0.923	0.875	0.836	0.802	0.771	0.737	0.713	0.693	0.699	0.664	0.658	0.643	0.667	0.66	0.655	0.655	0.665	0.661	0.666	0.673	0.667	0.688	0.665	0.668	0.666	0.664	0.633	0.641	0.64	0.627	0.646	0.601	0.579	0.572	0.549	0.518	0.512	0.49	0.476	0.487	0.475	0.419	0.379	0.347	0.342	0.308	0.288	0.25	0.205	0.201	0.174	0.154	0.146	0.113	0.084	0.066	0.053	0.039	0.037	0.022	0.014	0.016	0.007	0.009	0.006	0.001	0	0	0.001	0.001	0	0	0	0	0.001	0	0	0	0	0	
1	1	1	1	1	1	1	1	1	1	1	1	1	1	1	0.998	0.999	0.993	0.985	0.991	0.984	0.972	0.967	0.949	0.956	0.933	0.918	0.91	0.884	0.887	0.87	0.867	0.837	0.832	0.84	0.811	0.784	0.773	0.796	0.752	0.727	0.698	0.699	0.681	0.631	0.636	0.627	0.57	0.534	0.524	0.506	0.475	0.452	0.415	0.419	0.389	0.341	0.35	0.29	0.293	0.272	0.236	0.221	0.185	0.172	0.153	0.132	0.098	0.104	0.067	0.081	0.052	0.039	0.035	0.039	0.019	0.02	0.016	0.015	0.002	0.005	0.009	0.003	0.001	0.002	0.001	0.003	0	0	0.001	0	0	0	0	0	0	0	0	0	0	
1	1	1	1	1	1	1	1	1	0.999	0.998	0.998	0.993	0.993	0.986	0.973	0.971	0.951	0.954	0.915	0.906	0.88	0.866	0.818	0.802	0.737	0.709	0.675	0.608	0.586	0.531	0.5	0.46	0.407	0.376	0.32	0.276	0.233	0.187	0.159	0.154	0.147	0.1	0.095	0.058	0.055	0.056	0.032	0.027	0.02	0.019	0.028	0.016	0.006	0.007	0.001	0.002	0.002	0.004	0.002	0.002	0.002	0.003	0	0.001	0	0	0	0	0	0	0	0	0	0	0	0	0	0	0	0	0	0	0	0	0	0	0	0	0	0	0	0	0	0	0	0	0	0	0	
