1	1	1	1	1	1	1	1	1	1	1	0.998	0.999	0.996	0.988	0.989	0.975	0.958	0.947	0.903	0.854	0.82	0.755	0.72	0.627	0.595	0.529	0.474	0.377	0.318	0.3	0.285	0.241	0.211	0.155	0.131	0.099	0.077	0.056	0.056	0.053	0.041	0.025	0.021	0.018	0.009	0.012	0.01	0.003	0.005	0.003	0.01	0	0.004	0.004	0.002	0.003	0.001	0.001	0.001	0	0.001	0.003	0.001	0.002	0	0.002	0.002	0	0.001	0	0.001	0	0	0	0.001	0	0	0.001	0.002	0	0	0	0.001	0	0	0.001	0.004	0	0	0	0	0.001	0.001	0.002	0	0	0	0	0	
1	1	1	1	1	1	1	1	1	1	1	1	1	1	1	1	1	0.999	0.999	0.994	0.992	0.968	0.958	0.922	0.89	0.84	0.809	0.749	0.662	0.63	0.554	0.504	0.413	0.37	0.327	0.268	0.234	0.182	0.139	0.131	0.094	0.071	0.048	0.035	0.028	0.013	0.015	0.007	0.003	0	0.006	0.002	0	0.001	0.001	0	0	0	0	0.001	0	0	0	0	0	0	0	0	0	0	0	0	0	0	0	0	0	0	0	0	0	0	0	0	0	0	0	0	0	0	0	0	0	0	0	0	0	0	0	0	
1	1	1	1	1	1	0.999	1	0.999	0.998	1	0.998	0.992	0.976	0.928	0.823	0.662	0.485	0.334	0.193	0.102	0.064	0.028	0.017	0.008	0.001	0.003	0	0	0	0	0	0	0	0	0	0	0	0	0	0	0	0	0	0	0	0	0	0	0	0	0	0	0	0	0	0	0	0	0	0	0	0	0	0	0	0	0	0	0	0	0	0	0	0	0	0	0	0	0	0	0	0	0	0	0	0	0	0	0	0	0	0	0	0	0	0	0	0	0	
1	1	1	0.988	0.853	0.607	0.461	0.372	0.334	0.346	0.359	0.326	0.291	0.328	0.303	0.29	0.283	0.258	0.233	0.207	0.178	0.191	0.144	0.125	0.107	0.076	0.07	0.047	0.041	0.019	0.01	0.007	0.008	0.001	0	0.002	0	0.001	0	0	0	0	0	0	0	0	0	0	0	0	0	0	0	0	0	0	0	0	0	0	0	0	0	0	0	0	0	0	0	0	0	0	0	0	0	0	0	0	0	0	0	0	0	0	0	0	0	0	0	0	0	0	0	0	0	0	0	0	0	0	
1	1	1	1	1	1	1	1	1	1	1	1	1	1	1	1	1	1	1	1	1	1	1	1	0.999	0.999	0.998	0.998	0.998	0.998	1	0.999	0.994	0.987	0.984	0.982	0.983	0.974	0.979	0.963	0.972	0.968	0.97	0.956	0.959	0.97	0.972	0.967	0.962	0.955	0.95	0.965	0.973	0.956	0.97	0.968	0.964	0.968	0.981	0.972	0.972	0.974	0.982	0.982	0.982	0.985	0.991	0.988	0.984	0.987	0.994	0.987	0.988	0.987	0.986	0.992	0.995	0.991	0.993	0.997	0.985	0.996	0.997	0.995	0.996	0.999	0.995	0.995	0.999	0.996	0.998	0.996	0.999	0.998	0.998	0.999	0.998	0.996	0.995	0.998	
1	1	1	1	1	1	1	1	1	1	1	1	1	1	1	1	0.998	1	1	0.996	0.998	0.998	0.998	0.993	0.996	0.996	0.991	0.989	0.971	0.967	0.938	0.941	0.905	0.865	0.829	0.79	0.733	0.721	0.66	0.644	0.58	0.497	0.472	0.453	0.391	0.326	0.321	0.225	0.217	0.17	0.149	0.154	0.097	0.082	0.076	0.052	0.034	0.038	0.024	0.012	0.014	0.009	0.009	0.004	0.008	0.004	0.009	0.001	0	0.003	0.002	0	0.002	0	0.001	0	0	0.001	0.002	0	0	0	0	0	0	0	0	0	0	0	0	0	0	0	0	0	0	0	0	0	
1	1	1	1	1	1	1	0.998	0.993	0.977	0.973	0.944	0.939	0.925	0.93	0.922	0.936	0.962	0.96	0.965	0.971	0.967	0.975	0.982	0.98	0.987	0.984	0.988	0.988	0.994	0.99	0.993	0.99	0.995	0.994	0.995	0.998	0.995	0.996	0.997	1	0.997	0.997	0.997	0.998	0.996	0.999	1	0.997	0.997	0.997	0.999	0.999	0.998	0.999	0.997	1	0.999	1	0.997	0.999	1	0.998	0.999	0.999	0.999	0.998	0.999	0.998	1	0.997	0.999	0.997	0.999	0.998	0.998	0.998	1	1	0.996	1	0.999	0.998	0.998	0.999	0.999	0.998	1	0.997	1	0.999	0.999	0.996	0.999	0.999	0.996	0.996	1	0.998	0.999	
1	1	1	1	1	1	1	1	1	1	1	1	1	1	1	1	1	1	1	1	1	0.998	0.996	0.994	0.983	0.969	0.946	0.927	0.858	0.804	0.734	0.629	0.566	0.499	0.422	0.377	0.293	0.231	0.191	0.168	0.115	0.109	0.082	0.076	0.06	0.061	0.044	0.036	0.034	0.03	0.017	0.01	0.014	0.015	0.014	0.008	0.013	0.006	0.011	0.009	0.005	0.003	0.006	0.011	0.009	0.001	0.006	0.005	0.006	0.006	0.005	0.01	0.004	0.003	0.01	0.006	0.011	0.005	0.005	0.009	0.006	0.007	0.008	0.013	0.009	0.009	0.012	0.009	0.01	0.01	0.01	0.008	0.013	0.004	0.016	0.013	0.009	0.013	0.01	0.01	
1	1	1	1	1	1	1	1	1	0.999	0.998	0.998	0.991	0.984	0.961	0.949	0.934	0.919	0.897	0.867	0.835	0.8	0.752	0.682	0.582	0.481	0.351	0.309	0.239	0.163	0.133	0.08	0.054	0.027	0.029	0.016	0.012	0.01	0.006	0.001	0.002	0.002	0	0	0	0	0	0	0	0	0	0	0	0	0	0	0	0	0	0	0	0	0	0	0	0	0	0	0	0	0	0	0	0	0	0	0	0	0	0	0	0	0	0	0	0	0	0	0	0	0	0	0	0	0	0	0	0	0	0	
1	1	1	1	1	1	1	0.997	0.996	0.958	0.884	0.821	0.658	0.533	0.365	0.273	0.182	0.123	0.086	0.073	0.033	0.03	0.015	0.01	0.01	0.011	0.006	0.004	0.005	0.002	0.001	0.001	0.002	0	0	0	0	0	0	0	0	0	0	0	0	0	0	0	0	0	0	0	0	0	0	0	0	0	0	0	0	0	0	0	0	0	0	0	0	0	0	0	0	0	0	0	0	0	0	0	0	0	0	0	0	0	0	0	0	0	0	0	0	0	0	0	0	0	0	0	
1	1	1	1	1	1	1	1	1	1	1	1	1	1	1	1	1	1	1	1	1	1	1	1	1	1	1	1	1	1	1	1	1	1	1	1	1	1	1	1	0.998	0.999	0.991	0.986	0.979	0.968	0.921	0.881	0.828	0.738	0.657	0.6	0.491	0.39	0.33	0.287	0.186	0.187	0.103	0.083	0.069	0.034	0.036	0.021	0.022	0.008	0.008	0.006	0.002	0.002	0.001	0	0	0	0	0.001	0	0	0	0	0	0	0	0	0	0	0	0	0	0	0	0	0	0	0	0	0	0	0	0	
1	1	1	1	1	0.995	0.979	0.963	0.93	0.865	0.823	0.739	0.638	0.582	0.486	0.378	0.335	0.23	0.192	0.121	0.093	0.063	0.03	0.015	0.011	0.004	0.005	0	0	0	0	0	0	0	0	0	0	0	0	0	0	0	0	0	0	0	0	0	0	0	0	0	0	0	0	0	0	0	0	0	0	0	0	0	0	0	0	0	0	0	0	0	0	0	0	0	0	0	0	0	0	0	0	0	0	0	0	0	0	0	0	0	0	0	0	0	0	0	0	0	
1	1	1	1	1	1	1	1	1	1	1	1	1	1	1	1	1	1	1	1	1	1	1	1	1	1	1	1	1	1	1	1	0.999	1	1	0.999	0.997	0.994	0.991	0.988	0.988	0.979	0.969	0.962	0.942	0.916	0.93	0.901	0.859	0.835	0.825	0.745	0.719	0.645	0.606	0.607	0.509	0.461	0.422	0.366	0.313	0.259	0.24	0.207	0.158	0.131	0.105	0.087	0.07	0.064	0.036	0.021	0.017	0.022	0.016	0.007	0.008	0.006	0.003	0	0	0.002	0.001	0	0	0	0	0	0	0	0	0	0	0	0	0	0	0	0	0	
1	1	1	1	1	1	1	1	1	1	1	1	1	1	1	1	1	1	1	1	0.999	0.999	0.999	0.988	0.956	0.937	0.862	0.798	0.668	0.541	0.474	0.342	0.245	0.185	0.118	0.085	0.056	0.032	0.024	0.006	0.009	0.005	0.003	0.002	0.003	0	0	0.001	0	0.001	0	0	0	0	0	0	0	0	0	0	0	0	0	0	0	0	0	0	0	0	0	0	0	0	0	0	0	0	0	0	0	0	0	0	0	0	0	0	0	0	0	0	0	0	0	0	0	0	0	0	
1	0.989	0.961	0.9	0.845	0.777	0.739	0.653	0.596	0.544	0.475	0.429	0.35	0.284	0.258	0.219	0.161	0.135	0.135	0.097	0.075	0.054	0.051	0.03	0.022	0.016	0.013	0.011	0.007	0.004	0.005	0.005	0.001	0.001	0.001	0.001	0	0.001	0	0	0	0	0	0	0	0	0	0	0	0	0	0	0	0	0	0	0	0	0	0	0	0	0	0	0	0	0	0	0	0	0	0	0	0	0	0	0	0	0	0	0	0	0	0	0	0	0	0	0	0	0	0	0	0	0	0	0	0	0	0	
1	1	1	1	1	1	1	1	1	1	0.999	1	0.994	0.993	0.966	0.921	0.852	0.776	0.686	0.586	0.465	0.349	0.265	0.229	0.156	0.117	0.059	0.05	0.036	0.019	0.017	0.014	0.006	0.006	0.002	0.004	0.002	0	0.002	0.002	0.001	0.002	0.001	0	0	0	0	0	0	0	0	0	0	0	0	0	0	0	0	0	0	0	0	0	0	0	0	0	0	0	0	0	0	0	0	0	0	0	0	0	0	0	0	0	0	0	0	0	0	0	0	0	0	0	0	0	0	0	0	0	
1	1	1	1	1	1	1	1	1	1	1	1	1	1	1	1	1	0.996	0.989	0.975	0.93	0.833	0.749	0.615	0.467	0.333	0.247	0.146	0.1	0.048	0.032	0.022	0.006	0.004	0	0	0	0	0	0	0	0	0	0	0	0	0	0	0	0	0	0	0	0	0	0	0	0	0	0	0	0	0	0	0	0	0	0	0	0	0	0	0	0	0	0	0	0	0	0	0	0	0	0	0	0	0	0	0	0	0	0	0	0	0	0	0	0	0	0	
1	1	1	1	1	1	1	1	1	1	1	1	1	1	1	1	1	1	1	1	1	1	0.998	0.994	0.988	0.985	0.963	0.936	0.886	0.835	0.772	0.71	0.62	0.557	0.429	0.368	0.287	0.239	0.186	0.141	0.105	0.085	0.057	0.052	0.041	0.03	0.017	0.018	0.015	0.008	0.003	0.006	0.002	0.005	0.002	0	0	0.002	0.001	0.001	0	0	0	0	0	0	0	0	0	0	0.001	0	0	0	0	0	0	0	0	0	0	0	0	0	0	0	0	0	0	0	0	0	0	0	0	0	0	0	0	0	
1	1	1	1	1	1	1	1	1	1	1	1	1	1	1	1	1	1	1	1	1	1	1	1	1	1	1	1	1	1	1	1	1	1	1	1	1	1	1	1	1	1	1	1	1	1	1	1	1	1	1	1	1	1	1	1	0.999	1	1	1	1	0.999	1	0.999	1	1	1	1	1	1	0.999	0.999	1	1	0.999	1	1	1	1	0.999	0.999	1	1	1	1	1	1	1	0.998	1	0.999	1	1	1	0.999	0.999	1	1	0.999	0.998	
1	1	1	1	1	1	1	1	1	1	1	1	1	1	1	1	1	1	1	1	1	1	1	0.998	0.998	0.994	0.989	0.985	0.974	0.96	0.937	0.932	0.888	0.863	0.823	0.81	0.758	0.739	0.694	0.654	0.605	0.575	0.508	0.512	0.47	0.441	0.399	0.354	0.357	0.291	0.289	0.262	0.253	0.211	0.195	0.171	0.171	0.147	0.112	0.106	0.111	0.097	0.087	0.067	0.061	0.065	0.048	0.024	0.035	0.039	0.023	0.027	0.024	0.025	0.015	0.023	0.014	0.012	0.008	0.009	0.011	0.008	0.009	0.004	0.007	0.005	0.002	0.005	0.003	0.002	0	0	0.002	0	0	0.002	0.003	0	0.002	0.001	
1	1	1	1	1	1	1	1	1	1	1	1	1	1	1	1	1	1	1	1	1	1	1	1	1	1	1	1	1	1	1	1	1	1	1	1	0.998	0.999	0.998	0.994	0.991	0.989	0.989	0.98	0.964	0.947	0.907	0.892	0.829	0.797	0.761	0.661	0.603	0.516	0.466	0.37	0.296	0.23	0.201	0.151	0.128	0.079	0.063	0.057	0.034	0.021	0.013	0.011	0.008	0.007	0.004	0.003	0.001	0.001	0	0	0	0	0.001	0	0	0	0	0	0	0	0	0	0	0	0	0	0	0	0	0	0	0	0	0	
1	1	1	1	1	1	1	1	1	1	1	1	1	1	1	1	1	1	1	1	1	1	1	1	0.999	0.999	0.999	0.996	0.994	0.989	0.992	0.987	0.983	0.979	0.987	0.982	0.972	0.981	0.976	0.975	0.97	0.967	0.969	0.956	0.973	0.956	0.955	0.952	0.952	0.944	0.945	0.955	0.954	0.942	0.928	0.929	0.934	0.938	0.93	0.929	0.912	0.927	0.912	0.923	0.899	0.878	0.908	0.897	0.892	0.893	0.887	0.878	0.875	0.862	0.839	0.842	0.846	0.819	0.807	0.81	0.801	0.788	0.762	0.754	0.747	0.707	0.726	0.722	0.702	0.677	0.694	0.659	0.652	0.65	0.646	0.635	0.622	0.616	0.594	0.626	
1	1	1	1	1	1	1	1	1	1	1	1	1	1	1	1	0.999	1	0.999	0.993	0.99	0.973	0.953	0.934	0.901	0.875	0.853	0.769	0.705	0.676	0.583	0.544	0.49	0.445	0.378	0.341	0.298	0.274	0.235	0.184	0.19	0.152	0.131	0.114	0.094	0.089	0.083	0.064	0.046	0.041	0.035	0.033	0.019	0.025	0.022	0.019	0.011	0.007	0.012	0.006	0.006	0.007	0.009	0.003	0.006	0.003	0.001	0.001	0	0.002	0.003	0	0	0.001	0.001	0.001	0	0	0.001	0	0	0	0	0	0	0	0	0	0	0	0.001	0	0	0	0	0	0	0	0	0	
1	1	1	1	1	1	1	1	1	0.997	0.971	0.937	0.816	0.671	0.546	0.361	0.221	0.147	0.094	0.045	0.028	0.015	0.007	0.001	0.002	0.002	0	0	0	0	0	0	0	0	0	0	0	0	0	0	0	0	0	0	0	0	0	0	0	0	0	0	0	0	0	0	0	0	0	0	0	0	0	0	0	0	0	0	0	0	0	0	0	0	0	0	0	0	0	0	0	0	0	0	0	0	0	0	0	0	0	0	0	0	0	0	0	0	0	0	
1	1	1	1	1	1	1	1	1	1	1	1	1	1	0.999	1	1	0.997	0.996	0.996	0.992	0.987	0.978	0.968	0.961	0.925	0.87	0.794	0.74	0.626	0.538	0.385	0.277	0.21	0.128	0.091	0.051	0.036	0.017	0.014	0.005	0.002	0.003	0.002	0	0	0	0.001	0	0	0	0	0	0	0	0	0	0	0	0	0	0	0	0	0	0	0	0	0	0	0	0	0	0	0	0	0	0	0	0	0	0	0	0	0	0	0	0	0	0	0	0	0	0	0	0	0	0	0	0	
1	1	1	1	1	1	1	1	1	1	1	1	1	1	1	1	1	1	1	1	1	1	1	1	1	1	1	1	1	1	1	1	1	1	1	1	1	1	1	1	1	1	1	1	1	1	1	1	1	1	1	1	1	1	1	1	0.999	1	1	0.998	1	0.998	0.999	0.999	0.999	0.999	1	0.999	1	1	1	0.999	0.999	1	1	1	0.999	1	0.999	1	0.998	0.998	0.996	0.999	0.998	0.998	0.999	1	0.999	0.999	0.997	0.998	0.998	0.999	0.997	0.999	0.999	1	1	0.998	
1	1	1	1	1	1	1	1	1	1	1	1	1	1	1	1	1	1	1	1	1	1	1	1	1	1	1	1	1	1	1	1	1	1	1	1	1	1	1	1	1	1	1	1	1	1	1	1	1	1	1	1	1	1	1	1	1	1	1	1	1	1	1	1	1	1	1	1	1	1	1	0.999	1	1	0.999	1	1	1	1	1	1	1	1	1	1	1	1	1	1	1	0.999	1	1	1	0.998	0.999	1	1	1	0.998	
1	1	1	1	1	1	1	1	0.998	1	0.998	0.992	0.973	0.89	0.755	0.573	0.412	0.257	0.172	0.12	0.068	0.04	0.027	0.015	0.011	0.012	0.003	0.005	0.004	0	0	0.002	0	0	0	0	0.001	0	0	0	0	0	0	0	0	0	0	0	0	0	0	0	0	0	0	0	0	0	0	0	0	0	0	0	0	0	0	0	0	0	0	0	0	0	0	0	0	0	0	0	0	0	0	0	0	0	0	0	0	0	0	0	0	0	0	0	0	0	0	0	
1	1	1	1	1	1	1	1	1	1	1	1	1	1	1	1	1	1	1	1	1	1	1	1	1	1	1	0.999	0.999	0.996	0.985	0.971	0.93	0.895	0.825	0.685	0.613	0.508	0.425	0.305	0.212	0.156	0.095	0.086	0.067	0.042	0.03	0.019	0.013	0.007	0.008	0.003	0	0	0.003	0	0	0	0	0	0	0	0	0	0	0	0	0	0	0	0	0	0	0	0	0	0	0	0	0	0	0	0	0	0	0	0	0	0	0	0	0	0	0	0	0	0	0	0	0	
1	1	1	1	1	0.998	0.999	0.999	0.998	0.998	0.997	1	0.997	0.998	0.993	0.996	0.997	0.995	0.999	0.998	0.991	0.995	0.998	0.998	1	1	1	0.999	0.998	0.996	0.993	0.991	0.995	0.983	0.978	0.964	0.956	0.954	0.943	0.923	0.909	0.9	0.865	0.825	0.785	0.789	0.779	0.736	0.672	0.688	0.655	0.625	0.596	0.568	0.51	0.519	0.491	0.455	0.378	0.392	0.349	0.332	0.329	0.326	0.305	0.275	0.269	0.247	0.24	0.235	0.214	0.209	0.184	0.168	0.16	0.164	0.135	0.127	0.133	0.124	0.117	0.119	0.127	0.096	0.094	0.098	0.08	0.088	0.082	0.075	0.066	0.089	0.047	0.058	0.055	0.061	0.058	0.051	0.044	0.041	
1	1	1	1	1	1	0.999	0.999	0.994	0.98	0.978	0.944	0.924	0.891	0.884	0.85	0.848	0.814	0.8	0.772	0.766	0.777	0.779	0.741	0.725	0.727	0.711	0.678	0.68	0.686	0.675	0.678	0.656	0.653	0.652	0.63	0.606	0.605	0.573	0.537	0.547	0.479	0.478	0.427	0.44	0.368	0.353	0.324	0.294	0.254	0.224	0.179	0.188	0.162	0.127	0.104	0.095	0.094	0.073	0.065	0.044	0.036	0.021	0.028	0.031	0.022	0.018	0.013	0.013	0.008	0.011	0.011	0.01	0.003	0.004	0.002	0.002	0.002	0.001	0.001	0.001	0.001	0	0.001	0	0	0	0	0	0.001	0	0	0	0	0	0	0	0	0	0	
1	1	1	1	1	1	1	1	1	1	1	1	1	1	1	1	1	1	1	1	1	1	1	1	0.999	0.999	0.999	0.998	0.988	0.98	0.962	0.945	0.894	0.846	0.791	0.721	0.668	0.542	0.511	0.39	0.328	0.299	0.21	0.161	0.114	0.079	0.076	0.05	0.037	0.024	0.013	0.012	0.008	0.01	0.006	0.004	0	0.003	0	0	0	0.001	0	0.001	0	0	0	0	0	0	0	0	0	0	0	0	0	0	0	0	0	0	0	0	0	0	0	0	0	0	0	0	0	0	0	0	0	0	0	0	
1	1	1	1	1	1	1	1	1	1	1	1	1	1	1	1	1	1	0.996	0.985	0.97	0.942	0.91	0.855	0.807	0.684	0.64	0.549	0.448	0.345	0.292	0.231	0.207	0.128	0.096	0.067	0.044	0.033	0.019	0.011	0.006	0.003	0.004	0.001	0.002	0.002	0	0	0.001	0	0	0	0	0	0	0	0	0	0	0	0	0	0	0	0	0	0	0	0	0	0	0	0	0	0	0	0	0	0	0	0	0	0	0	0	0	0	0	0	0	0	0	0	0	0	0	0	0	0	0	
1	1	1	1	1	1	1	1	1	1	1	1	1	1	1	1	0.999	0.997	0.994	0.99	0.987	0.977	0.967	0.951	0.925	0.902	0.877	0.85	0.817	0.772	0.766	0.722	0.687	0.677	0.606	0.609	0.581	0.519	0.532	0.482	0.442	0.468	0.449	0.402	0.394	0.39	0.334	0.329	0.33	0.327	0.315	0.269	0.276	0.274	0.256	0.22	0.218	0.221	0.22	0.163	0.177	0.171	0.146	0.152	0.114	0.135	0.114	0.11	0.086	0.09	0.114	0.076	0.082	0.086	0.057	0.079	0.043	0.057	0.057	0.044	0.039	0.062	0.031	0.034	0.034	0.019	0.017	0.014	0.025	0.022	0.02	0.015	0.011	0.017	0.01	0.018	0.009	0.012	0.014	0.008	
1	1	1	1	1	1	1	1	1	1	1	1	1	1	1	1	1	1	1	1	1	1	1	1	1	1	1	1	1	1	1	1	1	1	1	1	1	1	1	1	1	1	1	1	1	1	1	1	1	1	1	1	1	0.999	0.999	1	0.999	0.998	1	1	1	1	0.999	1	1	1	0.999	0.999	0.999	0.999	1	0.995	1	0.999	0.997	0.997	0.999	0.999	0.999	0.993	0.998	0.996	0.999	0.997	0.998	0.999	0.992	0.996	0.987	0.986	0.986	0.994	0.99	0.997	0.991	0.992	0.992	0.996	0.991	0.992	
1	1	1	1	1	1	1	1	1	1	1	1	1	1	1	1	1	1	1	1	1	1	1	1	1	1	1	1	1	1	1	1	1	1	1	1	1	1	1	1	1	1	1	1	1	1	1	1	1	1	1	1	1	1	1	1	1	1	1	1	1	1	1	1	1	1	1	0.999	0.998	0.998	0.999	0.998	0.999	1	0.998	1	0.999	0.998	0.996	0.998	0.995	0.996	0.997	0.994	0.998	0.996	0.993	0.996	0.99	0.991	0.995	0.991	0.989	0.992	0.989	0.991	0.987	0.992	0.987	0.984	
1	1	1	1	1	1	1	1	1	1	1	1	1	1	1	1	1	1	1	1	1	1	1	1	1	1	1	1	1	1	1	1	1	1	1	1	1	1	1	0.999	0.997	0.998	0.999	0.996	0.989	0.981	0.977	0.968	0.945	0.935	0.913	0.895	0.863	0.851	0.807	0.752	0.713	0.688	0.659	0.622	0.564	0.531	0.498	0.465	0.417	0.399	0.346	0.32	0.318	0.28	0.259	0.241	0.199	0.173	0.184	0.149	0.154	0.142	0.111	0.127	0.101	0.089	0.088	0.097	0.064	0.071	0.055	0.053	0.055	0.042	0.053	0.052	0.041	0.029	0.028	0.031	0.023	0.026	0.027	0.024	
1	1	1	1	1	1	1	1	1	1	1	1	1	1	1	1	1	1	1	1	1	1	1	1	1	1	0.998	1	0.999	0.998	0.997	0.992	0.985	0.979	0.937	0.882	0.849	0.733	0.634	0.558	0.462	0.341	0.231	0.171	0.13	0.09	0.052	0.037	0.018	0.019	0.006	0.005	0.005	0.002	0	0.001	0	0	0	0	0	0.001	0	0	0	0	0	0	0	0	0	0	0	0	0	0	0	0	0	0	0	0	0	0	0	0	0	0	0	0	0	0	0	0	0	0	0	0	0	0	
1	1	1	1	0.997	0.946	0.85	0.714	0.578	0.434	0.303	0.214	0.148	0.134	0.095	0.069	0.056	0.046	0.04	0.031	0.02	0.023	0.026	0.016	0.018	0.011	0.011	0.009	0.011	0.013	0.007	0.01	0.009	0.015	0.013	0.007	0.006	0.011	0.014	0.007	0.004	0.009	0.012	0.012	0.005	0.006	0.008	0.012	0.004	0.008	0.006	0.004	0.006	0.005	0.005	0.006	0.006	0.006	0.005	0.002	0.005	0.004	0.003	0.004	0.006	0.005	0.001	0.008	0.002	0.002	0.004	0.005	0.005	0.002	0.003	0.005	0	0.005	0.004	0.003	0.003	0.002	0.003	0.005	0.008	0.003	0.001	0.003	0.001	0	0.001	0.007	0.002	0.003	0.001	0.001	0.003	0	0.003	0.001	
1	1	1	1	1	1	1	1	1	1	1	1	1	1	1	1	0.999	1	0.995	0.997	0.994	0.983	0.962	0.926	0.88	0.781	0.722	0.587	0.503	0.401	0.331	0.26	0.173	0.099	0.085	0.058	0.046	0.024	0.016	0.008	0.005	0.006	0.004	0.005	0	0	0	0	0	0	0	0	0	0	0	0	0	0	0	0	0	0	0	0	0	0	0	0	0	0	0	0	0	0	0	0	0	0	0	0	0	0	0	0	0	0	0	0	0	0	0	0	0	0	0	0	0	0	0	0	
1	1	1	1	1	1	1	1	1	1	1	1	1	1	1	1	1	1	1	1	1	0.999	0.996	0.997	0.985	0.963	0.94	0.917	0.864	0.783	0.676	0.584	0.511	0.392	0.297	0.225	0.16	0.109	0.067	0.038	0.021	0.013	0.011	0.005	0.003	0.001	0	0.001	0	0	0	0	0	0	0	0	0	0	0	0	0	0	0	0	0	0	0	0	0	0	0	0	0	0	0	0	0	0	0	0	0	0	0	0	0	0	0	0	0	0	0	0	0	0	0	0	0	0	0	0	
1	1	1	1	1	1	1	1	1	1	1	1	1	1	1	1	0.999	1	1	0.999	0.999	1	1	1	1	0.999	0.999	1	1	1	0.999	1	0.999	0.998	0.999	0.999	0.997	0.998	0.996	0.997	0.999	0.995	0.999	0.996	1	0.995	0.998	0.996	0.995	0.997	0.996	0.997	0.996	0.992	0.997	0.993	0.998	0.996	0.993	0.995	0.99	0.99	0.993	0.993	0.988	0.992	0.998	0.995	0.997	0.988	0.996	0.986	0.992	0.996	0.993	0.993	0.995	0.993	0.991	0.992	0.993	0.993	0.996	0.988	0.987	0.994	0.995	0.992	0.994	0.989	0.991	0.99	0.991	0.993	0.993	0.986	0.992	0.989	0.989	0.984	
1	1	1	1	1	1	1	1	1	1	1	1	1	1	1	0.996	0.996	0.984	0.955	0.9	0.831	0.733	0.616	0.518	0.406	0.326	0.252	0.161	0.114	0.083	0.051	0.029	0.017	0.007	0.013	0.004	0	0.002	0	0	0	0.001	0	0	0	0	0	0	0	0	0	0	0	0	0	0	0	0	0	0	0	0	0	0	0	0	0	0	0	0	0	0	0	0	0	0	0	0	0	0	0	0	0	0	0	0	0	0	0	0	0	0	0	0	0	0	0	0	0	0	
1	1	1	1	1	1	1	1	1	1	1	1	0.999	0.998	0.994	0.968	0.967	0.905	0.826	0.73	0.591	0.504	0.409	0.272	0.167	0.128	0.09	0.06	0.021	0.015	0.016	0.007	0.001	0	0	0	0	0.001	0	0	0	0	0	0	0	0	0	0	0	0	0	0	0	0	0	0	0	0	0	0	0	0	0	0	0	0	0	0	0	0	0	0	0	0	0	0	0	0	0	0	0	0	0	0	0	0	0	0	0	0	0	0	0	0	0	0	0	0	0	0	
1	1	1	1	1	1	0.999	0.999	0.997	0.988	0.979	0.96	0.95	0.92	0.863	0.818	0.774	0.677	0.618	0.518	0.457	0.401	0.315	0.251	0.193	0.147	0.128	0.091	0.07	0.05	0.04	0.029	0.019	0.014	0.007	0.01	0.007	0.009	0.007	0.004	0.003	0.002	0.001	0.001	0.001	0	0.001	0	0.001	0	0	0.001	0.001	0	0	0	0	0	0	0	0	0	0	0	0	0	0	0	0	0	0	0	0	0	0	0	0	0	0	0	0	0	0	0	0	0	0	0	0	0	0	0	0	0	0	0	0	0	0	0	
1	1	1	1	1	1	1	1	1	1	1	1	1	1	1	1	1	1	1	1	1	1	1	0.999	0.998	0.995	0.993	0.986	0.975	0.966	0.964	0.933	0.906	0.894	0.853	0.814	0.746	0.712	0.563	0.509	0.409	0.294	0.229	0.162	0.132	0.07	0.052	0.027	0.02	0.013	0.01	0.004	0.002	0.001	0.002	0	0	0	0	0	0	0	0	0.001	0	0	0	0	0	0	0	0	0	0	0	0	0	0	0	0	0	0	0	0	0	0	0	0	0	0	0	0	0	0	0	0	0	0	0	0	
1	1	1	1	1	1	1	1	1	1	1	1	1	0.999	0.974	0.93	0.841	0.692	0.546	0.341	0.213	0.117	0.046	0.01	0.003	0.005	0	0	0	0	0	0	0	0	0	0	0	0	0	0	0	0	0	0	0	0	0	0	0	0	0	0	0	0	0	0	0	0	0	0	0	0	0	0	0	0	0	0	0	0	0	0	0	0	0	0	0	0	0	0	0	0	0	0	0	0	0	0	0	0	0	0	0	0	0	0	0	0	0	0	
1	0.992	0.906	0.74	0.54	0.394	0.261	0.163	0.105	0.075	0.035	0.026	0.023	0.01	0.006	0.008	0.007	0.007	0.003	0.003	0.003	0.003	0.004	0.003	0.001	0.003	0.003	0.004	0.001	0.004	0.004	0.006	0.004	0.003	0.002	0.002	0.002	0.001	0.001	0	0	0	0	0	0	0	0	0	0	0	0	0	0	0	0	0	0	0	0	0	0	0	0	0	0	0	0	0	0	0	0	0	0	0	0	0	0	0	0	0	0	0	0	0	0	0	0	0	0	0	0	0	0	0	0	0	0	0	0	0	
1	1	1	1	1	1	1	1	1	1	1	1	1	1	1	1	1	1	1	1	1	1	1	1	1	1	1	1	1	0.994	0.981	0.964	0.959	0.927	0.859	0.788	0.736	0.625	0.529	0.415	0.349	0.241	0.179	0.114	0.069	0.051	0.028	0.018	0.011	0.005	0.005	0.002	0	0	0	0	0	0	0	0	0	0	0	0	0	0	0	0	0	0	0	0	0	0	0	0	0	0	0	0	0	0	0	0	0	0	0	0	0	0	0	0	0	0	0	0	0	0	0	0	
1	1	1	1	1	1	1	1	1	1	1	1	1	1	1	1	1	1	1	1	1	1	1	1	1	1	1	1	1	1	1	1	1	0.999	0.999	1	1	1	1	1	1	1	1	1	1	1	1	1	1	0.999	1	1	1	1	0.997	1	0.999	0.999	1	0.998	0.999	0.995	0.999	0.999	0.996	0.996	0.998	0.995	0.998	0.997	0.997	0.994	0.992	0.994	0.994	0.992	0.996	0.988	0.988	0.991	0.984	0.989	0.985	0.996	0.998	0.985	0.982	0.985	0.978	0.979	0.977	0.981	0.976	0.975	0.976	0.977	0.979	0.974	0.977	0.968	
1	1	1	1	1	1	1	1	1	1	1	1	1	1	1	1	1	1	1	1	1	1	1	1	1	1	1	1	1	1	1	1	1	1	1	1	1	1	1	1	1	1	1	1	1	1	1	1	1	1	1	1	1	0.999	1	1	1	1	1	1	0.999	0.999	1	1	1	0.999	1	0.999	0.999	1	0.999	1	0.998	1	0.999	0.996	0.996	0.999	0.998	1	0.998	0.998	0.998	0.995	0.998	0.997	0.998	0.997	0.997	0.995	0.998	0.996	0.993	0.995	0.995	0.995	0.993	0.993	0.993	0.993	
1	1	1	1	1	1	1	1	1	1	1	1	1	1	1	1	1	0.999	0.999	0.999	0.998	0.999	0.998	0.996	0.996	0.996	0.989	0.995	0.991	0.996	0.987	0.981	0.969	0.951	0.952	0.952	0.948	0.945	0.927	0.918	0.892	0.884	0.848	0.84	0.852	0.797	0.792	0.778	0.77	0.744	0.72	0.717	0.679	0.695	0.675	0.644	0.624	0.618	0.595	0.582	0.566	0.543	0.531	0.507	0.505	0.494	0.486	0.465	0.428	0.443	0.436	0.396	0.395	0.41	0.382	0.366	0.377	0.365	0.337	0.332	0.308	0.335	0.298	0.317	0.287	0.276	0.243	0.254	0.262	0.267	0.246	0.237	0.229	0.225	0.203	0.216	0.179	0.195	0.181	0.18	
1	1	1	0.999	0.999	0.99	0.989	0.974	0.956	0.949	0.951	0.95	0.945	0.951	0.956	0.95	0.93	0.935	0.895	0.855	0.769	0.728	0.636	0.552	0.482	0.384	0.356	0.288	0.198	0.163	0.131	0.094	0.088	0.045	0.042	0.044	0.033	0.026	0.012	0.01	0.005	0.008	0.006	0.005	0.004	0	0.001	0.001	0.001	0	0	0	0	0	0.001	0	0	0	0	0	0	0	0	0	0	0	0	0	0	0	0	0	0	0	0	0	0	0	0	0	0	0	0	0	0	0	0	0	0	0	0	0	0	0	0	0	0	0	0	0	
1	1	1	1	1	1	1	1	1	1	1	1	1	1	1	1	1	1	1	1	1	1	1	1	1	1	1	1	1	1	1	1	0.999	1	1	0.999	0.998	0.998	1	0.996	1	0.995	0.992	0.996	0.99	0.99	0.986	0.976	0.977	0.984	0.978	0.964	0.972	0.968	0.963	0.95	0.955	0.953	0.947	0.928	0.925	0.941	0.932	0.921	0.908	0.896	0.895	0.913	0.887	0.878	0.87	0.864	0.865	0.85	0.833	0.814	0.812	0.825	0.772	0.784	0.758	0.754	0.729	0.725	0.698	0.703	0.721	0.678	0.642	0.633	0.608	0.614	0.624	0.59	0.569	0.554	0.527	0.52	0.519	0.514	
1	1	1	0.996	0.985	0.985	0.986	0.97	0.97	0.97	0.972	0.975	0.965	0.969	0.973	0.95	0.959	0.943	0.938	0.928	0.891	0.893	0.888	0.805	0.779	0.759	0.723	0.675	0.626	0.592	0.535	0.484	0.488	0.458	0.415	0.368	0.337	0.32	0.292	0.274	0.26	0.208	0.2	0.172	0.165	0.147	0.133	0.127	0.14	0.109	0.092	0.087	0.072	0.086	0.075	0.07	0.056	0.056	0.06	0.049	0.049	0.042	0.029	0.025	0.02	0.03	0.016	0.024	0.019	0.015	0.012	0.016	0.015	0.008	0.01	0.007	0.007	0.015	0.005	0.004	0.008	0.005	0.003	0.005	0.001	0.003	0.005	0.002	0.001	0.002	0.004	0.003	0.004	0.004	0.001	0.002	0.003	0.005	0	0.004	
1	1	1	1	1	1	1	1	1	0.998	0.986	0.975	0.938	0.923	0.899	0.816	0.741	0.729	0.687	0.654	0.572	0.506	0.481	0.439	0.387	0.345	0.314	0.23	0.215	0.175	0.143	0.117	0.079	0.048	0.035	0.03	0.023	0.007	0.007	0.001	0.003	0.001	0	0.001	0.001	0.001	0	0	0	0	0	0	0	0	0	0	0	0	0	0	0	0	0	0	0	0	0	0	0	0	0	0	0	0	0	0	0	0	0	0	0	0	0	0	0	0	0	0	0	0	0	0	0	0	0	0	0	0	0	0	
1	1	1	1	1	1	1	1	1	1	1	1	1	1	1	1	1	1	1	1	1	1	1	1	1	1	1	1	1	1	1	1	1	1	1	1	1	1	1	1	1	1	1	1	1	1	1	1	1	1	1	1	1	1	1	1	1	1	1	1	1	1	1	1	1	1	1	1	0.999	1	1	1	1	1	0.999	1	1	0.996	0.998	1	1	0.999	0.998	1	0.999	1	0.999	1	0.998	0.999	0.997	0.999	0.998	0.998	1	0.998	1	0.999	0.997	0.999	
1	1	1	1	1	1	1	1	1	1	1	1	1	1	1	1	1	1	1	1	1	1	1	0.998	0.995	0.989	0.979	0.948	0.927	0.87	0.82	0.76	0.649	0.54	0.455	0.343	0.29	0.208	0.184	0.134	0.102	0.071	0.059	0.031	0.026	0.015	0.012	0.004	0.005	0.006	0.002	0.003	0.001	0.001	0	0.001	0	0.001	0	0	0	0	0	0	0	0	0	0	0	0	0	0	0	0	0	0	0	0	0	0	0	0	0	0	0	0	0	0	0	0	0	0	0	0	0	0	0	0	0	0	
1	1	1	1	1	1	1	1	1	1	1	1	1	1	1	1	1	1	1	1	1	0.999	0.997	0.997	0.984	0.96	0.948	0.882	0.836	0.767	0.625	0.518	0.385	0.318	0.253	0.159	0.103	0.076	0.054	0.037	0.021	0.016	0.007	0.005	0	0.001	0.001	0.002	0.001	0	0	0	0	0	0	0	0	0	0	0	0	0	0	0	0	0	0	0	0	0	0	0	0	0	0	0	0	0	0	0	0	0	0	0	0	0	0	0	0	0	0	0	0	0	0	0	0	0	0	0	
1	1	1	1	1	1	1	1	1	1	1	0.999	0.993	0.954	0.929	0.833	0.715	0.593	0.494	0.356	0.268	0.175	0.121	0.078	0.054	0.019	0.023	0.015	0.009	0.008	0.005	0.001	0.002	0	0	0.001	0	0	0	0	0	0	0	0	0	0	0	0	0	0	0	0	0	0	0	0	0	0	0	0	0	0	0	0	0	0	0	0	0	0	0	0	0	0	0	0	0	0	0	0	0	0	0	0	0	0	0	0	0	0	0	0	0	0	0	0	0	0	0	0	
1	1	1	1	1	1	1	1	1	1	1	1	1	1	1	1	1	1	1	1	1	1	1	1	1	1	1	1	1	1	1	1	1	1	1	1	1	1	0.999	0.999	0.999	0.999	1	0.998	0.998	0.997	0.994	0.994	0.993	0.984	0.976	0.982	0.972	0.966	0.97	0.958	0.947	0.946	0.931	0.945	0.913	0.884	0.879	0.885	0.857	0.854	0.84	0.821	0.799	0.78	0.769	0.757	0.732	0.729	0.705	0.708	0.677	0.652	0.669	0.656	0.652	0.633	0.6	0.605	0.58	0.581	0.585	0.579	0.552	0.568	0.551	0.548	0.541	0.541	0.514	0.492	0.462	0.469	0.479	0.481	
1	1	1	1	1	1	1	1	1	1	1	1	1	1	1	1	1	1	1	0.998	0.993	0.993	0.971	0.957	0.926	0.862	0.799	0.707	0.588	0.498	0.408	0.3	0.264	0.161	0.152	0.107	0.044	0.045	0.026	0.023	0.005	0.006	0.002	0.002	0.001	0.004	0	0	0	0.001	0	0	0	0	0	0	0	0	0	0	0	0	0	0	0	0	0	0	0	0	0	0	0	0	0	0	0	0	0	0	0	0	0	0	0	0	0	0	0	0	0	0	0	0	0	0	0	0	0	0	
1	1	1	1	1	1	1	1	1	1	1	1	0.996	0.989	0.963	0.925	0.836	0.742	0.621	0.513	0.475	0.415	0.303	0.25	0.23	0.197	0.155	0.126	0.093	0.106	0.064	0.052	0.052	0.033	0.029	0.033	0.025	0.011	0.02	0.011	0.016	0.001	0.01	0.009	0.005	0.001	0.004	0.004	0.001	0.002	0.001	0.002	0.001	0	0	0.002	0	0.002	0	0	0	0	0	0	0.002	0	0	0	0	0	0	0	0	0	0	0.001	0	0	0.001	0	0	0	0	0	0	0	0	0	0	0	0	0	0	0	0	0	0	0	0	0	
1	1	1	1	1	1	1	1	1	1	1	1	1	1	1	1	1	1	1	1	1	1	0.999	1	0.999	0.998	0.996	0.994	0.995	0.99	0.986	0.974	0.957	0.943	0.931	0.911	0.863	0.851	0.804	0.764	0.714	0.679	0.63	0.559	0.485	0.474	0.409	0.369	0.306	0.278	0.231	0.22	0.159	0.144	0.119	0.102	0.089	0.065	0.062	0.046	0.04	0.036	0.026	0.02	0.014	0.008	0.014	0.011	0.009	0.007	0.009	0.007	0.003	0.002	0.002	0.002	0.006	0.001	0.002	0.001	0	0.003	0	0.001	0.001	0.001	0.001	0.001	0	0	0.001	0	0	0	0	0	0	0	0	0	
1	1	1	1	1	1	1	1	1	1	1	1	1	1	0.997	0.983	0.927	0.781	0.612	0.401	0.228	0.1	0.049	0.021	0.007	0.003	0.002	0	0	0	0	0	0	0	0	0	0	0	0	0	0	0	0	0	0	0	0	0	0	0	0	0	0	0	0	0	0	0	0	0	0	0	0	0	0	0	0	0	0	0	0	0	0	0	0	0	0	0	0	0	0	0	0	0	0	0	0	0	0	0	0	0	0	0	0	0	0	0	0	0	
1	1	1	1	1	1	1	1	1	1	1	1	1	1	1	1	1	1	1	1	1	1	1	1	1	1	1	1	1	1	1	1	1	1	1	1	1	1	1	1	1	0.998	1	0.999	1	0.999	0.998	1	0.999	0.999	0.999	1	0.997	0.999	0.999	0.999	1	0.999	0.999	0.999	0.995	0.997	0.996	0.996	0.995	0.996	0.993	0.995	0.991	0.988	0.994	0.991	0.986	0.981	0.972	0.975	0.966	0.952	0.947	0.93	0.92	0.928	0.877	0.892	0.846	0.807	0.808	0.76	0.716	0.68	0.681	0.645	0.591	0.572	0.515	0.478	0.441	0.426	0.399	0.361	
1	1	1	1	1	1	1	1	1	1	1	1	1	1	1	1	1	1	1	1	1	1	1	1	1	1	1	1	1	1	1	1	1	1	1	0.999	1	0.998	0.998	0.998	0.995	0.985	0.975	0.971	0.942	0.906	0.883	0.856	0.796	0.72	0.682	0.58	0.555	0.475	0.396	0.374	0.29	0.22	0.215	0.18	0.13	0.106	0.088	0.086	0.06	0.032	0.022	0.021	0.018	0.016	0.012	0.005	0.004	0.002	0.001	0.001	0.001	0.001	0.001	0	0.002	0	0	0	0	0	0	0	0	0	0	0	0	0	0	0	0	0	0	0	
1	1	1	1	1	1	1	1	0.997	0.99	0.932	0.807	0.627	0.465	0.283	0.168	0.115	0.049	0.02	0.006	0.003	0	0	0	0	0	0	0	0	0	0	0	0	0	0	0	0	0	0	0	0	0	0	0	0	0	0	0	0	0	0	0	0	0	0	0	0	0	0	0	0	0	0	0	0	0	0	0	0	0	0	0	0	0	0	0	0	0	0	0	0	0	0	0	0	0	0	0	0	0	0	0	0	0	0	0	0	0	0	0	
1	1	1	1	1	0.997	0.976	0.921	0.841	0.699	0.555	0.43	0.356	0.292	0.245	0.181	0.156	0.115	0.083	0.071	0.055	0.047	0.048	0.024	0.022	0.017	0.013	0.022	0.01	0.014	0.008	0.008	0.006	0.006	0.005	0.003	0.007	0.01	0.006	0.003	0.006	0.005	0.004	0.005	0.008	0.006	0.006	0.005	0.013	0.006	0.005	0.006	0.004	0.006	0.003	0.007	0.008	0.005	0.006	0.007	0.008	0.01	0.01	0.005	0.012	0.014	0.008	0.013	0.007	0.009	0.009	0.014	0.008	0.007	0.007	0.013	0.009	0.01	0.015	0.016	0.006	0.01	0.018	0.014	0.014	0.011	0.01	0.006	0.021	0.01	0.013	0.011	0.008	0.013	0.012	0.012	0.016	0.005	0.011	0.006	
1	1	1	1	1	1	1	1	1	1	1	1	1	1	0.999	0.999	0.995	0.996	0.993	0.984	0.972	0.951	0.929	0.888	0.849	0.79	0.678	0.579	0.498	0.396	0.334	0.254	0.2	0.133	0.093	0.062	0.054	0.027	0.019	0.016	0.008	0.007	0.003	0.003	0.001	0.002	0.002	0	0	0	0	0	0	0	0	0	0	0	0	0	0	0	0	0	0	0	0	0	0	0	0	0	0	0	0	0	0	0	0	0	0	0	0	0	0	0	0	0	0	0	0	0	0	0	0	0	0	0	0	0	
1	1	1	1	1	1	1	1	1	1	1	1	1	1	1	1	1	1	1	1	1	1	1	0.999	0.999	1	1	1	0.998	0.997	0.992	0.999	0.986	0.99	0.993	0.987	0.988	0.991	0.988	0.986	0.981	0.993	0.984	0.984	0.978	0.978	0.991	0.981	0.983	0.982	0.98	0.976	0.98	0.977	0.972	0.968	0.972	0.982	0.979	0.966	0.964	0.966	0.954	0.972	0.955	0.951	0.945	0.942	0.949	0.942	0.944	0.941	0.936	0.93	0.913	0.924	0.915	0.905	0.913	0.91	0.866	0.865	0.864	0.866	0.833	0.846	0.823	0.82	0.813	0.804	0.782	0.787	0.765	0.763	0.709	0.74	0.699	0.7	0.67	0.693	
1	1	1	1	1	1	1	1	1	1	1	1	1	1	1	1	1	1	1	1	1	1	1	1	1	1	1	1	1	1	0.999	0.994	0.987	0.984	0.962	0.938	0.912	0.852	0.802	0.727	0.689	0.626	0.511	0.464	0.379	0.365	0.325	0.257	0.2	0.163	0.129	0.118	0.078	0.073	0.056	0.052	0.033	0.037	0.022	0.016	0.018	0.009	0.012	0.008	0.009	0.001	0.006	0.005	0.001	0.004	0.002	0	0.001	0.001	0	0	0.001	0	0.001	0	0.001	0	0	0.001	0	0.001	0	0	0	0	0	0	0	0	0	0	0	0	0	0	
1	1	1	1	1	1	1	1	1	1	1	1	1	1	1	1	1	1	1	1	1	1	1	0.999	0.999	0.991	0.982	0.952	0.901	0.817	0.743	0.62	0.515	0.385	0.282	0.208	0.129	0.116	0.063	0.047	0.028	0.014	0.014	0.009	0.007	0.001	0.003	0.002	0	0	0	0	0	0	0	0	0	0	0	0	0	0	0	0	0	0	0	0	0	0	0	0	0	0	0	0	0	0	0	0	0	0	0	0	0	0	0	0	0	0	0	0	0	0	0	0	0	0	0	0	
1	1	1	1	1	1	1	1	1	0.998	0.992	0.985	0.937	0.877	0.808	0.732	0.671	0.548	0.522	0.455	0.429	0.369	0.407	0.356	0.362	0.352	0.353	0.397	0.367	0.38	0.373	0.388	0.372	0.361	0.38	0.38	0.347	0.341	0.327	0.281	0.267	0.246	0.21	0.174	0.157	0.126	0.115	0.072	0.062	0.056	0.039	0.035	0.031	0.014	0.015	0.012	0.004	0.01	0.005	0.005	0.001	0.002	0.001	0.003	0.003	0.001	0.001	0	0	0	0	0	0	0	0.001	0	0	0	0	0	0	0	0	0	0	0	0	0	0	0	0	0	0	0	0	0	0	0	0	0	
1	1	1	1	1	1	1	0.999	0.997	0.992	0.988	0.973	0.96	0.936	0.867	0.817	0.749	0.681	0.631	0.57	0.469	0.403	0.34	0.317	0.238	0.205	0.144	0.142	0.11	0.096	0.094	0.053	0.041	0.046	0.025	0.024	0.025	0.022	0.02	0.01	0.009	0.004	0.012	0	0.004	0.003	0.004	0.001	0	0.002	0.003	0.002	0.001	0	0.001	0	0.001	0.001	0	0	0.001	0	0.001	0	0	0	0	0	0	0	0	0	0.001	0	0	0	0	0	0	0	0	0	0	0	0	0	0	0	0	0	0	0	0	0	0	0	0	0	0	0	
1	1	1	1	1	1	1	1	1	1	1	1	1	1	1	1	1	1	1	1	1	1	1	1	1	1	1	1	1	1	1	0.999	1	0.993	0.988	0.984	0.981	0.954	0.926	0.917	0.846	0.816	0.747	0.677	0.591	0.518	0.426	0.339	0.283	0.235	0.15	0.128	0.095	0.063	0.053	0.028	0.032	0.019	0.01	0.007	0.005	0.004	0.002	0	0.001	0.002	0.002	0	0.001	0	0	0	0	0	0	0	0	0	0	0	0	0	0	0	0	0	0	0	0	0	0	0	0	0	0	0	0	0	0	0	
1	1	1	1	1	1	1	1	1	1	1	1	1	1	1	1	1	1	1	1	1	1	1	1	1	1	1	1	1	1	1	1	1	1	1	1	1	1	1	1	1	1	1	1	1	1	1	1	1	1	1	1	1	1	1	1	1	1	1	1	1	1	1	1	1	1	1	1	1	1	1	1	1	1	1	1	1	1	0.999	0.998	0.998	0.999	0.999	1	0.999	0.998	0.997	0.996	0.998	0.997	0.998	0.997	0.993	0.994	0.996	0.991	0.997	0.995	0.993	0.996	
1	1	1	1	1	1	1	1	1	1	1	1	1	1	1	1	1	1	1	0.998	1	0.991	0.984	0.97	0.953	0.914	0.872	0.81	0.739	0.678	0.576	0.528	0.47	0.361	0.323	0.265	0.216	0.178	0.132	0.095	0.071	0.06	0.053	0.055	0.03	0.027	0.019	0.019	0.014	0.016	0.01	0.008	0.006	0.006	0.003	0.003	0.004	0.001	0.001	0	0	0.001	0.003	0	0.003	0.002	0.001	0.001	0.001	0	0.002	0.002	0	0.002	0.001	0.003	0	0	0	0	0.001	0	0	0	0.001	0	0	0	0.001	0.001	0.001	0	0	0	0.001	0	0	0	0	0	
1	1	1	1	1	1	1	1	1	1	1	1	1	1	1	1	1	1	1	1	1	1	0.999	0.999	1	0.999	1	0.999	1	1	0.999	0.999	0.999	0.998	0.999	0.999	0.998	0.999	0.998	0.997	0.999	0.995	0.998	0.998	0.993	0.995	0.999	0.998	0.999	0.998	0.996	0.997	0.995	0.998	0.999	0.996	0.994	0.994	0.99	0.996	0.997	0.995	0.997	0.996	0.991	0.991	0.991	0.993	0.988	0.989	0.989	0.987	0.985	0.989	0.986	0.99	0.989	0.991	0.991	0.983	0.989	0.984	0.989	0.983	0.986	0.987	0.987	0.988	0.986	0.986	0.991	0.976	0.979	0.989	0.989	0.98	0.973	0.984	0.979	0.985	
1	1	1	1	0.998	0.966	0.814	0.584	0.37	0.22	0.133	0.095	0.078	0.075	0.064	0.07	0.051	0.053	0.039	0.031	0.016	0.018	0.008	0.004	0.001	0.001	0	0	0	0	0	0	0	0	0	0	0	0	0	0	0	0	0	0	0	0	0	0	0	0	0	0	0	0	0	0	0	0	0	0	0	0	0	0	0	0	0	0	0	0	0	0	0	0	0	0	0	0	0	0	0	0	0	0	0	0	0	0	0	0	0	0	0	0	0	0	0	0	0	0	
1	1	1	1	1	1	1	1	1	1	1	1	1	1	1	1	1	1	1	1	1	1	1	1	1	1	1	1	1	1	1	1	1	1	1	1	1	1	1	1	1	1	1	1	1	1	1	0.999	0.999	0.999	1	0.997	0.995	0.998	0.997	0.997	0.99	0.993	0.982	0.986	0.983	0.977	0.972	0.959	0.951	0.95	0.936	0.914	0.916	0.908	0.904	0.86	0.861	0.83	0.82	0.793	0.783	0.721	0.724	0.698	0.668	0.665	0.623	0.595	0.568	0.534	0.512	0.521	0.482	0.429	0.392	0.412	0.361	0.358	0.319	0.307	0.291	0.291	0.264	0.263	
1	1	1	1	1	1	1	1	1	1	0.999	0.997	0.99	0.978	0.923	0.879	0.787	0.693	0.606	0.47	0.368	0.285	0.209	0.132	0.085	0.053	0.034	0.014	0.015	0.005	0.004	0.004	0	0	0.001	0	0	0	0	0	0	0	0	0	0	0	0	0	0	0	0	0	0	0	0	0	0	0	0	0	0	0	0	0	0	0	0	0	0	0	0	0	0	0	0	0	0	0	0	0	0	0	0	0	0	0	0	0	0	0	0	0	0	0	0	0	0	0	0	0	
1	1	1	1	1	1	1	1	1	1	1	1	1	1	1	1	1	1	1	1	1	1	1	0.999	0.997	0.999	0.985	0.981	0.981	0.964	0.951	0.939	0.903	0.863	0.807	0.803	0.725	0.688	0.608	0.569	0.562	0.499	0.465	0.414	0.367	0.334	0.296	0.261	0.278	0.265	0.206	0.189	0.161	0.152	0.164	0.157	0.111	0.114	0.096	0.107	0.081	0.078	0.071	0.072	0.061	0.064	0.045	0.05	0.039	0.045	0.041	0.03	0.027	0.021	0.029	0.022	0.022	0.03	0.023	0.02	0.012	0.022	0.017	0.013	0.009	0.021	0.014	0.006	0.012	0.017	0.005	0.01	0.011	0.007	0.006	0.003	0.006	0.005	0.005	0.005	
1	1	1	1	1	1	1	1	0.999	0.996	0.998	0.995	0.984	0.979	0.961	0.944	0.931	0.897	0.864	0.823	0.749	0.705	0.604	0.567	0.467	0.379	0.309	0.256	0.191	0.137	0.086	0.07	0.042	0.035	0.029	0.008	0.01	0.004	0.007	0.002	0.002	0.002	0	0	0	0	0	0	0	0	0	0	0	0	0	0	0	0	0	0	0	0	0	0	0	0	0	0	0	0	0	0	0	0	0	0	0	0	0	0	0	0	0	0	0	0	0	0	0	0	0	0	0	0	0	0	0	0	0	0	
1	1	1	1	1	1	1	1	1	1	1	1	1	1	1	1	1	1	1	1	1	1	1	1	1	1	1	1	1	1	1	1	1	1	1	1	1	1	1	1	1	1	0.999	1	1	1	1	1	1	0.999	1	0.999	0.999	0.999	0.998	1	0.996	0.996	0.999	0.997	0.996	0.998	0.994	0.988	0.994	0.989	0.987	0.996	0.984	0.992	0.991	0.98	0.984	0.98	0.98	0.976	0.978	0.969	0.964	0.979	0.97	0.967	0.966	0.966	0.963	0.955	0.962	0.963	0.956	0.954	0.956	0.95	0.953	0.946	0.954	0.944	0.938	0.936	0.937	0.939	
1	1	1	1	1	1	1	1	1	1	1	1	1	1	1	1	1	1	1	1	1	1	1	1	1	1	1	1	1	1	1	1	1	1	1	1	1	1	0.999	1	0.999	0.999	0.997	0.996	0.984	0.987	0.984	0.972	0.96	0.925	0.898	0.851	0.813	0.731	0.698	0.623	0.553	0.502	0.394	0.337	0.295	0.223	0.183	0.158	0.116	0.094	0.076	0.059	0.052	0.04	0.025	0.012	0.024	0.009	0.007	0.003	0.004	0	0.001	0.003	0.001	0.003	0.003	0	0	0	0	0	0	0	0	0	0	0	0	0	0	0	0	0	
1	1	1	1	1	1	1	1	1	1	1	1	1	1	1	1	1	1	1	1	1	1	1	1	1	1	1	1	1	1	1	1	1	1	1	1	1	1	1	1	1	1	0.999	1	0.999	1	0.999	0.999	0.996	0.993	0.994	0.986	0.985	0.972	0.968	0.947	0.935	0.918	0.883	0.883	0.851	0.802	0.797	0.747	0.723	0.678	0.656	0.609	0.619	0.575	0.506	0.435	0.412	0.391	0.353	0.31	0.264	0.27	0.265	0.222	0.186	0.178	0.159	0.13	0.112	0.101	0.09	0.078	0.069	0.067	0.045	0.053	0.034	0.022	0.027	0.03	0.018	0.013	0.014	0.009	
1	1	1	1	1	1	1	1	1	1	0.999	1	0.998	0.997	0.998	0.99	0.983	0.956	0.941	0.9	0.841	0.797	0.749	0.615	0.567	0.48	0.424	0.381	0.294	0.251	0.184	0.162	0.131	0.1	0.075	0.069	0.038	0.028	0.027	0.014	0.015	0.01	0.012	0.001	0.006	0.005	0.003	0	0.003	0.001	0	0.001	0	0.002	0	0	0	0	0	0	0	0	0	0	0	0	0	0	0	0	0	0	0	0	0	0	0	0	0	0	0	0	0	0	0	0	0	0	0	0	0	0	0	0	0	0	0	0	0	0	
1	1	1	1	1	1	1	1	1	1	1	1	1	1	1	1	1	1	1	1	1	1	1	1	1	1	1	1	1	1	1	1	1	1	1	1	1	1	1	1	1	1	1	1	1	1	1	1	1	1	1	1	1	1	1	1	1	1	1	1	1	1	1	1	1	1	1	1	1	1	1	0.999	1	1	1	1	1	1	1	0.999	0.999	0.999	0.999	0.997	1	1	0.999	0.998	0.999	0.998	0.999	1	0.997	0.996	0.997	0.999	0.998	0.994	0.994	0.995	
1	1	1	1	1	1	1	1	1	1	1	1	1	1	1	1	1	1	1	1	1	1	1	1	1	1	1	1	0.998	1	0.998	0.994	0.992	0.992	0.976	0.969	0.963	0.944	0.913	0.893	0.847	0.823	0.758	0.703	0.626	0.592	0.505	0.441	0.397	0.336	0.296	0.226	0.161	0.149	0.107	0.103	0.094	0.067	0.042	0.039	0.026	0.018	0.018	0.012	0.012	0.007	0.008	0.005	0.005	0	0.001	0.001	0.002	0.001	0.001	0	0	0	0	0	0	0	0	0	0	0	0	0	0	0	0	0	0	0	0	0	0	0	0	0	
1	1	1	1	1	1	1	1	1	1	1	1	0.999	0.998	0.995	0.996	0.995	0.99	0.984	0.973	0.959	0.953	0.914	0.891	0.842	0.796	0.748	0.697	0.638	0.584	0.499	0.409	0.376	0.283	0.255	0.184	0.14	0.089	0.076	0.044	0.036	0.028	0.014	0.01	0.006	0.007	0.002	0	0	0	0	0	0	0	0	0	0	0	0	0	0	0	0	0	0	0	0	0	0	0	0	0	0	0	0	0	0	0	0	0	0	0	0	0	0	0	0	0	0	0	0	0	0	0	0	0	0	0	0	0	
1	1	1	1	1	1	1	1	1	1	1	1	1	1	1	1	1	1	1	1	1	1	1	1	1	0.999	1	0.998	0.996	0.999	0.995	0.994	0.989	0.987	0.982	0.974	0.962	0.941	0.91	0.896	0.895	0.862	0.852	0.795	0.749	0.712	0.692	0.672	0.586	0.579	0.548	0.486	0.412	0.43	0.399	0.343	0.306	0.284	0.277	0.245	0.218	0.171	0.18	0.147	0.13	0.155	0.106	0.096	0.093	0.095	0.071	0.077	0.068	0.054	0.057	0.044	0.036	0.043	0.022	0.035	0.022	0.02	0.027	0.024	0.024	0.021	0.022	0.014	0.015	0.024	0.013	0.009	0.01	0.006	0.01	0.006	0.009	0.007	0.009	0.006	
1	1	1	1	1	1	1	1	1	1	1	1	1	0.999	0.999	0.996	0.978	0.974	0.96	0.944	0.932	0.911	0.878	0.856	0.83	0.789	0.747	0.7	0.674	0.626	0.591	0.559	0.508	0.452	0.422	0.383	0.329	0.323	0.319	0.264	0.243	0.22	0.219	0.162	0.183	0.15	0.137	0.12	0.109	0.101	0.098	0.075	0.078	0.076	0.055	0.061	0.063	0.045	0.036	0.025	0.023	0.019	0.019	0.014	0.013	0.019	0.012	0.015	0.013	0.01	0.006	0.004	0.003	0.005	0.003	0.002	0.002	0.003	0.005	0.002	0.001	0.001	0.002	0.001	0.004	0.003	0	0	0	0.001	0	0.001	0.001	0	0.001	0	0.001	0	0	0	
1	1	1	1	1	1	1	1	1	1	1	1	1	1	1	1	1	1	1	1	1	1	1	1	1	1	1	1	1	1	1	1	1	1	1	0.999	0.999	1	0.999	0.995	0.998	0.994	0.995	0.993	0.995	0.997	0.998	0.992	0.993	0.994	0.99	0.995	0.996	0.989	0.994	0.994	0.99	0.989	0.991	0.995	0.988	0.989	0.99	0.984	0.991	0.994	0.988	0.984	0.992	0.988	0.984	0.987	0.994	0.986	0.987	0.983	0.986	0.991	0.982	0.983	0.985	0.985	0.982	0.989	0.986	0.985	0.978	0.991	0.981	0.985	0.985	0.984	0.989	0.977	0.987	0.973	0.978	0.976	0.983	0.969	
1	1	1	1	1	1	1	1	1	1	1	1	0.999	0.999	0.994	0.996	0.984	0.983	0.979	0.956	0.942	0.914	0.874	0.863	0.849	0.79	0.762	0.719	0.641	0.624	0.59	0.545	0.507	0.467	0.416	0.353	0.353	0.301	0.263	0.226	0.192	0.187	0.148	0.136	0.098	0.106	0.074	0.083	0.055	0.056	0.035	0.034	0.034	0.022	0.016	0.023	0.019	0.017	0.014	0.01	0.007	0.009	0.004	0.004	0.006	0.008	0.005	0.009	0.009	0.005	0.005	0.005	0.005	0.006	0.002	0.005	0.007	0.004	0.004	0.008	0.007	0.005	0.004	0.004	0.003	0.003	0.003	0.004	0.003	0.001	0.006	0.003	0.001	0.002	0.002	0.001	0.005	0.005	0.001	0.001	
1	1	1	1	1	1	1	1	1	1	1	1	1	1	1	1	1	1	1	1	1	1	1	1	1	1	1	1	1	1	1	1	0.997	0.999	0.998	0.989	0.997	0.984	0.979	0.973	0.96	0.944	0.918	0.874	0.843	0.78	0.728	0.644	0.597	0.525	0.44	0.375	0.307	0.266	0.21	0.168	0.149	0.099	0.078	0.068	0.061	0.04	0.037	0.016	0.017	0.009	0.016	0.007	0.008	0.005	0.003	0.002	0.003	0.002	0.001	0.001	0.002	0	0.001	0.002	0	0	0	0	0	0	0	0	0	0	0	0	0	0	0	0	0	0	0	0	
1	1	1	1	1	1	1	1	1	1	1	0.999	0.999	0.999	0.993	0.984	0.966	0.891	0.828	0.696	0.554	0.423	0.286	0.181	0.142	0.088	0.042	0.03	0.015	0.007	0.002	0.011	0.004	0.002	0.002	0.001	0.001	0	0	0	0	0	0.001	0	0	0	0	0.001	0	0	0	0	0	0	0	0	0	0	0	0	0	0	0	0	0	0	0	0	0	0	0	0	0	0	0	0	0	0	0	0	0	0	0	0	0	0	0	0	0	0	0	0	0	0	0	0	0	0	0	0	
1	1	1	1	1	1	1	1	1	1	1	1	1	1	1	0.999	0.992	0.981	0.967	0.952	0.925	0.872	0.848	0.787	0.696	0.682	0.617	0.546	0.481	0.424	0.332	0.303	0.235	0.17	0.176	0.12	0.097	0.07	0.064	0.038	0.025	0.014	0.02	0.011	0.006	0.008	0.009	0.004	0.004	0.001	0.001	0	0.001	0	0	0	0	0	0	0	0	0	0	0	0	0	0	0	0	0	0	0	0	0	0	0	0	0	0	0	0	0	0	0	0	0	0	0	0	0	0	0	0	0	0	0	0	0	0	0	
1	1	1	1	1	1	1	1	1	1	1	1	1	1	1	1	1	1	1	1	1	1	1	1	1	1	1	0.999	1	1	1	1	1	1	1	0.998	0.998	0.997	1	0.999	0.996	0.994	0.991	0.991	0.988	0.986	0.972	0.969	0.961	0.959	0.947	0.95	0.934	0.911	0.907	0.887	0.864	0.861	0.829	0.801	0.785	0.763	0.715	0.711	0.681	0.675	0.63	0.596	0.571	0.559	0.505	0.52	0.478	0.451	0.429	0.39	0.397	0.349	0.346	0.31	0.317	0.253	0.266	0.246	0.235	0.224	0.2	0.177	0.166	0.17	0.143	0.144	0.146	0.124	0.116	0.122	0.087	0.088	0.087	0.086	
1	1	1	1	1	1	1	1	1	1	1	1	1	1	1	1	0.999	0.996	0.985	0.961	0.942	0.887	0.81	0.728	0.629	0.521	0.406	0.332	0.235	0.176	0.119	0.07	0.052	0.025	0.013	0.01	0.004	0.003	0.003	0	0	0.001	0	0	0	0	0	0	0	0	0	0	0	0	0	0	0	0	0	0	0	0	0	0	0	0	0	0	0	0	0	0	0	0	0	0	0	0	0	0	0	0	0	0	0	0	0	0	0	0	0	0	0	0	0	0	0	0	0	0	
