1	1	1	1	1	1	1	1	1	1	1	1	1	1	1	1	1	1	1	0.997	0.989	0.972	0.929	0.877	0.747	0.629	0.533	0.406	0.332	0.242	0.174	0.105	0.084	0.057	0.031	0.035	0.006	0.012	0.007	0.004	0	0	0	0	0	0	0	0	0	0	0	0	0	0	0	0	0	0	0	0	0	0	0	0	0	0	0	0	0	0	0	0	0	0	0	0	0	0	0	0	0	0	0	0	0	0	0	0	0	0	0	0	0	0	0	0	0	0	0	0	
1	1	1	1	1	1	1	1	1	1	1	1	1	1	1	1	1	1	1	0.999	1	1	0.999	0.992	0.991	0.978	0.974	0.95	0.934	0.925	0.915	0.884	0.843	0.844	0.79	0.763	0.738	0.706	0.675	0.659	0.66	0.615	0.553	0.561	0.534	0.509	0.477	0.461	0.423	0.385	0.415	0.385	0.342	0.295	0.287	0.287	0.265	0.256	0.231	0.199	0.194	0.181	0.154	0.141	0.156	0.108	0.122	0.088	0.107	0.077	0.073	0.072	0.059	0.057	0.047	0.037	0.036	0.028	0.023	0.029	0.019	0.014	0.02	0.018	0.017	0.012	0.01	0.009	0.004	0.002	0.004	0.003	0.004	0.004	0.001	0.001	0	0.003	0	0.001	
1	1	1	1	1	1	1	1	1	1	1	1	1	1	1	1	1	1	1	0.999	0.997	0.989	0.967	0.901	0.835	0.686	0.58	0.432	0.293	0.212	0.118	0.058	0.033	0.011	0.007	0.002	0.001	0.001	0	0	0	0	0	0	0	0	0	0	0	0	0	0	0	0	0	0	0	0	0	0	0	0	0	0	0	0	0	0	0	0	0	0	0	0	0	0	0	0	0	0	0	0	0	0	0	0	0	0	0	0	0	0	0	0	0	0	0	0	0	0	
1	1	1	1	1	1	1	1	1	1	1	1	0.999	0.994	0.978	0.944	0.898	0.82	0.676	0.526	0.346	0.212	0.12	0.06	0.033	0.011	0.006	0.001	0.001	0	0	0	0	0	0	0	0	0	0	0	0	0	0	0	0	0	0	0	0	0	0	0	0	0	0	0	0	0	0	0	0	0	0	0	0	0	0	0	0	0	0	0	0	0	0	0	0	0	0	0	0	0	0	0	0	0	0	0	0	0	0	0	0	0	0	0	0	0	0	0	
1	1	1	1	1	1	1	1	0.999	0.998	0.986	0.92	0.81	0.682	0.445	0.321	0.188	0.087	0.046	0.027	0.01	0.008	0.003	0.001	0	0	0	0	0	0	0	0	0	0	0	0	0	0	0	0	0	0	0	0	0	0	0	0	0	0	0	0	0	0	0	0	0	0	0	0	0	0	0	0	0	0	0	0	0	0	0	0	0	0	0	0	0	0	0	0	0	0	0	0	0	0	0	0	0	0	0	0	0	0	0	0	0	0	0	0	
1	1	1	1	1	1	1	1	1	1	1	1	1	1	1	0.999	1	1	0.992	0.996	0.996	0.994	0.986	0.98	0.967	0.963	0.966	0.942	0.95	0.959	0.935	0.926	0.928	0.925	0.896	0.88	0.84	0.817	0.768	0.729	0.682	0.606	0.546	0.471	0.383	0.355	0.274	0.256	0.184	0.151	0.124	0.103	0.057	0.045	0.043	0.031	0.015	0.015	0.006	0.004	0.006	0.002	0.002	0.004	0	0.002	0	0	0.001	0	0	0	0	0	0	0	0	0	0	0	0	0	0	0	0	0	0	0	0	0	0	0	0	0	0	0	0	0	0	0	
1	1	1	1	1	1	1	1	1	0.999	0.999	0.994	0.991	0.98	0.969	0.957	0.955	0.949	0.922	0.88	0.827	0.72	0.69	0.607	0.526	0.411	0.372	0.29	0.223	0.177	0.142	0.087	0.074	0.046	0.036	0.029	0.014	0.01	0.005	0.004	0.004	0.001	0.004	0	0	0	0	0	0	0	0	0	0	0	0	0	0	0	0	0	0	0	0	0	0	0	0	0	0	0	0	0	0	0	0	0	0	0	0	0	0	0	0	0	0	0	0	0	0	0	0	0	0	0	0	0	0	0	0	0	
1	1	1	1	1	1	1	1	1	1	1	1	1	1	1	1	1	1	1	1	1	1	1	1	1	1	1	1	1	1	1	1	1	1	1	1	1	1	1	1	1	1	1	1	1	1	1	1	1	1	1	1	1	1	1	1	1	1	1	1	1	1	1	1	1	1	1	1	1	1	1	1	1	1	1	1	1	1	1	1	1	1	1	1	1	1	1	1	1	1	1	1	1	1	1	1	1	1	1	1	
1	1	1	1	1	1	1	1	1	1	1	1	1	1	1	1	0.999	0.99	0.975	0.947	0.882	0.764	0.674	0.535	0.357	0.292	0.175	0.103	0.054	0.025	0.019	0.006	0.003	0	0	0	0	0	0	0	0	0	0	0	0	0	0	0	0	0	0	0	0	0	0	0	0	0	0	0	0	0	0	0	0	0	0	0	0	0	0	0	0	0	0	0	0	0	0	0	0	0	0	0	0	0	0	0	0	0	0	0	0	0	0	0	0	0	0	0	
1	1	1	1	1	1	1	1	1	0.997	0.967	0.881	0.767	0.552	0.371	0.207	0.107	0.067	0.02	0.009	0.004	0.001	0.002	0	0	0	0	0	0	0	0	0	0	0	0	0	0	0	0	0	0	0	0	0	0	0	0	0	0	0	0	0	0	0	0	0	0	0	0	0	0	0	0	0	0	0	0	0	0	0	0	0	0	0	0	0	0	0	0	0	0	0	0	0	0	0	0	0	0	0	0	0	0	0	0	0	0	0	0	0	
1	1	1	1	1	1	1	1	1	1	1	1	1	1	1	1	1	1	1	1	1	1	1	1	1	1	1	1	1	0.998	0.993	0.987	0.969	0.958	0.931	0.87	0.82	0.774	0.661	0.611	0.492	0.422	0.318	0.209	0.194	0.159	0.108	0.083	0.05	0.032	0.029	0.008	0.008	0.004	0.007	0.006	0	0	0.001	0	0	0	0	0.001	0	0	0	0	0	0	0	0	0	0	0	0	0	0	0	0	0	0	0	0	0	0	0	0	0	0	0	0	0	0	0	0	0	0	0	0	
1	1	1	1	1	1	1	1	1	0.999	0.989	0.936	0.791	0.571	0.365	0.195	0.097	0.044	0.01	0.003	0.002	0.002	0	0	0.001	0	0	0	0	0	0	0	0	0	0	0	0	0	0	0	0	0	0	0	0	0	0	0	0	0	0	0	0	0	0	0	0	0	0	0	0	0	0	0	0	0	0	0	0	0	0	0	0	0	0	0	0	0	0	0	0	0	0	0	0	0	0	0	0	0	0	0	0	0	0	0	0	0	0	0	
1	1	1	1	1	1	1	1	1	1	1	1	1	1	1	1	1	1	1	1	1	1	1	1	1	1	1	1	0.999	0.998	0.999	0.992	0.984	0.962	0.911	0.843	0.775	0.679	0.536	0.456	0.349	0.292	0.17	0.12	0.085	0.05	0.016	0.021	0.01	0.007	0.008	0.003	0	0	0	0	0	0	0	0	0	0	0	0	0	0	0	0	0	0	0	0	0	0	0	0	0	0	0	0	0	0	0	0	0	0	0	0	0	0	0	0	0	0	0	0	0	0	0	0	
1	1	1	1	1	1	1	1	1	1	1	1	1	1	1	1	1	1	0.996	0.986	0.965	0.949	0.88	0.821	0.738	0.661	0.573	0.524	0.421	0.356	0.326	0.274	0.247	0.193	0.173	0.152	0.092	0.082	0.088	0.072	0.046	0.044	0.023	0.018	0.009	0.011	0.002	0.001	0.003	0	0.001	0	0	0	0	0	0	0	0	0	0	0	0	0	0	0	0	0	0	0	0	0	0	0	0	0	0	0	0	0	0	0	0	0	0	0	0	0	0	0	0	0	0	0	0	0	0	0	0	0	
1	1	1	1	1	1	1	1	1	1	1	0.999	0.996	0.968	0.919	0.832	0.741	0.624	0.547	0.465	0.373	0.287	0.223	0.182	0.149	0.112	0.1	0.075	0.067	0.044	0.035	0.042	0.027	0.016	0.014	0.009	0.012	0.004	0.002	0.002	0.003	0.001	0.001	0	0	0	0	0	0	0	0	0	0	0	0	0	0	0	0	0	0	0	0	0	0	0	0	0	0	0	0	0	0	0	0	0	0	0	0	0	0	0	0	0	0	0	0	0	0	0	0	0	0	0	0	0	0	0	0	0	
1	1	1	1	1	1	1	1	1	1	1	1	1	1	1	1	1	0.999	0.998	0.997	0.977	0.939	0.91	0.866	0.786	0.736	0.656	0.584	0.497	0.373	0.335	0.257	0.181	0.135	0.087	0.067	0.028	0.017	0.011	0.004	0.003	0.002	0.001	0	0	0	0	0	0	0	0	0	0	0	0	0	0	0	0	0	0	0	0	0	0	0	0	0	0	0	0	0	0	0	0	0	0	0	0	0	0	0	0	0	0	0	0	0	0	0	0	0	0	0	0	0	0	0	0	0	
1	1	1	1	1	1	1	0.999	0.995	0.99	0.983	0.97	0.939	0.915	0.869	0.828	0.74	0.676	0.617	0.523	0.433	0.363	0.243	0.209	0.122	0.096	0.071	0.061	0.044	0.023	0.015	0.007	0.005	0.004	0.001	0.002	0	0.001	0	0	0	0	0	0	0	0	0	0	0	0	0	0	0	0	0	0	0	0	0	0	0	0	0	0	0	0	0	0	0	0	0	0	0	0	0	0	0	0	0	0	0	0	0	0	0	0	0	0	0	0	0	0	0	0	0	0	0	0	0	0	
1	1	1	1	1	1	0.999	0.994	0.991	0.957	0.917	0.845	0.746	0.609	0.512	0.39	0.303	0.194	0.146	0.113	0.068	0.044	0.03	0.029	0.016	0.011	0.007	0.006	0.002	0.001	0.002	0.002	0.002	0	0	0	0	0	0	0	0	0	0	0	0	0	0	0	0	0	0	0	0	0	0	0	0	0	0	0	0	0	0	0	0	0	0	0	0	0	0	0	0	0	0	0	0	0	0	0	0	0	0	0	0	0	0	0	0	0	0	0	0	0	0	0	0	0	0	0	
1	1	1	1	1	1	1	1	1	1	1	1	1	1	1	1	1	0.997	1	0.999	0.998	0.996	0.99	0.998	0.996	0.977	0.983	0.979	0.973	0.977	0.96	0.946	0.936	0.932	0.909	0.905	0.902	0.879	0.864	0.829	0.829	0.8	0.801	0.742	0.724	0.704	0.665	0.637	0.611	0.581	0.533	0.511	0.493	0.419	0.425	0.412	0.333	0.344	0.334	0.283	0.26	0.264	0.235	0.207	0.201	0.166	0.162	0.152	0.119	0.123	0.107	0.097	0.072	0.078	0.082	0.04	0.052	0.042	0.031	0.034	0.024	0.023	0.018	0.014	0.018	0.012	0.008	0.009	0.008	0.004	0.007	0.007	0.005	0.005	0.003	0.004	0.003	0.004	0.002	0.001	
1	1	1	1	1	1	1	1	1	1	1	1	1	1	0.997	0.99	0.977	0.96	0.884	0.824	0.739	0.66	0.5	0.399	0.285	0.206	0.165	0.097	0.056	0.03	0.022	0.009	0.005	0.003	0.001	0.001	0	0	0	0	0	0	0	0	0	0	0	0	0	0	0	0	0	0	0	0	0	0	0	0	0	0	0	0	0	0	0	0	0	0	0	0	0	0	0	0	0	0	0	0	0	0	0	0	0	0	0	0	0	0	0	0	0	0	0	0	0	0	0	0	
1	1	1	1	1	1	1	1	1	1	1	1	1	1	1	1	1	1	0.999	0.989	0.975	0.938	0.883	0.819	0.73	0.666	0.546	0.453	0.342	0.281	0.177	0.12	0.066	0.043	0.025	0.01	0.005	0.007	0.003	0.002	0	0	0	0	0	0	0	0	0	0	0	0	0	0	0	0	0	0	0	0	0	0	0	0	0	0	0	0	0	0	0	0	0	0	0	0	0	0	0	0	0	0	0	0	0	0	0	0	0	0	0	0	0	0	0	0	0	0	0	0	
1	1	1	1	1	1	1	1	1	1	1	1	1	0.998	0.983	0.958	0.919	0.833	0.713	0.623	0.529	0.415	0.34	0.263	0.215	0.162	0.125	0.093	0.072	0.054	0.04	0.031	0.037	0.016	0.023	0.006	0.016	0.008	0.008	0.008	0.006	0.003	0.006	0.003	0	0	0.001	0	0.002	0	0	0	0	0	0	0	0	0	0	0	0	0	0	0	0	0	0	0	0	0	0	0	0	0	0	0	0	0	0	0	0	0	0	0	0	0	0	0	0	0	0	0	0	0	0	0	0	0	0	0	
1	1	1	1	1	1	1	1	1	1	1	1	1	1	1	1	1	1	1	1	1	1	1	1	1	0.999	1	0.992	0.983	0.956	0.919	0.862	0.77	0.701	0.581	0.471	0.385	0.264	0.211	0.132	0.103	0.072	0.032	0.026	0.015	0.009	0.006	0.004	0.005	0.002	0	0	0	0	0	0	0	0	0	0	0	0	0	0	0	0	0	0	0	0	0	0	0	0	0	0	0	0	0	0	0	0	0	0	0	0	0	0	0	0	0	0	0	0	0	0	0	0	0	0	
1	1	1	1	1	1	1	1	1	1	1	1	1	1	1	1	1	1	1	1	1	1	1	0.998	1	0.994	0.973	0.955	0.906	0.817	0.738	0.621	0.485	0.377	0.27	0.195	0.128	0.093	0.07	0.03	0.019	0.017	0.012	0.007	0.001	0.001	0	0	0	0.001	0	0	0	0	0	0	0	0	0	0	0	0	0	0	0	0	0	0	0	0	0	0	0	0	0	0	0	0	0	0	0	0	0	0	0	0	0	0	0	0	0	0	0	0	0	0	0	0	0	0	
1	1	1	1	1	1	1	1	1	1	1	1	1	1	1	1	1	1	1	1	1	1	1	1	1	1	1	1	1	1	1	1	1	1	1	1	1	1	1	1	1	1	1	1	1	1	1	1	1	1	1	1	1	1	1	1	1	1	1	1	1	1	1	1	1	1	1	1	1	1	1	1	1	1	1	1	1	1	1	1	1	1	1	1	1	1	1	1	1	1	1	1	1	1	1	1	1	1	1	1	
1	1	1	1	1	1	1	1	1	1	1	1	0.999	1	1	1	1	0.999	1	0.997	0.998	0.999	0.997	0.999	0.999	0.999	0.999	0.996	0.999	0.999	1	1	0.999	1	1	1	1	1	1	1	1	1	1	1	1	1	0.999	1	1	1	1	1	1	1	1	0.999	1	1	1	0.999	1	0.999	1	0.998	1	0.999	0.999	0.997	0.998	0.999	0.998	0.994	0.999	0.999	1	1	0.999	0.999	0.999	0.999	0.999	0.999	0.999	0.999	0.998	0.997	0.998	0.999	0.998	0.998	1	1	1	1	0.999	1	0.999	1	1	1	
1	1	1	1	1	1	1	1	1	1	1	1	1	1	1	1	1	1	1	1	1	0.999	0.998	0.985	0.945	0.883	0.769	0.604	0.399	0.29	0.171	0.103	0.054	0.026	0.009	0.005	0.004	0.001	0	0	0	0	0	0	0	0	0	0	0	0	0	0	0	0	0	0	0	0	0	0	0	0	0	0	0	0	0	0	0	0	0	0	0	0	0	0	0	0	0	0	0	0	0	0	0	0	0	0	0	0	0	0	0	0	0	0	0	0	0	0	
1	1	1	1	1	1	1	1	1	1	1	1	1	1	1	1	1	1	1	1	1	0.998	0.999	0.999	0.998	0.993	0.989	0.986	0.972	0.958	0.95	0.92	0.908	0.883	0.823	0.779	0.749	0.695	0.636	0.576	0.496	0.411	0.385	0.283	0.236	0.195	0.152	0.123	0.075	0.069	0.047	0.025	0.023	0.008	0.009	0.008	0.005	0.002	0	0.001	0	0.001	0	0	0	0	0	0	0	0	0	0	0	0	0	0	0	0	0	0	0	0	0	0	0	0	0	0	0	0	0	0	0	0	0	0	0	0	0	0	
1	1	1	1	1	1	1	1	1	1	1	1	1	1	0.999	1	0.999	0.991	0.976	0.922	0.874	0.803	0.708	0.621	0.544	0.447	0.368	0.31	0.249	0.193	0.176	0.131	0.118	0.128	0.087	0.082	0.062	0.057	0.057	0.058	0.038	0.034	0.037	0.042	0.022	0.03	0.035	0.028	0.018	0.015	0.017	0.015	0.017	0.016	0.028	0.019	0.017	0.015	0.02	0.013	0.016	0.013	0.012	0.012	0.01	0.013	0.007	0.01	0.007	0.009	0.007	0.006	0.003	0.006	0.007	0.005	0.009	0.002	0.002	0.004	0.006	0.002	0	0.005	0	0.004	0.002	0.001	0.001	0	0.001	0	0	0.001	0	0	0	0.002	0.001	0.001	
1	1	1	1	1	1	1	1	1	1	1	1	1	1	1	0.996	0.99	0.971	0.913	0.817	0.68	0.533	0.43	0.306	0.21	0.144	0.109	0.053	0.034	0.016	0.019	0.007	0.006	0.002	0.001	0	0	0	0	0	0	0	0	0	0	0	0	0	0	0	0	0	0	0	0	0	0	0	0	0	0	0	0	0	0	0	0	0	0	0	0	0	0	0	0	0	0	0	0	0	0	0	0	0	0	0	0	0	0	0	0	0	0	0	0	0	0	0	0	0	
1	1	1	1	0.973	0.739	0.384	0.173	0.059	0.021	0.014	0.006	0.004	0.002	0.001	0.002	0.001	0.001	0	0	0.001	0	0.001	0	0	0.001	0	0	0	0	0	0	0	0.001	0	0	0	0	0	0	0	0	0	0	0	0	0	0	0	0	0	0	0	0	0	0	0	0	0	0	0	0	0	0	0	0	0	0	0	0	0	0	0	0	0	0	0	0	0	0	0	0	0	0	0	0	0	0	0	0	0	0	0	0	0	0	0	0	0	0	
1	1	1	1	1	1	1	1	1	0.998	0.989	0.978	0.948	0.878	0.806	0.689	0.561	0.44	0.307	0.209	0.143	0.09	0.05	0.025	0.01	0.006	0.002	0.003	0	0.001	0	0	0	0	0	0	0	0	0	0	0	0	0	0	0	0	0	0	0	0	0	0	0	0	0	0	0	0	0	0	0	0	0	0	0	0	0	0	0	0	0	0	0	0	0	0	0	0	0	0	0	0	0	0	0	0	0	0	0	0	0	0	0	0	0	0	0	0	0	0	
1	1	1	1	1	1	1	1	1	1	1	1	1	1	1	1	1	1	1	1	1	1	1	1	1	1	1	1	1	1	1	1	1	1	1	1	1	1	1	1	1	1	1	1	1	1	1	1	1	1	1	1	1	1	1	1	0.999	1	1	1	1	1	1	1	1	1	1	1	1	1	1	1	1	1	1	1	1	1	0.999	1	1	0.999	1	1	1	1	1	1	1	1	1	0.999	1	1	1	1	1	1	0.999	1	
1	1	1	1	1	1	1	1	1	1	0.998	0.995	0.974	0.933	0.85	0.741	0.631	0.479	0.378	0.235	0.167	0.113	0.077	0.044	0.027	0.019	0.009	0.008	0.005	0.005	0	0.002	0.001	0	0.001	0	0	0	0	0	0	0	0	0	0	0	0	0	0	0	0	0	0	0	0	0	0	0	0	0	0	0	0	0	0	0	0	0	0	0	0	0	0	0	0	0	0	0	0	0	0	0	0	0	0	0	0	0	0	0	0	0	0	0	0	0	0	0	0	0	
1	1	1	1	1	1	1	1	1	1	0.999	1	1	0.998	0.985	0.975	0.95	0.912	0.836	0.741	0.61	0.469	0.325	0.226	0.132	0.073	0.045	0.026	0.011	0.006	0.001	0.002	0.001	0	0	0	0	0	0	0	0	0	0	0	0	0	0	0	0	0	0	0	0	0	0	0	0	0	0	0	0	0	0	0	0	0	0	0	0	0	0	0	0	0	0	0	0	0	0	0	0	0	0	0	0	0	0	0	0	0	0	0	0	0	0	0	0	0	0	0	
1	1	1	1	1	1	1	1	1	1	1	1	1	1	1	1	1	1	1	1	1	1	1	1	1	1	1	1	1	1	0.998	0.994	0.988	0.976	0.958	0.953	0.904	0.869	0.83	0.728	0.664	0.643	0.542	0.501	0.396	0.362	0.298	0.241	0.168	0.178	0.12	0.108	0.086	0.067	0.054	0.041	0.029	0.03	0.023	0.019	0.009	0.011	0.012	0.009	0.003	0.009	0.003	0.001	0.001	0	0.001	0.004	0.001	0	0.001	0	0	0	0	0	0	0	0	0	0	0	0	0	0	0	0	0	0	0	0	0	0	0	0	0	
1	1	1	1	1	1	1	1	1	1	1	1	1	1	1	1	1	1	1	1	1	1	1	1	1	1	1	1	1	1	0.998	0.997	0.994	0.996	0.986	0.963	0.942	0.906	0.873	0.808	0.777	0.704	0.615	0.577	0.467	0.427	0.343	0.29	0.227	0.191	0.159	0.101	0.084	0.058	0.046	0.034	0.016	0.015	0.009	0.009	0.002	0.002	0.002	0.001	0.001	0	0.001	0	0	0	0	0	0	0	0	0	0	0	0	0	0	0	0	0	0	0	0	0	0	0	0	0	0	0	0	0	0	0	0	0	
1	1	1	1	1	1	1	1	1	1	1	1	1	1	1	1	1	1	1	1	1	1	1	1	1	1	1	1	1	1	1	1	1	1	0.999	0.993	0.991	0.974	0.925	0.868	0.785	0.667	0.519	0.389	0.242	0.189	0.119	0.07	0.039	0.02	0.009	0.005	0.006	0.001	0.002	0	0.001	0	0	0	0	0	0	0	0	0	0	0	0	0	0	0	0	0	0	0	0	0	0	0	0	0	0	0	0	0	0	0	0	0	0	0	0	0	0	0	0	0	0	0	
1	1	1	1	1	1	1	1	1	1	1	1	1	1	1	1	1	1	1	1	1	1	1	1	0.999	0.992	0.988	0.968	0.932	0.908	0.868	0.798	0.713	0.633	0.557	0.448	0.371	0.29	0.215	0.155	0.111	0.085	0.063	0.04	0.032	0.018	0.006	0.011	0.002	0.002	0.002	0	0.001	0	0.001	0	0	0	0	0	0	0	0	0	0	0	0	0	0	0	0	0	0	0	0	0	0	0	0	0	0	0	0	0	0	0	0	0	0	0	0	0	0	0	0	0	0	0	0	0	
1	1	1	1	1	1	1	1	1	0.999	0.991	0.954	0.849	0.729	0.532	0.396	0.252	0.196	0.102	0.086	0.044	0.041	0.024	0.015	0.011	0.003	0.005	0.006	0.002	0.003	0.001	0	0	0.001	0.001	0	0	0	0.002	0	0.001	0.001	0.001	0	0.001	0	0.002	0	0	0	0	0	0	0	0	0	0	0	0	0	0	0	0	0	0	0	0	0	0	0	0	0	0	0	0	0	0	0	0	0	0	0	0	0	0	0	0	0	0	0	0	0	0	0	0	0	0	0	0	0	
1	1	1	1	1	1	1	1	1	1	1	1	1	1	1	1	1	1	1	1	1	1	1	1	0.998	1	0.994	0.992	0.968	0.943	0.86	0.766	0.617	0.476	0.331	0.197	0.112	0.056	0.025	0.02	0.006	0.002	0	0	0	0	0	0	0	0	0	0	0	0	0	0	0	0	0	0	0	0	0	0	0	0	0	0	0	0	0	0	0	0	0	0	0	0	0	0	0	0	0	0	0	0	0	0	0	0	0	0	0	0	0	0	0	0	0	0	
1	1	1	1	1	1	1	1	1	1	1	1	1	1	1	1	1	1	1	1	1	0.999	0.999	0.995	0.989	0.986	0.972	0.95	0.945	0.92	0.898	0.854	0.853	0.821	0.779	0.751	0.703	0.679	0.658	0.583	0.553	0.451	0.42	0.381	0.347	0.259	0.232	0.201	0.157	0.108	0.096	0.055	0.06	0.03	0.015	0.014	0.006	0.004	0.001	0.003	0	0	0	0	0	0	0	0	0	0	0	0	0	0	0	0	0	0	0	0	0	0	0	0	0	0	0	0	0	0	0	0	0	0	0	0	0	0	0	0	
1	1	1	1	1	1	1	1	1	1	1	1	1	1	1	1	1	0.999	0.999	0.998	0.993	0.995	0.987	0.991	0.98	0.978	0.968	0.953	0.937	0.909	0.888	0.874	0.831	0.824	0.756	0.721	0.687	0.67	0.611	0.564	0.552	0.505	0.466	0.425	0.386	0.343	0.322	0.306	0.272	0.246	0.196	0.178	0.167	0.13	0.108	0.094	0.086	0.064	0.062	0.056	0.044	0.028	0.026	0.017	0.02	0.016	0.011	0.011	0.007	0.003	0.003	0.002	0.001	0.002	0	0.003	0	0	0	0	0	0	0	0	0	0	0	0	0	0	0	0	0	0	0	0	0	0	0	0	
1	1	1	1	1	1	1	1	1	1	1	1	1	1	1	1	1	1	1	1	1	1	0.999	0.998	0.995	0.997	0.992	0.984	0.97	0.953	0.928	0.896	0.832	0.764	0.644	0.574	0.486	0.388	0.275	0.219	0.149	0.104	0.069	0.045	0.02	0.014	0.005	0.007	0.001	0.002	0	0	0	0	0	0	0	0	0	0	0	0	0	0	0	0	0	0	0	0	0	0	0	0	0	0	0	0	0	0	0	0	0	0	0	0	0	0	0	0	0	0	0	0	0	0	0	0	0	0	
1	1	1	1	1	1	1	1	1	1	1	1	1	1	1	1	1	1	1	1	1	1	1	1	1	1	0.999	0.997	0.997	0.995	0.996	0.982	0.973	0.969	0.941	0.91	0.87	0.796	0.781	0.699	0.605	0.548	0.52	0.443	0.398	0.29	0.259	0.201	0.148	0.1	0.09	0.062	0.063	0.037	0.026	0.017	0.012	0.009	0.011	0.002	0.002	0	0.003	0.001	0	0	0	0.001	0	0	0	0	0	0	0	0	0	0	0	0	0	0	0	0	0	0	0	0	0	0	0	0	0	0	0	0	0	0	0	0	
1	1	1	1	1	1	1	1	1	1	1	1	1	1	1	1	1	1	1	1	1	0.997	0.993	0.989	0.979	0.973	0.952	0.935	0.907	0.871	0.837	0.817	0.702	0.684	0.599	0.566	0.476	0.36	0.296	0.252	0.175	0.113	0.103	0.065	0.03	0.022	0.019	0.008	0.007	0.004	0.003	0.002	0	0.001	0	0	0	0	0	0	0	0	0	0	0	0	0	0	0	0	0	0	0	0	0	0	0	0	0	0	0	0	0	0	0	0	0	0	0	0	0	0	0	0	0	0	0	0	0	0	
1	1	1	1	1	1	1	1	1	1	1	1	1	1	1	1	1	1	1	1	0.997	0.998	0.991	0.978	0.957	0.897	0.869	0.803	0.707	0.659	0.596	0.503	0.452	0.378	0.311	0.282	0.229	0.163	0.144	0.128	0.083	0.085	0.082	0.047	0.043	0.026	0.036	0.019	0.023	0.019	0.022	0.018	0.014	0.008	0.007	0.013	0.001	0.006	0.006	0.007	0.007	0.006	0.003	0.005	0	0.001	0.004	0.002	0.002	0.002	0	0	0.003	0	0.001	0.002	0	0.001	0.001	0.001	0	0	0	0	0	0	0	0	0	0	0	0	0	0	0	0	0	0	0	0	
1	1	1	1	1	1	1	1	1	1	1	1	1	1	1	1	1	1	1	1	0.998	0.995	0.994	0.984	0.953	0.914	0.871	0.798	0.682	0.597	0.497	0.389	0.311	0.239	0.174	0.135	0.092	0.078	0.054	0.039	0.03	0.018	0.01	0.01	0.005	0.005	0.001	0.003	0	0	0	0	0.001	0	0	0	0	0	0	0	0	0	0	0	0	0	0	0	0	0	0	0	0	0	0	0	0	0	0	0	0	0	0	0	0	0	0	0	0	0	0	0	0	0	0	0	0	0	0	0	
1	1	1	1	1	1	1	1	1	1	1	1	1	1	1	1	1	1	1	1	1	1	1	1	1	1	1	1	1	1	0.999	0.999	0.996	0.993	0.986	0.98	0.951	0.918	0.897	0.841	0.816	0.733	0.688	0.62	0.535	0.48	0.43	0.324	0.306	0.231	0.21	0.147	0.132	0.104	0.087	0.075	0.046	0.038	0.029	0.024	0.021	0.011	0.008	0.007	0.007	0.007	0.004	0.001	0.004	0.001	0.003	0.001	0.001	0	0.001	0	0	0	0	0	0	0	0	0	0	0	0	0	0	0	0	0	0	0	0	0	0	0	0	0	
1	1	1	1	1	0.999	0.994	0.946	0.715	0.479	0.247	0.12	0.051	0.017	0.01	0.003	0.002	0.002	0	0	0	0	0	0	0	0	0	0	0	0	0	0	0	0	0	0	0	0	0.001	0	0	0	0	0	0	0	0.001	0	0	0	0	0	0	0	0	0	0	0	0	0	0	0	0	0	0	0	0	0	0	0	0	0	0	0	0	0	0	0	0	0	0	0	0	0	0	0	0	0	0	0	0	0	0	0	0	0	0	0	0	0	
1	1	1	1	1	1	1	1	1	1	1	1	1	1	1	1	1	1	1	1	1	1	1	1	0.999	0.998	1	0.991	0.993	0.977	0.946	0.908	0.861	0.812	0.693	0.613	0.481	0.359	0.278	0.177	0.104	0.061	0.038	0.022	0.009	0.002	0	0	0	0	0	0	0	0	0	0	0	0	0	0	0	0	0	0	0	0	0	0	0	0	0	0	0	0	0	0	0	0	0	0	0	0	0	0	0	0	0	0	0	0	0	0	0	0	0	0	0	0	0	0	
1	1	1	1	1	1	1	1	0.999	0.993	0.987	0.941	0.904	0.806	0.775	0.642	0.596	0.559	0.481	0.43	0.393	0.352	0.32	0.279	0.213	0.256	0.269	0.234	0.243	0.26	0.26	0.249	0.286	0.248	0.237	0.228	0.232	0.208	0.172	0.149	0.12	0.131	0.119	0.105	0.08	0.078	0.055	0.057	0.043	0.04	0.031	0.031	0.027	0.021	0.016	0.018	0.018	0.012	0.01	0.003	0.009	0.004	0.009	0.004	0.007	0.005	0.002	0.003	0.004	0.001	0.002	0	0.002	0.002	0.002	0	0.001	0	0.001	0	0	0	0	0	0	0	0	0	0.001	0	0	0	0	0	0	0.001	0	0	0	0	
1	1	1	1	1	0.999	0.993	0.984	0.972	0.941	0.92	0.903	0.902	0.875	0.864	0.871	0.878	0.879	0.877	0.878	0.901	0.893	0.881	0.895	0.904	0.931	0.928	0.927	0.933	0.938	0.947	0.947	0.953	0.963	0.96	0.972	0.974	0.98	0.981	0.986	0.982	0.986	0.988	0.988	0.996	0.994	0.993	0.995	0.996	0.993	0.997	0.993	0.985	0.991	0.987	0.987	0.98	0.969	0.968	0.962	0.946	0.938	0.937	0.916	0.902	0.902	0.838	0.839	0.819	0.797	0.75	0.747	0.712	0.679	0.624	0.638	0.604	0.546	0.521	0.489	0.439	0.417	0.412	0.37	0.303	0.291	0.272	0.255	0.206	0.174	0.186	0.14	0.137	0.129	0.101	0.11	0.063	0.088	0.048	0.054	
1	1	1	1	1	1	1	1	1	1	1	1	1	1	1	1	1	1	1	1	1	1	1	1	1	1	1	1	1	1	1	1	1	1	1	1	1	1	1	1	1	1	1	1	1	1	1	1	1	1	1	1	1	1	1	1	1	1	1	1	1	1	1	1	1	1	1	1	1	1	0.999	1	1	1	1	1	1	1	1	1	1	1	0.999	1	1	1	1	1	1	1	1	1	1	1	1	1	1	1	1	1	
1	1	1	1	1	1	1	1	1	1	1	1	1	1	1	1	1	0.998	0.992	0.965	0.893	0.791	0.629	0.484	0.334	0.233	0.109	0.07	0.023	0.011	0.002	0.005	0.002	0	0	0	0	0	0	0	0	0	0	0	0	0	0	0	0	0	0	0	0	0	0	0	0	0	0	0	0	0	0	0	0	0	0	0	0	0	0	0	0	0	0	0	0	0	0	0	0	0	0	0	0	0	0	0	0	0	0	0	0	0	0	0	0	0	0	0	
1	1	1	1	0.996	0.991	0.965	0.874	0.753	0.58	0.441	0.318	0.193	0.129	0.083	0.051	0.041	0.014	0.02	0.005	0.009	0.007	0.004	0.002	0.003	0.002	0	0	0.001	0.001	0.002	0	0	0.001	0.001	0	0	0	0	0	0	0	0	0	0	0	0	0	0	0	0	0	0	0	0	0	0	0	0	0	0	0	0	0	0	0	0	0	0	0	0	0	0	0	0	0	0	0	0	0	0	0	0	0	0	0	0	0	0	0	0	0	0	0	0	0	0	0	0	0	
1	1	1	1	1	1	1	1	1	1	1	1	1	1	1	1	1	1	1	1	1	1	0.998	0.994	0.983	0.951	0.864	0.767	0.627	0.466	0.316	0.226	0.154	0.092	0.065	0.025	0.011	0.007	0.004	0	0.002	0	0	0	0	0	0	0	0	0	0	0	0	0	0	0	0	0	0	0	0	0	0	0	0	0	0	0	0	0	0	0	0	0	0	0	0	0	0	0	0	0	0	0	0	0	0	0	0	0	0	0	0	0	0	0	0	0	0	0	
1	1	1	1	1	1	1	1	1	0.996	0.986	0.97	0.937	0.841	0.751	0.628	0.493	0.339	0.187	0.117	0.061	0.024	0.017	0.004	0.007	0.002	0.002	0	0	0	0	0	0	0	0	0	0	0	0	0	0	0	0	0	0	0	0	0	0	0	0	0	0	0	0	0	0	0	0	0	0	0	0	0	0	0	0	0	0	0	0	0	0	0	0	0	0	0	0	0	0	0	0	0	0	0	0	0	0	0	0	0	0	0	0	0	0	0	0	0	
1	1	1	1	1	1	1	1	1	1	1	1	1	1	1	1	1	1	1	1	1	1	1	0.999	1	0.997	0.995	0.989	0.978	0.948	0.93	0.867	0.822	0.762	0.679	0.588	0.519	0.469	0.354	0.292	0.238	0.165	0.134	0.119	0.074	0.058	0.046	0.019	0.025	0.013	0.005	0.01	0.002	0.001	0.003	0.001	0	0	0	0	0	0	0	0	0	0	0	0	0	0	0	0	0	0	0	0	0	0	0	0	0	0	0	0	0	0	0	0	0	0	0	0	0	0	0	0	0	0	0	0	
1	1	1	1	0.998	0.988	0.971	0.944	0.93	0.896	0.84	0.834	0.807	0.77	0.723	0.665	0.59	0.52	0.448	0.338	0.251	0.168	0.104	0.088	0.039	0.025	0.013	0.009	0.002	0.001	0	0.001	0	0	0	0	0	0	0	0	0	0	0	0	0	0	0	0	0	0	0	0	0	0	0	0	0	0	0	0	0	0	0	0	0	0	0	0	0	0	0	0	0	0	0	0	0	0	0	0	0	0	0	0	0	0	0	0	0	0	0	0	0	0	0	0	0	0	0	0	
1	1	1	1	1	1	1	1	1	1	1	1	1	1	1	1	1	1	1	1	1	1	1	1	1	1	1	1	1	1	1	1	1	1	1	1	1	1	1	1	1	1	1	1	1	1	1	1	1	1	1	1	1	1	1	1	1	0.999	1	1	1	1	1	1	1	1	1	1	0.999	1	1	1	1	1	1	1	1	1	1	1	1	1	1	1	1	1	1	1	1	1	1	1	1	1	1	1	1	1	1	1	
1	1	1	1	1	1	1	1	1	1	1	1	1	0.995	0.991	0.992	0.957	0.916	0.824	0.638	0.465	0.276	0.179	0.089	0.044	0.021	0.004	0.004	0.001	0	0	0	0	0	0	0	0	0	0	0	0	0	0	0	0	0	0	0	0	0	0	0	0	0	0	0	0	0	0	0	0	0	0	0	0	0	0	0	0	0	0	0	0	0	0	0	0	0	0	0	0	0	0	0	0	0	0	0	0	0	0	0	0	0	0	0	0	0	0	0	
1	1	1	1	1	1	1	1	1	1	1	1	1	1	1	1	1	1	1	1	1	1	1	1	0.985	0.972	0.896	0.823	0.703	0.487	0.356	0.202	0.119	0.067	0.03	0.013	0.005	0.001	0.001	0	0	0	0	0	0	0	0	0	0	0	0	0	0	0	0	0	0	0	0	0	0	0	0	0	0	0	0	0	0	0	0	0	0	0	0	0	0	0	0	0	0	0	0	0	0	0	0	0	0	0	0	0	0	0	0	0	0	0	0	0	
1	1	1	1	1	1	1	1	1	1	1	1	0.999	0.999	0.996	0.98	0.967	0.941	0.878	0.796	0.708	0.626	0.519	0.402	0.305	0.272	0.17	0.152	0.112	0.076	0.065	0.037	0.027	0.02	0.013	0.007	0.006	0.001	0.002	0.001	0.001	0.001	0.001	0	0	0	0	0	0	0	0	0	0	0	0	0	0	0	0	0	0	0	0	0	0	0	0	0	0	0	0	0	0	0	0	0	0	0	0	0	0	0	0	0	0	0	0	0	0	0	0	0	0	0	0	0	0	0	0	0	
1	1	1	1	1	1	1	1	1	1	1	1	1	1	1	1	1	1	1	1	1	1	1	1	1	1	1	0.998	0.998	0.995	0.977	0.966	0.908	0.861	0.765	0.626	0.577	0.451	0.329	0.258	0.182	0.121	0.068	0.058	0.019	0.013	0.011	0.006	0.007	0.002	0.003	0.002	0.002	0	0	0	0	0	0	0	0	0	0	0	0	0	0	0	0	0	0	0	0	0	0	0	0	0	0	0	0	0	0	0	0	0	0	0	0	0	0	0	0	0	0	0	0	0	0	0	
1	1	1	1	1	1	1	1	1	1	1	1	1	1	1	1	1	1	1	1	1	1	1	0.999	0.998	0.999	0.997	0.997	0.992	0.991	0.984	0.969	0.979	0.963	0.954	0.937	0.926	0.926	0.89	0.878	0.854	0.819	0.784	0.782	0.707	0.62	0.589	0.534	0.487	0.459	0.36	0.356	0.253	0.231	0.189	0.145	0.117	0.092	0.066	0.054	0.035	0.025	0.022	0.015	0.007	0.002	0.002	0.001	0	0.001	0.001	0	0	0	0	0	0	0	0	0	0	0	0	0	0	0	0	0	0	0	0	0	0	0	0	0	0	0	0	0	
1	1	1	1	1	1	1	1	1	1	1	1	1	1	1	1	0.999	0.993	0.978	0.909	0.737	0.538	0.342	0.191	0.082	0.032	0.015	0.007	0.001	0	0	0	0	0	0	0	0	0	0	0	0	0	0	0	0	0	0	0	0	0	0	0	0	0	0	0	0	0	0	0	0	0	0	0	0	0	0	0	0	0	0	0	0	0	0	0	0	0	0	0	0	0	0	0	0	0	0	0	0	0	0	0	0	0	0	0	0	0	0	0	
1	1	1	1	1	1	1	1	1	1	1	1	1	1	1	0.998	0.996	0.993	0.993	0.987	0.982	0.97	0.964	0.958	0.939	0.937	0.91	0.882	0.852	0.838	0.792	0.767	0.719	0.657	0.605	0.53	0.497	0.449	0.346	0.275	0.224	0.174	0.116	0.082	0.059	0.03	0.016	0.013	0.004	0.005	0.002	0.001	0	0	0	0	0	0	0	0	0	0	0	0	0	0	0	0	0	0	0	0	0	0	0	0	0	0	0	0	0	0	0	0	0	0	0	0	0	0	0	0	0	0	0	0	0	0	0	0	
1	1	1	1	1	1	1	1	1	1	1	1	1	1	1	1	1	1	1	1	1	1	1	1	1	1	1	1	1	1	1	0.997	0.999	1	0.995	0.994	0.995	0.988	0.984	0.98	0.944	0.916	0.894	0.837	0.789	0.708	0.637	0.536	0.47	0.384	0.282	0.2	0.175	0.118	0.069	0.06	0.041	0.012	0.01	0.005	0.005	0	0.001	0	0	0	0	0	0	0	0	0	0	0	0	0	0	0	0	0	0	0	0	0	0	0	0	0	0	0	0	0	0	0	0	0	0	0	0	0	
1	1	1	1	1	1	1	1	0.999	0.99	0.952	0.898	0.778	0.66	0.51	0.374	0.24	0.185	0.121	0.086	0.052	0.029	0.02	0.008	0.005	0.002	0.005	0.004	0.003	0	0	0	0	0	0	0	0	0	0	0	0	0	0	0	0	0	0	0	0	0	0	0	0	0	0	0	0	0	0	0	0	0	0	0	0	0	0	0	0	0	0	0	0	0	0	0	0	0	0	0	0	0	0	0	0	0	0	0	0	0	0	0	0	0	0	0	0	0	0	0	
1	1	1	1	1	1	1	1	1	1	1	1	1	1	1	1	1	1	1	1	1	1	1	0.999	1	1	1	0.999	0.997	0.996	0.998	0.995	0.986	0.985	0.986	0.985	0.985	0.982	0.965	0.964	0.964	0.965	0.964	0.954	0.948	0.952	0.956	0.94	0.943	0.937	0.959	0.947	0.95	0.942	0.945	0.965	0.947	0.942	0.955	0.954	0.942	0.944	0.951	0.95	0.936	0.939	0.929	0.93	0.942	0.935	0.932	0.917	0.925	0.932	0.904	0.922	0.917	0.917	0.896	0.892	0.894	0.879	0.876	0.869	0.867	0.846	0.845	0.826	0.818	0.808	0.79	0.778	0.742	0.722	0.688	0.681	0.651	0.634	0.617	0.596	
1	1	1	1	1	1	1	1	1	1	1	1	1	1	1	1	1	1	1	0.999	1	1	0.997	0.994	0.99	0.987	0.975	0.964	0.93	0.885	0.857	0.808	0.749	0.668	0.585	0.559	0.515	0.426	0.332	0.307	0.261	0.234	0.18	0.17	0.127	0.094	0.091	0.067	0.052	0.051	0.036	0.019	0.014	0.014	0.008	0.008	0.007	0.003	0.003	0.003	0.001	0.001	0	0	0.001	0	0	0	0	0	0	0	0	0	0	0	0	0	0	0	0	0	0	0	0	0	0	0	0	0	0	0	0	0	0	0	0	0	0	0	
1	1	1	1	1	1	1	1	1	1	1	1	1	1	1	1	1	1	1	1	1	0.999	1	1	0.997	0.997	0.994	0.98	0.98	0.951	0.934	0.892	0.847	0.777	0.738	0.639	0.585	0.483	0.389	0.328	0.256	0.193	0.156	0.124	0.059	0.046	0.035	0.031	0.015	0.009	0.004	0.002	0.003	0.001	0	0.002	0	0	0	0	0	0	0	0	0	0	0	0	0	0	0	0	0	0	0	0	0	0	0	0	0	0	0	0	0	0	0	0	0	0	0	0	0	0	0	0	0	0	0	0	
1	1	1	1	1	1	1	1	0.998	0.995	0.989	0.976	0.961	0.943	0.914	0.884	0.859	0.826	0.817	0.803	0.756	0.759	0.749	0.732	0.734	0.69	0.684	0.663	0.644	0.631	0.577	0.579	0.587	0.561	0.542	0.537	0.522	0.507	0.502	0.477	0.474	0.441	0.422	0.404	0.41	0.397	0.392	0.359	0.382	0.346	0.31	0.33	0.319	0.301	0.283	0.263	0.273	0.276	0.258	0.265	0.253	0.252	0.236	0.265	0.221	0.235	0.198	0.217	0.232	0.211	0.202	0.191	0.165	0.167	0.173	0.156	0.158	0.139	0.138	0.134	0.115	0.089	0.1	0.109	0.076	0.078	0.088	0.07	0.06	0.071	0.075	0.049	0.038	0.036	0.029	0.034	0.026	0.031	0.018	0.02	
0.679	0.66	0.677	0.675	0.674	0.683	0.698	0.716	0.712	0.777	0.771	0.774	0.801	0.829	0.851	0.862	0.881	0.847	0.853	0.819	0.79	0.749	0.668	0.613	0.59	0.546	0.437	0.358	0.333	0.279	0.208	0.192	0.157	0.111	0.087	0.053	0.051	0.032	0.048	0.019	0.021	0.012	0.007	0.005	0.004	0.003	0.002	0.002	0	0	0	0	0	0.001	0	0	0	0	0	0	0	0	0	0	0	0	0	0	0	0	0	0	0	0	0	0	0	0	0	0	0	0	0	0	0	0	0	0	0	0	0	0	0	0	0	0	0	0	0	0	
1	1	1	1	1	1	1	1	1	1	0.999	0.987	0.973	0.938	0.869	0.782	0.696	0.583	0.454	0.339	0.248	0.164	0.12	0.076	0.048	0.046	0.026	0.012	0.01	0.01	0.004	0.002	0	0.003	0	0.001	0	0	0	0	0	0	0	0	0	0	0	0	0	0	0	0	0	0	0	0	0	0	0	0	0	0	0	0	0	0	0	0.001	0	0	0	0	0	0	0	0	0	0	0	0	0	0	0	0	0	0	0	0	0	0	0	0	0	0	0	0	0	0	0	0	
1	1	1	0.993	0.974	0.92	0.875	0.831	0.753	0.671	0.635	0.542	0.431	0.355	0.259	0.202	0.165	0.113	0.08	0.052	0.035	0.024	0.018	0.007	0.011	0.005	0.001	0	0	0	0	0	0	0	0	0	0	0	0	0	0	0	0	0	0	0	0	0	0	0	0	0	0	0	0	0	0	0	0	0	0	0	0	0	0	0	0	0	0	0	0	0	0	0	0	0	0	0	0	0	0	0	0	0	0	0	0	0	0	0	0	0	0	0	0	0	0	0	0	0	
1	1	1	1	1	1	1	1	1	1	1	1	1	1	0.999	0.999	0.995	0.987	0.961	0.939	0.9	0.853	0.772	0.723	0.651	0.559	0.465	0.452	0.359	0.309	0.238	0.239	0.173	0.154	0.106	0.097	0.085	0.054	0.035	0.038	0.023	0.012	0.016	0.013	0.004	0.003	0.001	0.002	0.001	0.003	0.001	0.001	0	0	0	0	0.001	0	0	0	0	0	0	0	0	0	0	0	0	0	0	0	0	0	0	0	0	0	0	0	0	0	0	0	0	0	0	0	0	0	0	0	0	0	0	0	0	0	0	0	
1	1	1	1	1	1	1	1	1	1	1	1	1	1	1	1	1	1	1	1	1	1	1	1	1	1	1	1	1	1	1	1	1	1	0.999	1	1	1	1	1	1	0.999	1	1	1	0.999	0.999	1	0.998	0.999	1	1	0.997	0.999	0.998	0.998	0.997	0.997	0.999	0.997	0.998	0.997	0.998	0.997	0.998	0.998	0.999	0.999	0.998	0.997	0.998	0.998	0.997	0.996	0.997	0.997	0.999	0.998	0.999	0.999	0.999	0.999	1	1	1	1	1	1	1	1	1	1	1	1	1	1	1	1	1	1	
1	1	1	1	1	1	1	1	1	1	1	1	1	0.998	0.985	0.952	0.834	0.637	0.402	0.217	0.109	0.041	0.013	0.006	0.004	0	0	0	0	0	0	0	0	0	0	0	0	0	0	0	0	0	0	0	0	0	0	0	0	0	0	0	0	0	0	0	0	0	0	0	0	0	0	0	0	0	0	0	0	0	0	0	0	0	0	0	0	0	0	0	0	0	0	0	0	0	0	0	0	0	0	0	0	0	0	0	0	0	0	0	
1	1	1	1	1	1	1	1	1	1	1	1	1	1	1	1	1	1	1	1	1	1	1	1	1	1	0.995	0.978	0.964	0.901	0.826	0.732	0.597	0.476	0.346	0.245	0.18	0.117	0.063	0.033	0.021	0.02	0.009	0.002	0.001	0.002	0	0	0	0.001	0	0	0	0	0	0	0	0	0	0	0	0	0	0	0	0	0	0	0	0	0	0	0	0	0	0	0	0	0	0	0	0	0	0	0	0	0	0	0	0	0	0	0	0	0	0	0	0	0	0	
1	1	1	1	1	1	1	1	1	1	1	1	1	1	1	1	1	1	1	1	1	1	1	1	1	1	1	1	1	1	1	1	1	1	1	1	1	1	1	1	1	1	1	1	1	1	1	1	1	1	1	1	1	1	1	1	1	1	1	1	1	1	1	1	1	1	1	1	1	1	1	1	1	1	1	1	1	1	1	0.999	0.999	0.999	1	1	1	1	1	1	1	1	1	1	1	1	1	1	1	1	1	1	
1	1	1	1	1	1	1	1	1	1	1	1	1	1	1	1	1	1	1	1	1	1	1	1	1	1	1	1	1	1	1	1	0.998	0.994	0.982	0.964	0.908	0.855	0.781	0.691	0.543	0.468	0.361	0.267	0.201	0.147	0.086	0.068	0.043	0.018	0.018	0.01	0.005	0.002	0.004	0	0	0	0	0.001	0	0	0	0	0	0	0	0	0	0	0	0	0	0	0	0	0	0	0	0	0	0	0	0	0	0	0	0	0	0	0	0	0	0	0	0	0	0	0	0	
1	1	1	1	1	1	0.997	0.994	0.964	0.918	0.847	0.725	0.625	0.466	0.358	0.235	0.154	0.089	0.04	0.014	0.003	0	0.001	0	0	0	0	0	0	0	0	0	0	0	0	0	0	0	0	0	0	0	0	0	0	0	0	0	0	0	0	0	0	0	0	0	0	0	0	0	0	0	0	0	0	0	0	0	0	0	0	0	0	0	0	0	0	0	0	0	0	0	0	0	0	0	0	0	0	0	0	0	0	0	0	0	0	0	0	0	
1	1	1	1	1	1	1	1	1	1	1	1	1	1	1	1	1	1	1	1	1	0.999	0.991	0.988	0.984	0.953	0.913	0.875	0.822	0.72	0.607	0.477	0.37	0.215	0.175	0.1	0.054	0.04	0.016	0.011	0.002	0.003	0	0	0	0.001	0	0	0	0	0	0	0	0	0	0	0	0	0	0	0	0	0	0	0	0	0	0	0	0	0	0	0	0	0	0	0	0	0	0	0	0	0	0	0	0	0	0	0	0	0	0	0	0	0	0	0	0	0	0	
1	1	1	1	1	1	1	1	1	1	1	1	1	1	1	1	1	1	1	1	1	1	1	1	1	1	1	1	1	1	1	1	1	1	1	1	1	1	0.999	1	0.999	0.998	0.999	0.999	0.998	1	0.999	0.999	1	0.999	1	1	1	0.997	1	0.999	0.998	1	0.999	1	0.999	1	0.998	1	0.999	0.998	1	0.999	0.999	0.999	0.999	1	1	0.999	0.999	1	1	0.999	1	0.999	1	1	1	0.999	1	1	0.999	0.999	1	1	0.999	1	1	0.999	1	1	1	1	1	1	
1	1	1	1	1	1	1	1	1	0.997	0.982	0.975	0.942	0.903	0.836	0.733	0.661	0.537	0.465	0.363	0.283	0.215	0.184	0.137	0.091	0.084	0.051	0.028	0.021	0.011	0.013	0.011	0.008	0.004	0.005	0	0.002	0	0	0	0.001	0	0	0.001	0	0	0	0	0	0	0	0	0	0	0	0	0	0	0	0	0	0	0	0	0	0	0	0	0	0	0	0	0	0	0	0	0	0	0	0	0	0	0	0	0	0	0	0	0	0	0	0	0	0	0	0	0	0	0	0	
1	1	1	1	1	1	1	1	1	1	1	1	1	1	1	0.997	0.974	0.913	0.758	0.534	0.318	0.134	0.047	0.016	0.01	0	0.001	0	0	0	0	0	0	0	0	0	0	0	0	0	0	0	0	0	0	0	0	0	0	0	0	0	0	0	0	0	0	0	0	0	0	0	0	0	0	0	0	0	0	0	0	0	0	0	0	0	0	0	0	0	0	0	0	0	0	0	0	0	0	0	0	0	0	0	0	0	0	0	0	0	
1	1	1	1	1	1	1	1	1	1	1	1	1	1	1	1	1	1	1	1	1	1	1	1	1	1	1	1	1	1	1	1	1	1	1	1	1	1	1	1	1	1	1	1	1	1	1	1	1	1	0.999	1	0.999	1	1	1	1	1	0.999	0.999	1	0.998	1	0.999	0.999	1	0.996	0.999	0.999	0.999	0.999	0.999	0.998	0.998	1	0.998	0.994	0.998	0.994	1	0.997	0.995	0.999	0.999	1	0.997	0.998	0.999	0.998	0.997	0.998	0.995	0.997	0.999	0.999	0.999	0.998	0.998	0.999	0.998	
1	1	1	1	1	1	1	1	1	1	1	1	0.996	0.995	0.989	0.985	0.953	0.939	0.884	0.856	0.766	0.69	0.574	0.475	0.395	0.298	0.18	0.12	0.082	0.043	0.028	0.014	0.008	0.004	0.005	0.001	0	0.002	0	0	0	0	0	0	0	0	0	0	0	0	0	0	0	0	0	0	0	0	0	0	0	0	0	0	0	0	0	0	0	0	0	0	0	0	0	0	0	0	0	0	0	0	0	0	0	0	0	0	0	0	0	0	0	0	0	0	0	0	0	0	
1	1	1	1	1	1	1	1	1	1	1	1	1	1	1	1	1	1	1	1	1	1	1	1	0.995	0.983	0.953	0.914	0.822	0.689	0.592	0.437	0.307	0.221	0.143	0.075	0.048	0.036	0.028	0.011	0.005	0.004	0.003	0.002	0.002	0	0	0	0	0	0	0	0	0	0	0	0	0	0	0	0	0	0	0	0	0	0	0	0	0	0	0	0	0	0	0	0	0	0	0	0	0	0	0	0	0	0	0	0	0	0	0	0	0	0	0	0	0	0	0	
1	0.912	0.485	0.257	0.192	0.174	0.197	0.229	0.309	0.397	0.487	0.589	0.652	0.71	0.755	0.772	0.81	0.787	0.823	0.808	0.792	0.793	0.759	0.747	0.768	0.746	0.74	0.726	0.719	0.68	0.675	0.647	0.654	0.588	0.577	0.535	0.489	0.483	0.43	0.371	0.367	0.297	0.274	0.215	0.188	0.159	0.112	0.097	0.074	0.065	0.037	0.033	0.022	0.013	0.008	0.006	0.002	0.007	0.002	0.002	0	0.001	0.001	0	0	0	0	0	0	0	0	0	0	0	0	0	0	0	0	0	0	0	0	0	0	0	0	0	0	0	0	0	0	0	0	0	0	0	0	0	
1	1	1	1	1	1	1	1	1	1	1	1	1	1	1	1	1	1	1	1	1	1	1	1	1	1	1	1	1	1	1	1	1	1	1	1	1	1	1	1	1	1	1	1	1	1	1	1	1	1	1	1	1	1	1	1	1	1	1	1	1	1	1	1	1	1	1	1	1	1	1	1	1	1	1	1	1	1	1	1	1	1	1	1	1	1	1	1	1	1	1	1	1	1	1	1	1	1	1	1	
1	1	1	1	1	1	1	1	1	1	1	1	1	1	1	1	1	0.999	1	0.996	0.981	0.961	0.914	0.84	0.718	0.621	0.482	0.367	0.266	0.141	0.096	0.062	0.027	0.011	0.007	0.005	0.001	0	0	0	0	0	0	0	0	0	0	0	0	0	0	0	0	0	0	0	0	0	0	0	0	0	0	0	0	0	0	0	0	0	0	0	0	0	0	0	0	0	0	0	0	0	0	0	0	0	0	0	0	0	0	0	0	0	0	0	0	0	0	0	
1	1	1	1	1	1	1	1	1	1	1	1	1	1	1	1	1	1	1	1	1	1	0.999	0.999	0.999	0.999	0.996	0.996	0.983	0.971	0.966	0.93	0.904	0.846	0.794	0.706	0.652	0.576	0.502	0.389	0.333	0.251	0.174	0.152	0.102	0.074	0.048	0.034	0.016	0.016	0.009	0.009	0.001	0.003	0	0	0.001	0	0	0	0	0	0	0	0	0	0	0	0	0	0	0	0	0	0	0	0	0	0	0	0	0	0	0	0	0	0	0	0	0	0	0	0	0	0	0	0	0	0	0	
1	1	1	1	1	1	1	1	1	1	1	1	1	1	1	1	1	1	1	1	1	1	1	1	1	1	1	0.999	0.997	0.993	0.993	0.98	0.967	0.938	0.911	0.857	0.805	0.752	0.678	0.592	0.509	0.446	0.346	0.255	0.209	0.16	0.122	0.067	0.055	0.042	0.024	0.019	0.012	0.006	0.002	0.007	0	0	0	0	0	0.001	0	0	0	0	0	0	0	0	0	0	0	0	0	0	0	0	0	0	0	0	0	0	0	0	0	0	0	0	0	0	0	0	0	0	0	0	0	0	
1	1	1	1	1	1	1	1	1	1	1	1	1	1	0.995	0.993	0.985	0.976	0.979	0.965	0.943	0.929	0.941	0.904	0.882	0.881	0.873	0.846	0.831	0.808	0.799	0.792	0.763	0.741	0.712	0.724	0.663	0.683	0.663	0.599	0.609	0.57	0.551	0.511	0.487	0.441	0.409	0.357	0.322	0.298	0.259	0.235	0.21	0.164	0.119	0.111	0.091	0.075	0.051	0.049	0.023	0.021	0.008	0.01	0.007	0.005	0.002	0	0.001	0.001	0.001	0.001	0	0	0	0	0	0	0	0	0	0	0	0	0	0	0	0	0	0	0	0	0	0	0	0	0	0	0	0	
1	1	1	1	1	1	1	1	1	1	1	1	1	1	1	1	1	1	1	1	1	1	1	1	1	1	1	1	1	1	1	1	1	1	1	1	1	1	1	1	1	1	1	1	1	1	1	1	1	1	1	1	1	1	1	1	1	1	1	1	1	1	1	1	1	1	1	1	1	1	1	1	1	1	1	1	1	1	1	1	1	1	1	1	1	1	1	1	1	1	1	1	1	1	1	1	1	1	1	1	
1	1	1	1	1	1	1	1	0.999	0.989	0.955	0.858	0.754	0.573	0.418	0.283	0.167	0.108	0.069	0.024	0.012	0.004	0.003	0.003	0	0	0	0	0	0	0	0	0	0	0	0	0	0	0	0	0	0	0	0	0	0	0	0	0	0	0	0	0	0	0	0	0	0	0	0	0	0	0	0	0	0	0	0	0	0	0	0	0	0	0	0	0	0	0	0	0	0	0	0	0	0	0	0	0	0	0	0	0	0	0	0	0	0	0	0	
1	1	1	0.988	0.926	0.756	0.566	0.279	0.11	0.047	0.01	0	0.001	0	0	0	0	0	0	0	0	0	0	0	0	0	0	0	0	0	0	0	0	0	0	0	0	0	0	0	0	0	0	0	0	0	0	0	0	0	0	0	0	0	0	0	0	0	0	0	0	0	0	0	0	0	0	0	0	0	0	0	0	0	0	0	0	0	0	0	0	0	0	0	0	0	0	0	0	0	0	0	0	0	0	0	0	0	0	0	
