1	1	1	1	1	1	1	1	1	1	1	1	1	1	1	1	1	1	1	1	1	0.999	0.999	1	0.99	0.975	0.939	0.898	0.82	0.683	0.61	0.456	0.37	0.252	0.215	0.143	0.096	0.069	0.046	0.043	0.026	0.019	0.01	0.009	0.01	0.005	0.004	0.002	0.001	0.001	0.001	0	0	0	0.001	0	0	0	0	0	0	0	0	0	0	0	0	0	0	0	0	0	0	0	0	0	0	0	0	0	0	0	0	0	0	0	0	0	0	0	0	0	0	0	0	0	0	0	0	0	
1	1	1	1	1	1	1	1	1	1	1	1	1	1	1	1	1	1	1	1	1	1	1	1	1	1	1	1	1	1	1	1	1	1	1	1	0.999	1	1	1	1	0.997	0.999	0.997	0.999	0.995	0.994	0.996	0.995	0.996	0.985	0.995	0.993	0.992	0.985	0.982	0.98	0.973	0.96	0.956	0.956	0.944	0.934	0.929	0.934	0.94	0.921	0.904	0.895	0.91	0.901	0.898	0.899	0.873	0.9	0.894	0.895	0.898	0.891	0.878	0.875	0.891	0.855	0.82	0.753	0.713	0.662	0.584	0.517	0.435	0.361	0.27	0.21	0.194	0.119	0.101	0.054	0.055	0.031	0.013	
1	1	1	1	1	1	1	1	1	1	1	1	1	1	1	1	1	1	1	1	1	1	1	1	1	1	1	1	1	1	1	1	1	0.999	0.999	0.998	0.997	0.99	0.984	0.967	0.939	0.92	0.873	0.815	0.724	0.647	0.567	0.428	0.3	0.255	0.196	0.126	0.1	0.052	0.025	0.02	0.009	0.008	0.002	0	0.001	0	0	0	0	0	0	0	0	0	0	0	0	0	0	0	0	0	0	0	0	0	0	0	0	0	0	0	0	0	0	0	0	0	0	0	0	0	0	0	
1	1	1	1	1	1	1	1	1	1	1	1	1	1	1	1	1	1	1	1	1	1	1	1	1	0.999	0.999	0.997	0.981	0.966	0.915	0.879	0.807	0.732	0.63	0.555	0.463	0.372	0.286	0.257	0.18	0.156	0.112	0.093	0.079	0.039	0.038	0.035	0.02	0.012	0.017	0.006	0.006	0.004	0.002	0	0.003	0.001	0	0	0.001	0	0	0	0	0	0	0	0	0	0	0	0	0	0	0	0	0	0	0	0	0	0	0	0	0	0	0	0	0	0	0	0	0	0	0	0	0	0	0	
1	1	1	1	1	1	1	1	1	1	1	1	0.999	0.997	0.983	0.955	0.885	0.802	0.617	0.498	0.357	0.216	0.144	0.077	0.062	0.032	0.018	0.014	0.006	0.004	0.001	0.002	0	0.001	0.001	0	0	0	0	0	0	0	0	0	0	0	0	0	0	0	0	0	0	0	0	0.001	0	0	0	0	0	0	0	0	0	0	0.001	0	0	0	0.001	0	0	0	0	0	0	0	0	0	0	0.001	0	0	0	0	0	0	0	0	0	0	0	0	0	0	0	0	0	0	
1	1	1	1	1	1	1	1	1	1	1	1	1	1	1	1	1	1	1	1	1	1	1	1	1	1	1	1	1	1	1	1	1	1	1	1	0.999	1	1	0.999	0.997	0.998	0.994	0.994	0.992	0.99	0.982	0.964	0.967	0.956	0.943	0.932	0.897	0.877	0.873	0.86	0.814	0.809	0.785	0.768	0.73	0.708	0.698	0.67	0.648	0.618	0.612	0.571	0.568	0.551	0.548	0.529	0.561	0.508	0.519	0.498	0.502	0.499	0.49	0.507	0.504	0.493	0.504	0.527	0.535	0.501	0.534	0.561	0.592	0.622	0.586	0.653	0.644	0.669	0.673	0.714	0.764	0.792	0.78	0.811	
1	1	1	1	1	1	1	1	1	1	1	1	1	1	1	1	1	0.999	0.999	0.998	0.991	0.988	0.981	0.987	0.961	0.945	0.948	0.899	0.89	0.882	0.83	0.82	0.781	0.764	0.744	0.701	0.678	0.658	0.61	0.601	0.543	0.521	0.508	0.48	0.465	0.436	0.414	0.389	0.372	0.351	0.328	0.284	0.28	0.268	0.244	0.24	0.216	0.181	0.176	0.157	0.137	0.135	0.124	0.108	0.114	0.076	0.087	0.069	0.073	0.054	0.043	0.058	0.033	0.032	0.024	0.017	0.014	0.014	0.005	0.012	0.009	0.003	0.003	0.004	0.002	0.003	0.002	0.002	0.001	0	0	0	0	0	0	0	0	0	0	0	
1	1	1	1	1	1	1	1	1	1	1	1	1	1	1	1	1	1	1	1	1	1	1	1	1	1	1	1	1	1	1	1	1	1	1	1	1	1	1	1	1	1	1	1	1	1	1	1	1	1	1	1	1	1	1	1	1	1	1	1	1	1	1	1	1	1	1	1	1	1	1	0.999	1	1	1	0.998	0.998	0.997	0.999	0.996	0.991	0.989	0.986	0.983	0.974	0.961	0.961	0.937	0.926	0.916	0.855	0.87	0.831	0.804	0.752	0.73	0.638	0.63	0.534	0.513	
1	1	1	1	1	1	1	1	1	1	1	1	1	1	1	1	1	1	1	1	1	1	1	1	1	1	1	1	1	1	1	1	1	1	1	1	0.996	0.997	0.987	0.98	0.959	0.939	0.903	0.866	0.803	0.748	0.667	0.587	0.519	0.451	0.409	0.274	0.242	0.193	0.144	0.126	0.087	0.054	0.054	0.037	0.015	0.012	0.016	0.008	0.006	0.005	0.003	0.001	0.001	0	0	0.001	0.001	0	0	0	0	0	0	0	0	0	0	0	0	0	0	0	0	0	0	0	0	0	0	0	0	0	0	0	
1	1	1	1	1	1	1	1	1	1	1	1	1	1	1	1	1	0.997	0.999	0.996	0.993	0.977	0.977	0.965	0.943	0.927	0.893	0.861	0.832	0.8	0.778	0.748	0.738	0.703	0.71	0.668	0.659	0.607	0.61	0.626	0.575	0.64	0.626	0.589	0.605	0.589	0.609	0.616	0.637	0.665	0.67	0.671	0.706	0.693	0.739	0.736	0.744	0.781	0.804	0.823	0.851	0.842	0.875	0.888	0.885	0.907	0.929	0.924	0.944	0.928	0.954	0.963	0.97	0.971	0.982	0.981	0.981	0.986	0.986	0.989	0.992	0.996	0.999	0.993	0.997	0.997	0.996	0.998	0.997	0.997	1	0.999	1	0.999	1	0.999	1	1	1	1	
1	1	1	1	1	1	1	1	1	1	1	1	1	1	1	1	1	1	1	1	1	1	1	1	1	1	1	1	1	1	1	1	1	1	1	1	1	0.999	0.997	0.993	0.986	0.974	0.969	0.928	0.885	0.829	0.752	0.667	0.582	0.486	0.409	0.338	0.246	0.194	0.115	0.09	0.051	0.053	0.027	0.009	0.008	0.006	0.003	0.002	0.003	0	0	0	0	0	0	0	0	0	0	0	0	0	0	0	0	0	0	0	0	0	0	0	0	0	0	0	0	0	0	0	0	0	0	0	
1	1	1	1	1	1	1	1	1	1	1	1	1	1	1	0.999	0.998	0.994	0.993	0.986	0.979	0.968	0.912	0.881	0.801	0.722	0.619	0.492	0.382	0.305	0.247	0.186	0.115	0.077	0.056	0.028	0.028	0.011	0.014	0.007	0.004	0.002	0.001	0.001	0	0	0.002	0	0	0	0	0	0	0	0	0	0	0	0	0	0	0	0	0	0	0	0	0	0	0	0	0	0	0	0	0	0	0	0	0	0	0	0	0	0	0	0	0	0	0	0	0	0	0	0	0	0	0	0	0	
1	1	1	1	1	1	1	1	1	1	1	1	1	1	1	1	1	1	1	1	1	1	1	1	1	1	1	1	1	1	1	1	1	1	1	1	1	1	1	1	1	1	1	1	1	0.998	1	0.999	0.999	0.998	0.989	0.989	0.988	0.973	0.974	0.962	0.958	0.954	0.921	0.932	0.931	0.915	0.92	0.883	0.9	0.9	0.918	0.894	0.897	0.919	0.919	0.924	0.931	0.929	0.939	0.94	0.945	0.945	0.969	0.962	0.973	0.973	0.978	0.983	0.981	0.982	0.99	0.986	0.994	0.995	0.991	0.994	0.997	0.996	0.994	0.999	0.999	0.997	0.998	0.999	
1	1	1	1	1	1	1	1	1	1	1	1	1	1	1	1	1	1	1	1	1	1	1	1	1	1	0.996	0.995	0.985	0.971	0.936	0.89	0.85	0.798	0.729	0.649	0.598	0.517	0.487	0.433	0.382	0.317	0.3	0.243	0.231	0.216	0.171	0.139	0.118	0.109	0.09	0.088	0.078	0.054	0.055	0.036	0.037	0.036	0.032	0.015	0.018	0.018	0.01	0.011	0.006	0.008	0.004	0	0.003	0.001	0	0	0.001	0	0	0	0	0	0	0	0	0	0.001	0	0	0	0	0	0	0	0	0	0	0	0	0	0	0	0	0	
1	1	1	1	1	1	1	1	1	1	1	1	1	0.999	0.999	0.998	0.993	0.991	0.971	0.966	0.931	0.913	0.864	0.82	0.762	0.729	0.671	0.609	0.562	0.506	0.465	0.436	0.377	0.338	0.266	0.261	0.254	0.225	0.197	0.17	0.151	0.146	0.129	0.106	0.121	0.102	0.09	0.079	0.073	0.066	0.046	0.057	0.048	0.054	0.042	0.028	0.033	0.035	0.029	0.033	0.02	0.013	0.025	0.014	0.011	0.01	0.006	0.012	0.011	0.007	0.006	0.003	0.007	0.005	0.009	0.007	0.004	0.003	0.005	0.001	0.003	0.001	0.001	0.004	0.004	0.001	0	0	0.001	0	0.001	0	0.002	0.001	0.001	0	0.001	0.001	0	0.001	
1	0.987	0.923	0.846	0.771	0.707	0.634	0.548	0.481	0.425	0.405	0.375	0.309	0.246	0.239	0.207	0.168	0.132	0.125	0.1	0.075	0.063	0.043	0.049	0.039	0.029	0.032	0.02	0.011	0.023	0.013	0.009	0.014	0.012	0.007	0.005	0.003	0.002	0.001	0.002	0.003	0.002	0	0	0	0	0	0	0.001	0	0	0	0	0	0	0	0	0	0	0	0	0	0	0	0	0	0	0	0	0	0	0	0	0	0	0	0	0	0	0	0	0	0	0	0	0	0	0	0	0	0	0	0	0	0	0	0	0	0	0	
1	1	1	1	1	1	1	1	1	1	1	1	1	0.997	0.995	0.992	0.993	0.98	0.975	0.966	0.952	0.955	0.924	0.885	0.886	0.858	0.826	0.794	0.783	0.751	0.706	0.719	0.669	0.656	0.61	0.635	0.557	0.609	0.58	0.546	0.512	0.475	0.506	0.46	0.431	0.434	0.387	0.352	0.368	0.316	0.266	0.279	0.253	0.245	0.237	0.184	0.175	0.164	0.12	0.113	0.123	0.117	0.095	0.108	0.079	0.075	0.061	0.066	0.049	0.059	0.047	0.06	0.05	0.043	0.036	0.047	0.038	0.035	0.041	0.041	0.042	0.028	0.034	0.031	0.04	0.025	0.037	0.031	0.025	0.028	0.02	0.018	0.024	0.013	0.019	0.008	0.014	0.013	0.005	0.003	
1	1	1	1	1	1	0.998	0.997	0.987	0.977	0.952	0.92	0.879	0.856	0.777	0.743	0.7	0.638	0.608	0.52	0.473	0.436	0.38	0.354	0.314	0.304	0.241	0.211	0.172	0.167	0.15	0.126	0.118	0.096	0.098	0.101	0.079	0.078	0.061	0.052	0.056	0.053	0.043	0.034	0.046	0.047	0.039	0.03	0.032	0.032	0.025	0.032	0.018	0.032	0.025	0.021	0.019	0.02	0.015	0.014	0.014	0.019	0.015	0.012	0.009	0.008	0.009	0.007	0.007	0.004	0.009	0.012	0.007	0.005	0.001	0.003	0.005	0.006	0.002	0.001	0.001	0.001	0.002	0.001	0	0.001	0	0	0	0	0	0	0	0	0	0	0	0	0	0	
1	1	1	1	1	1	1	1	1	0.997	0.998	0.994	0.988	0.985	0.974	0.965	0.945	0.954	0.93	0.916	0.923	0.916	0.915	0.925	0.914	0.893	0.874	0.901	0.893	0.874	0.874	0.874	0.858	0.86	0.865	0.858	0.857	0.842	0.869	0.869	0.841	0.84	0.828	0.847	0.843	0.83	0.812	0.842	0.825	0.814	0.816	0.835	0.809	0.816	0.783	0.781	0.788	0.751	0.755	0.751	0.776	0.76	0.749	0.786	0.767	0.763	0.751	0.773	0.771	0.788	0.794	0.802	0.766	0.79	0.775	0.745	0.734	0.701	0.678	0.658	0.631	0.587	0.533	0.485	0.469	0.378	0.365	0.317	0.291	0.238	0.224	0.213	0.156	0.137	0.116	0.094	0.075	0.068	0.057	0.051	
1	1	1	1	1	1	1	1	1	1	1	1	1	1	1	1	1	1	1	1	1	1	1	0.999	1	1	0.998	0.991	0.99	0.976	0.96	0.918	0.892	0.847	0.757	0.747	0.672	0.587	0.537	0.488	0.435	0.356	0.307	0.268	0.224	0.203	0.175	0.123	0.106	0.095	0.08	0.071	0.06	0.04	0.039	0.028	0.021	0.03	0.018	0.018	0.014	0.007	0.008	0.006	0.006	0.001	0.005	0.002	0	0	0	0	0.001	0.001	0	0	0	0	0	0	0	0	0	0	0	0	0	0	0	0	0	0	0	0	0	0	0	0	0	0	
1	1	1	1	1	1	1	1	1	1	1	1	1	1	1	1	1	1	1	0.999	0.998	0.988	0.994	0.983	0.983	0.967	0.973	0.963	0.96	0.942	0.933	0.937	0.93	0.918	0.938	0.91	0.913	0.916	0.931	0.947	0.947	0.951	0.95	0.966	0.979	0.973	0.976	0.979	0.987	0.983	0.984	0.995	0.988	0.993	0.99	0.989	0.993	0.997	0.995	0.995	0.999	0.996	0.993	0.999	0.997	0.997	0.999	0.997	0.999	1	0.999	0.999	0.998	1	1	0.999	1	0.999	1	0.999	1	1	1	1	1	1	1	0.999	1	1	1	1	1	1	1	1	1	1	1	1	
1	1	1	1	1	1	1	1	1	1	1	1	1	1	1	1	1	1	1	1	1	0.999	1	0.999	0.999	0.993	0.987	0.985	0.978	0.96	0.941	0.933	0.901	0.875	0.838	0.831	0.79	0.762	0.712	0.662	0.657	0.631	0.584	0.6	0.526	0.516	0.501	0.499	0.474	0.457	0.454	0.425	0.461	0.393	0.422	0.393	0.39	0.385	0.414	0.39	0.391	0.379	0.379	0.358	0.358	0.345	0.345	0.327	0.331	0.327	0.306	0.297	0.282	0.259	0.258	0.244	0.201	0.208	0.189	0.184	0.135	0.125	0.131	0.097	0.083	0.059	0.052	0.043	0.035	0.023	0.017	0.026	0.018	0.009	0.01	0.006	0.001	0.003	0.003	0.001	
1	1	1	1	1	1	1	1	1	1	1	1	1	1	1	1	1	1	1	1	1	1	1	1	1	1	1	1	1	1	1	0.999	0.999	0.995	0.991	0.976	0.953	0.909	0.852	0.781	0.687	0.608	0.509	0.407	0.338	0.275	0.19	0.143	0.097	0.058	0.043	0.022	0.013	0.013	0.005	0.005	0.002	0.005	0	0.001	0	0	0	0.001	0	0	0	0	0	0	0	0	0	0	0	0	0	0	0	0	0	0	0	0	0	0	0	0	0	0	0	0	0	0	0	0	0	0	0	0	
1	1	1	1	1	1	1	1	1	1	1	1	1	1	1	1	1	1	1	1	1	1	1	1	1	1	1	1	1	1	1	1	1	1	1	1	1	1	1	1	1	1	1	1	1	1	1	1	1	1	1	1	1	1	1	1	1	1	1	1	1	1	1	1	1	1	1	1	1	1	1	1	1	1	1	1	1	1	1	1	1	1	1	1	1	1	1	1	1	1	1	1	1	1	1	1	1	1	1	1	
1	1	1	1	1	1	1	1	1	1	1	1	1	1	1	0.999	1	0.999	1	1	0.999	1	0.997	0.999	1	0.996	0.999	0.997	0.998	0.998	0.996	0.997	0.995	0.997	0.993	0.996	0.991	0.996	0.991	0.996	0.989	0.988	0.993	0.983	0.988	0.992	0.985	0.969	0.982	0.986	0.973	0.978	0.972	0.951	0.962	0.956	0.956	0.95	0.93	0.923	0.916	0.91	0.89	0.89	0.869	0.857	0.84	0.799	0.779	0.74	0.735	0.659	0.651	0.587	0.55	0.465	0.435	0.423	0.356	0.311	0.244	0.217	0.199	0.179	0.114	0.107	0.086	0.058	0.049	0.041	0.051	0.025	0.022	0.022	0.011	0.01	0.005	0.01	0.007	0.001	
1	1	1	1	1	1	1	1	1	1	1	1	1	1	1	1	1	1	1	1	1	1	0.999	1	1	0.999	0.998	0.996	0.996	0.995	0.988	0.99	0.985	0.979	0.976	0.979	0.981	0.983	0.965	0.974	0.964	0.961	0.948	0.96	0.955	0.945	0.939	0.953	0.943	0.945	0.946	0.941	0.941	0.936	0.936	0.947	0.935	0.951	0.935	0.953	0.946	0.938	0.955	0.933	0.932	0.937	0.939	0.942	0.928	0.94	0.947	0.932	0.943	0.927	0.931	0.933	0.928	0.924	0.911	0.918	0.916	0.931	0.898	0.92	0.916	0.92	0.914	0.908	0.905	0.901	0.91	0.893	0.888	0.893	0.891	0.884	0.852	0.849	0.854	0.831	
1	1	1	1	1	1	1	1	1	1	1	1	1	1	1	1	1	1	1	1	1	1	1	1	1	1	0.998	0.992	0.986	0.959	0.949	0.898	0.842	0.781	0.696	0.583	0.549	0.473	0.38	0.304	0.26	0.222	0.17	0.127	0.099	0.086	0.072	0.054	0.038	0.027	0.025	0.017	0.014	0.009	0.008	0.005	0.001	0.001	0.003	0.003	0	0.003	0.001	0.001	0	0	0	0	0	0	0	0	0	0	0	0	0	0	0	0	0	0	0	0	0	0	0	0	0	0	0	0	0	0	0	0	0	0	0	0	
1	1	1	1	1	1	1	1	1	1	1	1	1	1	1	1	1	1	1	1	1	1	0.999	1	0.999	0.995	0.999	0.999	0.989	0.987	0.989	0.983	0.988	0.98	0.982	0.971	0.971	0.968	0.963	0.954	0.954	0.951	0.939	0.954	0.952	0.951	0.957	0.954	0.959	0.969	0.969	0.977	0.958	0.961	0.964	0.971	0.977	0.982	0.978	0.981	0.976	0.974	0.982	0.973	0.973	0.97	0.968	0.967	0.951	0.952	0.95	0.932	0.932	0.918	0.887	0.864	0.805	0.788	0.737	0.74	0.647	0.566	0.523	0.442	0.351	0.304	0.233	0.198	0.15	0.101	0.069	0.054	0.033	0.01	0.01	0.006	0.004	0.001	0.001	0	
1	1	1	1	1	1	1	1	1	1	1	1	1	1	1	0.999	1	1	0.998	0.999	0.999	0.997	0.998	0.997	0.995	0.991	0.992	0.981	0.983	0.968	0.962	0.945	0.943	0.936	0.916	0.904	0.897	0.888	0.869	0.868	0.863	0.821	0.83	0.844	0.842	0.806	0.836	0.828	0.817	0.809	0.806	0.815	0.83	0.824	0.834	0.849	0.859	0.814	0.854	0.847	0.882	0.887	0.881	0.869	0.885	0.887	0.895	0.913	0.912	0.919	0.914	0.913	0.914	0.911	0.937	0.915	0.899	0.868	0.87	0.844	0.79	0.734	0.676	0.578	0.514	0.453	0.358	0.288	0.26	0.193	0.133	0.096	0.077	0.06	0.045	0.026	0.014	0.011	0.006	0.007	
1	1	1	1	1	1	1	1	1	1	1	1	1	1	1	1	0.999	0.998	1	0.994	0.979	0.972	0.941	0.893	0.847	0.809	0.719	0.681	0.664	0.564	0.5	0.446	0.441	0.371	0.325	0.291	0.282	0.25	0.204	0.201	0.175	0.163	0.177	0.157	0.126	0.158	0.128	0.124	0.138	0.131	0.135	0.136	0.134	0.128	0.129	0.138	0.14	0.159	0.143	0.158	0.142	0.163	0.169	0.171	0.174	0.176	0.17	0.177	0.156	0.162	0.146	0.101	0.116	0.093	0.086	0.067	0.062	0.053	0.035	0.027	0.012	0.009	0.012	0.006	0.003	0.002	0.002	0	0	0	0	0	0	0	0	0	0	0	0	0	
1	1	1	1	1	1	1	0.998	0.98	0.915	0.808	0.642	0.524	0.422	0.374	0.302	0.259	0.247	0.238	0.219	0.239	0.224	0.225	0.226	0.195	0.173	0.153	0.131	0.083	0.076	0.054	0.042	0.038	0.033	0.032	0.026	0.005	0.025	0.014	0.017	0.011	0.011	0.009	0.019	0.011	0.011	0.014	0.019	0.014	0.016	0.02	0.02	0.022	0.023	0.021	0.015	0.026	0.015	0.024	0.015	0.017	0.016	0.01	0.006	0.004	0.002	0.004	0.002	0.003	0	0.001	0	0	0	0	0	0	0	0	0	0	0	0	0	0	0	0	0	0	0	0	0	0	0	0	0	0	0	0	0	
1	1	1	1	1	1	1	1	1	0.999	0.992	0.982	0.957	0.915	0.859	0.782	0.671	0.522	0.461	0.431	0.282	0.199	0.158	0.121	0.089	0.055	0.038	0.025	0.013	0.005	0.004	0.005	0.001	0.002	0	0.002	0	0	0	0	0	0	0	0	0	0	0	0	0	0	0	0	0	0	0	0	0	0	0	0	0	0	0	0	0	0	0	0	0	0	0	0	0	0	0	0	0	0	0	0	0	0	0	0	0	0	0	0	0	0	0	0	0	0	0	0	0	0	0	0	
1	1	1	1	1	1	1	1	1	1	1	1	1	1	1	1	1	1	1	1	1	1	1	1	1	1	1	1	1	1	1	1	1	1	1	1	1	1	1	1	1	1	1	1	1	1	1	1	1	0.999	1	1	1	0.999	1	1	0.998	0.997	1	0.996	0.998	0.995	0.995	0.991	0.993	0.986	0.982	0.977	0.961	0.961	0.952	0.936	0.911	0.892	0.86	0.866	0.829	0.797	0.739	0.731	0.69	0.651	0.621	0.573	0.529	0.51	0.467	0.443	0.348	0.318	0.302	0.302	0.259	0.229	0.208	0.2	0.168	0.132	0.138	0.123	
1	1	1	1	1	1	1	1	1	1	1	1	1	1	1	1	1	0.998	0.999	0.99	0.969	0.952	0.873	0.819	0.753	0.676	0.57	0.478	0.397	0.323	0.278	0.228	0.183	0.157	0.135	0.095	0.104	0.083	0.07	0.062	0.057	0.033	0.046	0.034	0.03	0.017	0.027	0.028	0.015	0.016	0.023	0.015	0.01	0.018	0.005	0.007	0.005	0.008	0.004	0.003	0.006	0.001	0.002	0	0	0	0	0	0	0	0	0	0	0	0	0	0	0	0	0	0	0	0	0	0	0	0	0	0	0	0	0	0	0	0	0	0	0	0	0	
1	1	1	1	1	1	1	1	1	1	1	1	1	1	1	1	0.999	1	1	0.997	0.992	0.984	0.96	0.947	0.893	0.893	0.808	0.751	0.695	0.597	0.483	0.397	0.304	0.235	0.165	0.119	0.083	0.045	0.029	0.029	0.016	0.013	0.007	0.004	0.008	0.003	0	0	0	0	0	0	0	0	0	0	0	0	0	0	0	0	0	0	0	0	0	0	0	0	0	0	0	0	0	0	0	0	0	0	0	0	0	0	0	0	0	0	0	0	0	0	0	0	0	0	0	0	0	0	
1	1	1	1	1	1	1	1	1	1	1	1	1	1	1	1	1	1	1	1	1	1	1	1	1	1	1	1	1	0.991	0.995	0.994	0.989	0.988	0.984	0.975	0.965	0.972	0.956	0.942	0.905	0.914	0.886	0.878	0.824	0.79	0.774	0.701	0.654	0.582	0.537	0.425	0.348	0.289	0.214	0.166	0.14	0.086	0.06	0.026	0.023	0.016	0.013	0.005	0	0	0	0.001	0	0	0	0	0	0	0	0	0	0	0	0	0	0	0	0	0	0	0	0	0	0	0	0	0	0	0	0	0	0	0	0	
1	1	1	1	1	1	1	1	1	1	1	1	1	1	1	1	1	1	1	1	1	1	1	1	1	1	1	1	1	1	1	1	1	1	0.999	1	1	0.999	1	1	0.999	0.996	0.986	0.994	0.978	0.971	0.95	0.944	0.921	0.897	0.847	0.826	0.819	0.781	0.728	0.64	0.631	0.579	0.535	0.478	0.483	0.443	0.387	0.348	0.317	0.237	0.218	0.191	0.133	0.113	0.071	0.063	0.047	0.024	0.012	0.007	0.012	0.004	0.003	0.002	0.002	0	0	0	0.001	0	0	0	0	0	0	0	0	0	0	0	0	0	0	0	
1	1	1	1	1	1	1	1	1	1	1	1	1	1	1	1	1	1	1	1	1	1	1	1	1	1	1	1	1	1	0.999	0.999	0.995	0.991	0.993	0.986	0.967	0.95	0.917	0.901	0.886	0.83	0.811	0.762	0.663	0.632	0.592	0.523	0.505	0.42	0.368	0.316	0.265	0.242	0.195	0.16	0.124	0.094	0.054	0.053	0.034	0.023	0.011	0.003	0.003	0.002	0.001	0	0	0	0	0	0	0	0	0	0	0	0	0	0	0	0	0	0	0	0	0	0	0	0	0	0	0	0	0	0	0	0	0	
1	1	1	1	1	1	1	1	1	1	1	1	1	1	1	1	1	1	1	1	1	1	1	1	1	1	1	0.997	0.989	0.986	0.956	0.932	0.886	0.805	0.733	0.652	0.545	0.433	0.394	0.305	0.215	0.163	0.118	0.097	0.064	0.048	0.029	0.023	0.015	0.009	0.005	0.002	0.002	0	0.002	0.002	0.001	0	0	0	0.001	0	0	0.001	0	0	0	0	0	0	0	0	0	0	0	0	0	0	0	0	0	0	0	0	0	0	0	0	0	0	0	0	0	0	0	0	0	0	0	0	
1	1	1	1	1	1	1	1	1	1	1	1	1	1	1	1	0.999	0.987	0.969	0.922	0.906	0.856	0.787	0.71	0.662	0.61	0.546	0.467	0.428	0.406	0.346	0.304	0.283	0.249	0.221	0.177	0.199	0.156	0.144	0.137	0.123	0.134	0.122	0.128	0.102	0.082	0.097	0.097	0.093	0.08	0.064	0.065	0.068	0.06	0.073	0.053	0.043	0.047	0.052	0.044	0.034	0.029	0.025	0.017	0.019	0.017	0.01	0.008	0.006	0.005	0.004	0.004	0.002	0.001	0.001	0.001	0	0	0	0	0	0	0	0	0	0	0	0	0	0	0	0	0	0	0	0	0	0	0	0	
1	1	1	1	1	1	1	1	1	1	1	1	1	1	1	1	1	1	1	1	1	1	1	0.999	1	0.996	0.997	0.995	0.981	0.979	0.959	0.938	0.903	0.898	0.855	0.835	0.786	0.744	0.719	0.633	0.583	0.533	0.439	0.377	0.274	0.209	0.148	0.116	0.09	0.045	0.036	0.015	0.01	0.006	0.003	0	0.001	0	0	0	0	0	0	0	0	0	0	0	0	0	0	0	0	0	0	0	0	0	0	0	0	0	0	0	0	0	0	0	0	0	0	0	0	0	0	0	0	0	0	0	
1	1	1	1	1	1	1	1	1	1	1	1	1	1	1	1	1	1	1	1	0.998	0.999	0.998	0.994	0.992	0.98	0.985	0.967	0.964	0.966	0.962	0.948	0.961	0.946	0.955	0.949	0.939	0.959	0.948	0.948	0.96	0.952	0.961	0.95	0.945	0.949	0.949	0.935	0.914	0.894	0.849	0.795	0.734	0.621	0.541	0.476	0.347	0.298	0.21	0.174	0.119	0.066	0.068	0.037	0.019	0.014	0.006	0.008	0.002	0.004	0.001	0	0.001	0	0	0.001	0	0	0	0	0	0	0	0	0	0	0	0	0	0	0	0	0	0	0	0	0	0	0	0	
1	1	1	1	1	1	1	1	1	1	1	1	1	1	1	1	1	1	1	1	1	1	1	1	1	1	1	1	1	0.999	1	0.997	0.996	0.987	0.978	0.962	0.922	0.867	0.83	0.776	0.666	0.601	0.51	0.433	0.365	0.292	0.205	0.156	0.106	0.087	0.046	0.032	0.02	0.009	0.007	0.001	0.003	0.001	0.001	0.001	0	0	0	0	0	0	0	0	0	0	0	0	0	0	0	0	0	0	0	0	0	0	0	0	0	0	0	0	0	0	0	0	0	0	0	0	0	0	0	0	
1	1	1	1	1	1	1	1	1	1	1	1	1	1	1	1	1	1	1	1	1	1	1	1	1	1	1	1	1	0.999	0.999	0.999	0.999	0.993	0.992	0.994	0.991	0.989	0.988	0.983	0.98	0.968	0.963	0.961	0.943	0.913	0.9	0.894	0.866	0.812	0.78	0.692	0.666	0.612	0.562	0.514	0.444	0.354	0.28	0.24	0.193	0.137	0.115	0.076	0.068	0.044	0.019	0.022	0.007	0.004	0.003	0.003	0.002	0	0	0	0	0	0	0	0	0	0	0	0	0	0	0	0	0	0	0	0	0	0	0	0	0	0	0	
1	1	1	1	1	1	1	1	1	1	1	1	1	1	1	1	1	1	1	1	1	1	1	1	1	1	1	1	1	1	0.999	0.995	0.99	0.983	0.977	0.959	0.939	0.884	0.86	0.802	0.754	0.699	0.635	0.52	0.47	0.421	0.339	0.298	0.242	0.188	0.133	0.127	0.104	0.078	0.044	0.038	0.027	0.015	0.016	0.018	0.014	0.006	0.003	0.006	0.001	0.002	0.001	0.001	0.001	0	0.001	0	0	0	0	0	0	0	0	0	0	0	0	0	0	0	0	0	0	0	0	0	0	0	0	0	0	0	0	0	
1	1	1	1	1	1	1	1	1	1	1	1	1	1	1	1	1	1	1	1	1	1	1	1	1	1	0.999	0.998	0.999	0.997	0.997	0.996	0.998	0.993	0.991	0.989	0.983	0.968	0.966	0.957	0.954	0.919	0.883	0.857	0.812	0.758	0.692	0.621	0.521	0.412	0.303	0.25	0.18	0.124	0.073	0.057	0.029	0.026	0.01	0.004	0.004	0.003	0	0.001	0	0	0	0	0	0	0	0	0	0	0	0	0	0	0	0	0	0	0	0	0	0	0	0	0	0	0	0	0	0	0	0	0	0	0	0	
1	1	1	1	1	1	1	1	1	1	1	1	1	1	1	1	1	0.998	0.999	0.997	0.999	1	0.998	0.999	0.994	0.997	0.993	0.992	0.987	0.984	0.99	0.992	0.986	0.978	0.975	0.962	0.974	0.963	0.957	0.952	0.958	0.944	0.95	0.94	0.939	0.928	0.914	0.925	0.925	0.907	0.917	0.918	0.91	0.909	0.903	0.888	0.896	0.901	0.889	0.904	0.918	0.915	0.914	0.93	0.931	0.94	0.942	0.945	0.95	0.956	0.956	0.967	0.972	0.972	0.97	0.961	0.965	0.939	0.934	0.892	0.879	0.837	0.775	0.748	0.691	0.625	0.529	0.5	0.39	0.377	0.289	0.257	0.169	0.148	0.099	0.083	0.06	0.051	0.034	0.034	
1	1	1	1	1	1	1	1	1	1	1	1	1	1	1	1	1	1	1	1	0.998	0.998	0.991	0.988	0.981	0.962	0.941	0.933	0.904	0.886	0.841	0.8	0.724	0.683	0.619	0.586	0.518	0.458	0.41	0.377	0.303	0.261	0.251	0.201	0.191	0.154	0.118	0.101	0.106	0.081	0.08	0.061	0.055	0.051	0.034	0.029	0.04	0.032	0.026	0.016	0.016	0.012	0.014	0.016	0.013	0.005	0.007	0.003	0.007	0.003	0.005	0.003	0.001	0.002	0.006	0.003	0.002	0.003	0.001	0.001	0.001	0.001	0	0.001	0.002	0.001	0.001	0.001	0	0.001	0	0	0	0.001	0	0.001	0	0.001	0	0	
1	1	1	1	1	1	1	1	1	1	1	1	1	1	1	1	1	1	1	1	1	1	1	1	1	1	1	1	1	1	1	1	1	1	1	1	1	1	1	1	1	1	1	1	1	1	1	1	1	1	1	1	1	1	1	1	1	1	1	1	1	1	1	0.999	1	0.998	0.999	0.999	0.998	0.998	0.999	0.997	0.99	0.997	0.994	0.995	0.989	0.992	0.989	0.989	0.982	0.974	0.973	0.975	0.97	0.954	0.953	0.952	0.951	0.949	0.923	0.925	0.904	0.893	0.906	0.875	0.863	0.825	0.793	0.75	
1	1	1	1	1	1	1	1	1	1	1	1	1	1	1	1	1	1	0.999	0.999	1	0.999	0.999	0.999	0.998	0.994	0.996	0.996	0.996	0.988	0.994	0.995	0.995	0.994	0.994	0.998	0.994	0.999	0.995	0.995	0.997	0.997	0.994	0.995	0.992	0.994	0.996	0.997	0.989	0.996	0.993	0.995	0.987	0.992	0.989	0.993	0.99	0.987	0.992	0.985	0.987	0.988	0.984	0.984	0.982	0.981	0.981	0.97	0.984	0.982	0.979	0.989	0.986	0.99	0.982	0.983	0.985	0.993	0.989	0.989	0.989	0.987	0.994	0.991	0.992	0.992	0.995	0.994	0.993	0.997	0.996	0.995	1	0.996	0.997	0.999	1	0.999	0.998	0.999	
1	1	1	1	1	1	1	1	1	1	1	1	1	1	1	1	1	1	1	1	1	1	1	1	1	1	1	1	1	1	1	1	0.999	0.999	1	0.996	0.986	0.978	0.963	0.927	0.873	0.843	0.76	0.683	0.623	0.528	0.443	0.342	0.282	0.212	0.159	0.137	0.098	0.068	0.059	0.033	0.024	0.015	0.012	0.006	0.002	0.002	0	0.002	0	0.001	0	0	0	0	0	0	0	0	0	0	0	0	0	0	0	0	0	0	0	0	0	0	0	0	0	0	0	0	0	0	0	0	0	0	
1	1	1	1	1	1	1	1	1	1	1	1	1	1	1	0.998	0.989	0.981	0.975	0.928	0.857	0.788	0.706	0.627	0.516	0.477	0.35	0.363	0.301	0.229	0.211	0.206	0.161	0.132	0.121	0.13	0.112	0.126	0.108	0.11	0.114	0.14	0.128	0.171	0.203	0.184	0.209	0.219	0.238	0.238	0.282	0.3	0.323	0.323	0.338	0.388	0.388	0.407	0.437	0.471	0.453	0.449	0.421	0.456	0.456	0.431	0.428	0.433	0.42	0.416	0.402	0.381	0.385	0.359	0.359	0.319	0.327	0.314	0.293	0.286	0.246	0.27	0.252	0.208	0.203	0.204	0.181	0.182	0.165	0.14	0.115	0.111	0.107	0.104	0.097	0.072	0.066	0.063	0.057	0.039	
1	1	1	1	1	1	1	1	1	1	1	1	1	0.999	0.999	0.998	0.994	0.984	0.969	0.959	0.947	0.947	0.921	0.888	0.887	0.85	0.819	0.816	0.811	0.799	0.799	0.765	0.797	0.777	0.785	0.79	0.817	0.777	0.791	0.826	0.827	0.821	0.862	0.849	0.861	0.841	0.892	0.896	0.895	0.907	0.905	0.917	0.921	0.928	0.912	0.9	0.897	0.884	0.879	0.868	0.833	0.835	0.794	0.761	0.748	0.716	0.686	0.688	0.589	0.609	0.569	0.53	0.5	0.463	0.415	0.368	0.33	0.288	0.247	0.264	0.178	0.182	0.144	0.155	0.11	0.095	0.089	0.057	0.05	0.049	0.035	0.025	0.019	0.014	0.011	0.009	0.011	0.005	0.005	0.002	
1	1	1	1	1	1	1	1	1	1	1	1	1	1	1	1	1	1	1	1	1	0.999	1	1	1	0.999	1	0.999	0.998	0.998	0.999	0.997	0.995	0.994	0.992	0.996	0.987	0.996	0.99	0.979	0.986	0.983	0.961	0.963	0.968	0.967	0.956	0.955	0.946	0.947	0.936	0.928	0.92	0.925	0.925	0.893	0.901	0.887	0.881	0.871	0.835	0.854	0.823	0.812	0.765	0.791	0.77	0.739	0.696	0.678	0.653	0.65	0.605	0.599	0.569	0.5	0.48	0.447	0.423	0.362	0.34	0.324	0.286	0.269	0.239	0.223	0.17	0.147	0.129	0.128	0.111	0.091	0.087	0.053	0.054	0.043	0.025	0.023	0.017	0.025	
1	1	1	1	1	1	1	1	1	1	1	1	1	1	1	1	1	1	1	1	1	1	1	1	0.999	0.994	0.979	0.973	0.956	0.931	0.876	0.828	0.764	0.706	0.601	0.548	0.511	0.41	0.351	0.291	0.232	0.181	0.14	0.137	0.097	0.077	0.07	0.057	0.062	0.025	0.025	0.022	0.016	0.008	0.01	0.007	0.002	0.002	0.003	0.005	0.001	0.002	0	0	0	0	0	0	0	0	0	0	0	0	0	0	0	0	0	0	0	0	0	0	0	0	0	0	0	0	0	0	0	0	0	0	0	0	0	0	
1	1	1	1	1	0.998	0.98	0.949	0.92	0.826	0.783	0.707	0.624	0.528	0.491	0.411	0.359	0.282	0.238	0.226	0.204	0.156	0.138	0.115	0.14	0.102	0.09	0.07	0.072	0.07	0.086	0.074	0.067	0.08	0.071	0.062	0.063	0.064	0.063	0.07	0.061	0.065	0.053	0.078	0.071	0.063	0.089	0.067	0.085	0.085	0.063	0.093	0.064	0.077	0.078	0.095	0.085	0.099	0.088	0.061	0.078	0.061	0.065	0.039	0.065	0.044	0.045	0.041	0.035	0.033	0.036	0.024	0.009	0.011	0.008	0.003	0.004	0.001	0	0.001	0.001	0	0	0	0	0	0	0	0	0	0	0	0	0	0	0	0	0	0	0	
1	1	1	1	1	1	1	1	1	1	1	1	1	1	1	1	1	1	1	1	1	1	1	1	1	1	1	1	1	1	1	1	1	1	0.995	0.997	0.988	0.978	0.965	0.962	0.928	0.909	0.862	0.822	0.827	0.764	0.731	0.697	0.668	0.618	0.513	0.489	0.407	0.363	0.331	0.266	0.208	0.156	0.103	0.098	0.052	0.048	0.024	0.01	0.005	0.003	0.004	0	0	0.001	0	0	0	0	0	0	0	0	0	0	0	0	0	0	0	0	0	0	0	0	0	0	0	0	0	0	0	0	0	0	
1	1	1	1	1	0.991	0.964	0.885	0.781	0.634	0.564	0.464	0.413	0.377	0.357	0.3	0.335	0.316	0.319	0.342	0.3	0.311	0.346	0.348	0.371	0.382	0.396	0.378	0.408	0.413	0.401	0.417	0.396	0.393	0.391	0.373	0.379	0.336	0.328	0.336	0.314	0.241	0.24	0.236	0.267	0.219	0.236	0.222	0.208	0.206	0.219	0.209	0.201	0.209	0.197	0.209	0.231	0.239	0.231	0.246	0.3	0.292	0.284	0.323	0.309	0.348	0.35	0.345	0.348	0.367	0.374	0.315	0.303	0.291	0.256	0.235	0.205	0.162	0.155	0.112	0.071	0.061	0.048	0.025	0.015	0.012	0.009	0.005	0	0	0.001	0	0	0	0	0	0	0	0	0	
1	1	1	1	1	1	1	1	1	1	1	1	1	1	1	1	1	1	1	1	1	1	1	1	1	1	1	1	1	1	1	1	1	1	1	1	1	1	1	1	1	1	1	1	1	1	1	1	1	1	1	1	1	1	1	1	1	1	1	1	1	1	1	1	1	1	1	1	1	1	1	1	1	1	1	1	1	1	1	1	1	1	1	1	1	1	1	1	0.999	1	1	0.999	0.999	1	1	1	1	0.998	1	1	
1	1	1	1	1	1	1	1	1	1	0.998	0.999	0.997	0.994	0.987	0.987	0.971	0.961	0.922	0.894	0.82	0.774	0.702	0.625	0.532	0.477	0.394	0.313	0.275	0.213	0.194	0.164	0.145	0.119	0.102	0.105	0.07	0.061	0.053	0.052	0.044	0.047	0.049	0.034	0.03	0.039	0.03	0.03	0.034	0.026	0.022	0.013	0.024	0.012	0.018	0.015	0.013	0.019	0.008	0.008	0.005	0.004	0.002	0.004	0	0.001	0.004	0.001	0.001	0	0	0	0	0	0	0	0	0	0	0	0	0	0	0	0	0	0	0	0	0	0	0	0	0	0	0	0	0	0	0	
1	1	1	1	1	1	1	1	1	1	1	1	1	1	1	1	1	1	1	1	1	1	1	1	1	1	1	1	1	1	1	1	1	1	1	1	1	1	1	1	1	1	1	1	1	1	1	1	1	1	1	0.999	1	0.999	0.999	1	0.999	0.997	1	0.999	0.998	0.996	0.997	0.997	0.994	0.996	0.995	0.987	0.989	0.988	0.989	0.989	0.986	0.987	0.982	0.977	0.972	0.965	0.965	0.96	0.963	0.951	0.938	0.951	0.92	0.926	0.913	0.902	0.909	0.899	0.862	0.863	0.868	0.837	0.806	0.816	0.795	0.742	0.706	0.73	
1	1	1	1	1	1	1	1	1	1	1	1	1	1	1	1	1	1	1	1	1	1	1	1	1	1	1	1	1	1	1	1	1	0.999	1	0.997	0.996	0.994	0.996	0.997	0.996	0.992	0.995	0.99	0.992	0.986	0.987	0.99	0.989	0.99	0.991	0.987	0.986	0.985	0.957	0.951	0.911	0.865	0.766	0.716	0.591	0.467	0.364	0.253	0.143	0.119	0.059	0.034	0.016	0.009	0.001	0.002	0.001	0	0.001	0	0	0	0	0	0	0	0	0	0	0	0	0	0	0	0	0	0	0	0	0	0	0	0	0	
1	1	1	1	1	1	1	1	1	1	1	1	1	1	1	1	1	1	1	1	0.999	0.999	0.997	0.996	0.992	0.99	0.966	0.952	0.942	0.901	0.88	0.851	0.802	0.737	0.712	0.652	0.554	0.523	0.447	0.404	0.335	0.295	0.263	0.202	0.171	0.145	0.103	0.078	0.063	0.055	0.044	0.025	0.022	0.017	0.019	0.01	0.003	0.006	0.003	0.003	0.002	0.005	0.001	0.001	0.001	0	0.001	0	0	0	0	0	0	0	0	0	0	0	0	0	0	0	0	0	0	0	0	0	0	0	0	0	0	0	0	0	0	0	0	0	
1	1	1	1	0.997	0.992	0.971	0.958	0.938	0.906	0.882	0.814	0.78	0.767	0.728	0.684	0.643	0.618	0.583	0.538	0.501	0.491	0.434	0.402	0.378	0.347	0.335	0.272	0.269	0.243	0.229	0.203	0.209	0.161	0.136	0.145	0.135	0.141	0.12	0.122	0.089	0.106	0.086	0.078	0.085	0.087	0.063	0.053	0.058	0.061	0.071	0.037	0.043	0.035	0.034	0.026	0.034	0.028	0.021	0.019	0.012	0.007	0.006	0.011	0.009	0.002	0.001	0.004	0.003	0.003	0	0	0	0	0	0	0	0	0	0	0	0	0	0	0	0	0	0	0	0	0	0	0	0	0	0	0	0	0	0	
1	1	1	1	1	1	1	1	1	1	1	1	1	1	1	1	1	1	1	1	1	1	1	1	1	1	1	1	1	1	1	1	1	1	1	1	1	1	1	1	0.998	0.998	0.996	0.991	0.983	0.989	0.974	0.972	0.962	0.952	0.941	0.926	0.9	0.898	0.891	0.887	0.858	0.834	0.838	0.815	0.815	0.788	0.788	0.764	0.787	0.763	0.778	0.798	0.786	0.796	0.802	0.813	0.813	0.812	0.844	0.854	0.867	0.875	0.907	0.91	0.914	0.924	0.933	0.939	0.949	0.951	0.967	0.965	0.962	0.968	0.982	0.982	0.982	0.985	0.985	0.995	0.995	0.994	0.997	0.993	
1	1	1	1	1	1	1	1	1	1	1	1	1	1	1	1	1	1	1	1	1	1	1	1	1	1	1	0.999	0.999	0.999	0.999	0.998	0.998	0.995	0.991	0.985	0.983	0.981	0.965	0.968	0.935	0.936	0.938	0.916	0.915	0.897	0.888	0.878	0.865	0.859	0.813	0.825	0.817	0.797	0.762	0.739	0.731	0.729	0.73	0.694	0.673	0.656	0.662	0.626	0.597	0.625	0.602	0.619	0.576	0.544	0.561	0.539	0.534	0.491	0.463	0.492	0.463	0.44	0.416	0.379	0.378	0.382	0.341	0.332	0.332	0.298	0.265	0.264	0.255	0.201	0.179	0.173	0.159	0.144	0.125	0.111	0.112	0.098	0.089	0.067	
1	1	1	1	1	1	1	1	1	1	1	1	1	0.998	0.991	0.971	0.946	0.863	0.741	0.637	0.533	0.372	0.305	0.23	0.201	0.111	0.12	0.072	0.058	0.028	0.028	0.019	0.02	0.013	0.007	0.007	0.003	0	0.002	0	0.001	0	0.001	0	0	0.001	0	0	0	0	0	0	0	0	0	0	0	0	0	0	0	0	0	0	0	0	0	0	0	0	0	0	0	0	0	0	0	0	0	0	0	0	0	0	0	0	0	0	0	0	0	0	0	0	0	0	0	0	0	0	
1	1	1	1	1	1	1	1	1	1	1	1	1	1	1	1	1	1	1	1	1	1	1	1	1	1	1	1	1	1	1	1	1	0.998	0.998	0.998	0.996	0.996	0.99	0.969	0.966	0.927	0.879	0.815	0.77	0.709	0.592	0.533	0.454	0.39	0.302	0.239	0.174	0.125	0.103	0.065	0.054	0.033	0.02	0.009	0.008	0.012	0.002	0.004	0.001	0	0	0	0	0	0	0	0	0	0	0	0	0	0	0	0	0	0	0	0	0	0	0	0	0	0	0	0	0	0	0	0	0	0	0	
1	1	1	1	1	1	1	1	1	1	1	1	1	1	1	1	1	1	1	1	1	1	1	1	1	1	1	1	1	1	1	1	1	1	1	1	1	0.999	1	0.999	0.998	0.998	0.997	0.994	0.992	0.992	0.984	0.984	0.981	0.971	0.977	0.957	0.96	0.947	0.926	0.902	0.887	0.866	0.828	0.831	0.77	0.745	0.697	0.65	0.607	0.544	0.497	0.442	0.413	0.37	0.327	0.263	0.236	0.172	0.166	0.129	0.105	0.1	0.053	0.051	0.04	0.024	0.025	0.016	0.009	0.007	0.005	0.002	0.001	0.001	0.001	0	0	0	0	0	0	0	0	0	
1	1	1	1	1	1	1	1	1	0.999	0.997	0.995	0.988	0.989	0.981	0.968	0.958	0.954	0.914	0.885	0.854	0.821	0.806	0.731	0.72	0.636	0.577	0.56	0.497	0.442	0.408	0.372	0.362	0.299	0.291	0.27	0.246	0.21	0.178	0.214	0.179	0.145	0.127	0.161	0.124	0.111	0.112	0.099	0.115	0.105	0.103	0.101	0.096	0.079	0.07	0.07	0.052	0.064	0.055	0.051	0.051	0.037	0.037	0.03	0.022	0.027	0.019	0.009	0.012	0.012	0.003	0.002	0.002	0.002	0.002	0.001	0.002	0	0	0.002	0	0.001	0	0	0	0	0	0	0	0	0	0	0	0	0	0	0	0	0	0	
1	1	1	1	1	1	1	1	1	1	1	1	1	1	1	0.999	1	0.995	0.992	0.986	0.978	0.957	0.939	0.917	0.899	0.859	0.839	0.808	0.797	0.759	0.758	0.755	0.704	0.696	0.688	0.685	0.68	0.673	0.684	0.651	0.655	0.681	0.657	0.7	0.707	0.685	0.728	0.7	0.734	0.735	0.749	0.733	0.737	0.787	0.757	0.767	0.796	0.813	0.814	0.787	0.795	0.823	0.775	0.796	0.809	0.771	0.749	0.75	0.723	0.72	0.705	0.674	0.622	0.61	0.544	0.56	0.508	0.449	0.406	0.421	0.363	0.337	0.292	0.293	0.244	0.203	0.186	0.172	0.139	0.139	0.144	0.085	0.096	0.08	0.062	0.049	0.044	0.038	0.031	0.03	
1	1	1	1	1	1	1	1	1	1	1	1	1	1	1	1	1	1	1	1	1	1	1	0.999	0.999	0.999	1	0.998	0.999	0.998	0.996	0.991	0.993	0.983	0.978	0.962	0.947	0.952	0.924	0.933	0.885	0.862	0.835	0.814	0.785	0.769	0.72	0.679	0.63	0.587	0.498	0.449	0.358	0.282	0.217	0.15	0.108	0.082	0.038	0.029	0.018	0.017	0.009	0.001	0.004	0.002	0	0	0	0	0	0	0	0	0	0	0	0	0	0	0	0	0	0	0	0	0	0	0	0	0	0	0	0	0	0	0	0	0	0	
1	1	1	1	1	1	1	1	1	1	1	0.998	0.997	0.992	0.975	0.955	0.935	0.903	0.842	0.753	0.709	0.591	0.495	0.482	0.367	0.31	0.261	0.225	0.177	0.157	0.129	0.086	0.058	0.056	0.044	0.049	0.04	0.034	0.024	0.016	0.012	0.012	0.01	0.007	0.008	0.009	0.007	0.003	0.004	0.003	0.003	0.003	0.002	0.004	0.002	0.001	0	0.002	0.001	0	0	0.001	0.003	0	0.002	0	0.002	0.001	0	0.001	0.002	0.002	0	0	0	0	0.002	0.001	0	0.001	0.001	0.001	0	0	0	0	0	0	0	0	0	0	0	0	0	0	0	0	0	0	
1	1	1	1	1	1	1	1	0.999	1	0.998	0.997	0.997	0.996	0.996	0.989	0.989	0.988	0.993	0.985	0.97	0.983	0.953	0.972	0.951	0.963	0.965	0.961	0.949	0.943	0.946	0.929	0.915	0.899	0.923	0.912	0.883	0.889	0.893	0.874	0.89	0.893	0.872	0.875	0.896	0.872	0.867	0.857	0.852	0.847	0.865	0.861	0.845	0.854	0.858	0.855	0.864	0.859	0.825	0.84	0.842	0.839	0.814	0.797	0.781	0.746	0.716	0.692	0.653	0.615	0.518	0.513	0.442	0.406	0.362	0.304	0.286	0.239	0.173	0.155	0.124	0.101	0.078	0.06	0.025	0.045	0.038	0.025	0.018	0.011	0.012	0.008	0.001	0.002	0.002	0.001	0	0	0.001	0.001	
1	1	1	1	0.999	0.998	0.998	0.999	0.998	0.998	0.997	1	1	1	1	0.998	0.996	0.996	0.984	0.978	0.974	0.955	0.926	0.887	0.859	0.814	0.793	0.738	0.721	0.655	0.61	0.573	0.508	0.495	0.43	0.37	0.361	0.34	0.292	0.294	0.261	0.248	0.215	0.191	0.18	0.155	0.141	0.148	0.125	0.104	0.101	0.095	0.073	0.07	0.085	0.069	0.069	0.08	0.066	0.075	0.066	0.07	0.054	0.056	0.055	0.043	0.043	0.047	0.047	0.034	0.042	0.034	0.042	0.049	0.043	0.031	0.02	0.035	0.028	0.034	0.025	0.026	0.02	0.025	0.023	0.017	0.016	0.012	0.004	0.01	0.004	0.004	0.002	0.001	0.001	0.001	0.002	0	0	0	
1	1	1	1	1	1	1	1	1	1	1	1	1	1	1	1	0.999	0.998	0.997	0.999	0.991	0.988	0.987	0.977	0.966	0.958	0.955	0.936	0.917	0.904	0.897	0.857	0.878	0.857	0.799	0.806	0.809	0.77	0.764	0.738	0.744	0.721	0.703	0.689	0.685	0.666	0.654	0.66	0.624	0.609	0.63	0.597	0.613	0.555	0.512	0.5	0.45	0.406	0.362	0.335	0.293	0.257	0.19	0.159	0.114	0.085	0.087	0.042	0.036	0.03	0.033	0.015	0.013	0.012	0.006	0.004	0.003	0.002	0.003	0.002	0	0	0.003	0	0	0	0	0.001	0	0	0	0	0	0	0.001	0	0	0	0	0	
1	1	1	1	1	1	1	1	1	1	1	0.999	0.986	0.979	0.948	0.916	0.902	0.83	0.769	0.704	0.613	0.58	0.483	0.393	0.288	0.23	0.181	0.106	0.08	0.045	0.012	0.011	0.007	0.006	0.002	0.001	0	0	0.001	0	0	0	0	0	0	0	0	0	0	0	0	0	0	0	0	0	0	0	0	0	0	0	0	0	0	0	0	0	0	0	0	0	0	0	0	0	0	0	0	0	0	0	0	0	0	0	0	0	0	0	0	0	0	0	0	0	0	0	0	0	
1	1	1	1	1	1	1	1	1	1	1	1	1	1	1	1	1	1	1	1	1	1	1	1	0.997	0.994	0.995	0.994	0.988	0.981	0.988	0.975	0.97	0.957	0.96	0.956	0.937	0.93	0.927	0.909	0.902	0.904	0.899	0.913	0.899	0.892	0.888	0.891	0.899	0.881	0.896	0.877	0.877	0.863	0.872	0.885	0.888	0.894	0.861	0.891	0.876	0.869	0.855	0.836	0.824	0.828	0.799	0.808	0.797	0.755	0.751	0.659	0.618	0.592	0.526	0.513	0.435	0.414	0.314	0.273	0.253	0.188	0.142	0.134	0.1	0.078	0.058	0.049	0.031	0.021	0.006	0.011	0.011	0.003	0.004	0.003	0	0.001	0.001	0	
1	1	1	1	1	1	1	1	1	1	1	1	1	1	1	1	1	1	0.999	1	1	1	1	0.999	0.998	0.997	0.996	0.998	0.997	0.994	0.992	0.992	0.995	0.995	0.988	0.987	0.987	0.976	0.981	0.973	0.973	0.96	0.954	0.935	0.934	0.933	0.918	0.909	0.874	0.863	0.855	0.838	0.811	0.772	0.742	0.743	0.692	0.677	0.647	0.646	0.581	0.537	0.543	0.51	0.503	0.482	0.434	0.366	0.358	0.321	0.317	0.29	0.266	0.249	0.204	0.18	0.142	0.12	0.127	0.085	0.071	0.061	0.042	0.046	0.027	0.013	0.015	0.009	0.008	0.006	0.006	0.004	0.002	0.002	0.002	0	0.001	0	0.001	0	
1	1	1	1	1	1	1	1	1	1	1	1	1	1	0.998	1	0.995	0.987	0.98	0.934	0.883	0.84	0.781	0.667	0.533	0.487	0.37	0.308	0.223	0.173	0.105	0.085	0.046	0.052	0.027	0.014	0.013	0.006	0.007	0.003	0.005	0.001	0	0.001	0.001	0	0	0	0	0	0	0	0	0	0	0	0	0	0	0	0	0	0	0	0	0	0	0	0	0	0	0	0	0	0	0	0	0	0	0	0	0	0	0	0	0	0	0	0	0	0	0	0	0	0	0	0	0	0	0	
1	1	1	1	1	1	1	1	1	1	1	1	1	1	1	1	1	1	1	1	0.999	1	0.994	0.996	0.992	0.983	0.981	0.977	0.959	0.954	0.954	0.915	0.904	0.853	0.822	0.782	0.716	0.662	0.562	0.465	0.367	0.31	0.225	0.176	0.12	0.08	0.057	0.039	0.03	0.018	0.01	0.011	0.005	0.005	0.007	0.002	0.001	0	0.001	0	0	0	0	0	0	0	0	0	0	0	0	0	0	0	0	0	0	0	0	0	0	0	0	0	0	0	0	0	0	0	0	0	0	0	0	0	0	0	0	0	
1	1	1	1	1	1	1	1	1	1	1	1	1	1	1	1	1	1	1	1	1	1	1	1	1	1	0.999	1	0.994	0.994	0.993	0.988	0.983	0.977	0.97	0.962	0.95	0.948	0.928	0.921	0.907	0.894	0.855	0.847	0.781	0.802	0.762	0.76	0.707	0.68	0.674	0.663	0.619	0.613	0.579	0.568	0.551	0.55	0.526	0.511	0.541	0.482	0.529	0.494	0.497	0.485	0.491	0.473	0.461	0.458	0.471	0.502	0.495	0.464	0.455	0.47	0.451	0.429	0.401	0.384	0.375	0.349	0.31	0.274	0.247	0.231	0.223	0.186	0.139	0.135	0.111	0.097	0.075	0.068	0.05	0.041	0.019	0.025	0.017	0.013	
1	1	1	1	1	1	1	1	1	1	1	1	1	1	1	1	1	1	1	1	1	1	1	1	1	1	1	1	1	1	1	1	1	1	0.999	0.998	0.999	0.993	0.982	0.974	0.945	0.908	0.862	0.749	0.658	0.594	0.476	0.42	0.338	0.237	0.194	0.143	0.113	0.082	0.051	0.054	0.027	0.017	0.014	0.016	0.004	0.004	0.004	0.002	0.001	0	0	0	0	0	0	0	0	0	0	0	0	0	0	0	0	0	0	0	0	0	0	0	0	0	0	0	0	0	0	0	0	0	0	0	
1	1	1	1	1	1	1	1	1	0.986	0.967	0.926	0.846	0.728	0.614	0.46	0.324	0.239	0.154	0.089	0.035	0.028	0.016	0.01	0.004	0	0	0.001	0.001	0	0.001	0	0	0	0	0	0	0	0	0	0	0	0	0	0	0	0	0	0	0	0	0	0	0	0	0	0	0	0	0	0	0	0	0	0	0	0	0	0	0	0	0	0	0	0	0	0	0	0	0	0	0	0	0	0	0	0	0	0	0	0	0	0	0	0	0	0	0	0	0	
1	1	1	1	1	1	1	1	1	1	1	1	1	1	1	1	1	1	1	1	1	1	1	0.999	1	1	0.996	0.989	0.989	0.975	0.967	0.944	0.897	0.816	0.746	0.694	0.646	0.578	0.477	0.425	0.342	0.286	0.241	0.212	0.137	0.113	0.082	0.075	0.052	0.039	0.035	0.022	0.015	0.016	0.013	0.013	0.011	0.006	0.005	0.004	0.001	0.002	0.003	0.001	0	0	0	0	0	0	0.001	0	0.001	0	0.001	0	0	0	0	0	0	0	0	0	0	0	0	0	0	0	0	0	0	0	0	0	0	0	0	0	
1	1	1	1	1	1	1	1	1	1	1	1	1	1	1	1	1	1	1	1	1	1	1	1	1	1	1	1	1	0.999	1	0.999	1	0.999	0.999	0.997	0.998	0.999	1	1	1	0.998	0.998	0.997	0.998	0.996	0.997	0.992	0.995	0.986	0.993	0.982	0.985	0.985	0.983	0.986	0.982	0.986	0.974	0.978	0.978	0.96	0.967	0.969	0.955	0.959	0.949	0.963	0.945	0.933	0.937	0.936	0.916	0.92	0.913	0.904	0.862	0.88	0.863	0.859	0.837	0.821	0.809	0.834	0.814	0.783	0.749	0.763	0.739	0.7	0.685	0.658	0.654	0.65	0.577	0.574	0.561	0.542	0.496	0.49	
1	1	1	1	1	1	1	1	1	1	1	1	1	1	1	1	1	1	1	1	1	1	1	1	1	1	1	0.999	0.995	0.998	0.995	0.983	0.972	0.953	0.944	0.925	0.874	0.841	0.815	0.751	0.695	0.636	0.538	0.453	0.415	0.374	0.282	0.243	0.203	0.185	0.137	0.104	0.094	0.058	0.067	0.038	0.034	0.027	0.024	0.013	0.009	0.009	0.003	0.001	0.004	0.005	0.001	0.001	0	0	0.001	0.001	0	0	0	0	0	0	0	0	0	0	0	0	0	0	0	0	0	0	0	0	0	0	0	0	0	0	0	0	
1	1	1	1	1	1	1	1	1	1	1	1	1	1	1	0.998	0.998	0.995	0.989	0.989	0.972	0.959	0.954	0.934	0.929	0.912	0.859	0.854	0.782	0.769	0.713	0.645	0.589	0.524	0.499	0.371	0.357	0.28	0.241	0.197	0.139	0.098	0.088	0.057	0.02	0.021	0.007	0.004	0	0.001	0.001	0	0	0	0	0	0	0	0	0	0	0	0	0	0	0	0	0	0	0	0	0	0	0	0	0	0	0	0	0	0	0	0	0	0	0	0	0	0	0	0	0	0	0	0	0	0	0	0	0	
1	1	1	1	1	1	1	1	1	1	1	1	1	1	1	1	1	1	1	1	1	1	1	1	1	1	1	1	1	1	1	1	1	1	1	1	1	1	1	1	1	1	1	1	1	1	1	1	0.999	1	0.999	0.998	0.999	0.998	0.993	0.994	0.987	0.986	0.982	0.985	0.966	0.956	0.947	0.935	0.913	0.875	0.839	0.814	0.772	0.72	0.694	0.621	0.578	0.563	0.474	0.453	0.373	0.327	0.282	0.233	0.202	0.154	0.145	0.128	0.088	0.081	0.066	0.045	0.036	0.033	0.028	0.023	0.016	0.015	0.013	0.01	0.014	0.006	0.006	0.014	
1	1	1	1	1	1	1	1	1	1	1	1	1	1	1	1	1	1	1	1	0.999	1	1	1	0.995	0.997	0.993	0.987	0.977	0.956	0.936	0.931	0.897	0.837	0.836	0.761	0.746	0.673	0.648	0.585	0.538	0.514	0.453	0.405	0.384	0.371	0.316	0.271	0.254	0.221	0.192	0.169	0.168	0.138	0.131	0.089	0.095	0.099	0.082	0.075	0.069	0.049	0.05	0.04	0.042	0.028	0.016	0.024	0.012	0.013	0.011	0.012	0.013	0.005	0.005	0.004	0.004	0.001	0.003	0.001	0.003	0.002	0.003	0.002	0	0	0	0.002	0.001	0.001	0	0	0	0	0	0	0	0	0	0	
1	1	1	1	1	1	1	1	1	1	1	1	1	1	1	1	1	1	1	1	1	1	1	1	1	1	1	1	1	1	1	1	1	1	1	1	1	1	1	1	1	1	1	1	0.999	1	1	1	1	1	0.999	0.999	1	1	1	1	1	1	1	0.999	1	1	1	0.999	1	1	1	1	1	1	1	1	1	1	1	1	1	0.999	1	1	1	1	1	1	1	1	1	1	1	1	1	1	1	1	1	1	1	1	1	1	
1	1	1	1	1	1	1	1	1	1	1	1	1	1	1	1	1	1	1	1	0.999	1	1	1	1	1	1	1	1	0.999	1	1	1	1	0.999	0.998	0.999	0.997	0.998	0.996	0.998	0.995	0.997	0.995	0.996	0.997	0.997	0.994	0.995	0.997	1	0.999	0.999	0.996	0.999	0.997	0.998	0.997	0.997	0.999	0.994	0.986	0.974	0.96	0.942	0.882	0.835	0.761	0.668	0.564	0.444	0.394	0.305	0.22	0.15	0.115	0.066	0.042	0.032	0.017	0.007	0.006	0.002	0.003	0	0.001	0	0	0	0	0	0	0	0	0	0	0	0	0	0	
1	1	1	1	1	1	1	1	1	1	1	1	1	1	1	1	1	1	1	1	1	1	1	1	1	1	1	1	1	1	1	1	1	1	1	1	1	1	1	1	1	1	1	1	1	1	1	1	1	0.999	1	0.998	1	0.998	0.997	0.998	0.998	0.995	0.997	0.985	0.988	0.989	0.98	0.984	0.977	0.969	0.961	0.952	0.936	0.919	0.922	0.883	0.898	0.844	0.831	0.781	0.758	0.705	0.659	0.605	0.53	0.507	0.423	0.382	0.318	0.278	0.21	0.197	0.161	0.139	0.103	0.076	0.069	0.046	0.034	0.037	0.025	0.019	0.011	0.01	
1	1	1	1	1	1	1	1	1	1	1	1	1	1	1	1	1	1	1	1	1	1	1	0.999	0.996	0.99	0.965	0.937	0.883	0.778	0.71	0.577	0.477	0.412	0.291	0.235	0.158	0.085	0.08	0.059	0.035	0.02	0.014	0.01	0.006	0.001	0.004	0.001	0.005	0.003	0	0	0	0	0	0	0	0	0	0	0	0	0	0.001	0	0	0	0	0	0	0	0	0	0	0	0	0	0	0	0	0	0	0	0	0	0	0	0	0	0	0	0	0	0	0	0	0	0	0	0	
1	1	1	1	1	1	1	1	1	1	1	1	1	1	0.999	1	1	1	0.998	0.996	0.999	0.996	0.989	0.98	0.964	0.953	0.917	0.9	0.863	0.823	0.793	0.711	0.679	0.615	0.542	0.505	0.427	0.404	0.319	0.312	0.254	0.224	0.194	0.153	0.114	0.112	0.088	0.084	0.061	0.053	0.04	0.044	0.029	0.023	0.019	0.017	0.017	0.011	0.01	0.007	0.005	0.004	0.003	0.004	0.003	0.001	0	0.001	0.001	0	0	0	0	0	0	0	0	0	0	0	0	0	0	0	0	0	0	0	0	0	0	0	0	0	0	0	0	0	0	0	
1	1	1	1	1	1	1	1	1	1	1	1	1	1	1	1	1	1	1	1	1	1	1	1	1	1	1	1	1	1	1	1	1	1	1	1	1	1	1	0.999	0.999	0.994	0.993	0.995	0.997	0.993	0.991	0.991	0.995	0.99	0.992	0.993	0.992	0.989	0.99	0.995	0.991	0.992	0.996	0.996	0.993	0.998	0.998	0.996	0.996	0.998	0.998	0.999	0.997	0.999	1	1	0.999	1	1	0.999	1	1	1	1	1	1	1	1	1	1	1	1	1	1	1	1	1	1	1	1	1	1	1	1	
1	1	1	1	1	1	1	1	1	1	1	1	1	1	1	1	1	1	1	1	1	1	1	1	1	1	1	1	0.999	1	1	1	0.995	0.997	0.994	0.994	0.994	0.996	0.988	0.988	0.986	0.981	0.988	0.986	0.979	0.985	0.99	0.977	0.979	0.985	0.987	0.98	0.979	0.979	0.987	0.985	0.979	0.98	0.983	0.99	0.982	0.981	0.978	0.977	0.98	0.977	0.978	0.967	0.962	0.951	0.967	0.962	0.95	0.947	0.952	0.944	0.94	0.916	0.898	0.884	0.858	0.871	0.812	0.8	0.777	0.728	0.694	0.669	0.614	0.55	0.492	0.451	0.383	0.338	0.304	0.238	0.18	0.139	0.089	0.067	
1	1	1	1	1	1	1	1	1	1	1	1	1	1	1	1	1	1	1	1	1	1	1	1	1	1	1	1	1	1	1	1	1	1	1	1	1	1	1	1	1	1	1	1	1	1	1	1	1	1	1	1	1	1	1	1	1	1	1	0.999	0.998	0.998	0.996	0.999	0.999	0.998	0.994	0.988	0.988	0.986	0.975	0.959	0.943	0.928	0.912	0.882	0.843	0.763	0.745	0.699	0.634	0.586	0.504	0.474	0.407	0.351	0.297	0.251	0.212	0.2	0.144	0.112	0.094	0.085	0.061	0.046	0.042	0.042	0.033	0.019	
1	1	1	1	1	1	1	1	1	1	0.996	0.989	0.964	0.924	0.879	0.802	0.67	0.561	0.469	0.341	0.256	0.167	0.142	0.1	0.066	0.049	0.034	0.021	0.024	0.02	0.013	0.008	0.015	0.004	0.008	0.005	0.001	0.005	0.003	0.004	0.003	0.002	0.004	0.005	0.004	0.007	0.007	0.004	0.003	0.004	0.004	0.011	0.009	0.014	0.014	0.019	0.025	0.035	0.039	0.039	0.052	0.074	0.073	0.124	0.137	0.17	0.187	0.22	0.28	0.321	0.355	0.411	0.475	0.537	0.609	0.592	0.657	0.725	0.742	0.796	0.803	0.827	0.873	0.884	0.911	0.917	0.948	0.95	0.947	0.956	0.97	0.977	0.975	0.987	0.977	0.989	0.993	0.996	0.996	0.995	
1	1	1	1	1	1	0.998	1	0.999	0.998	0.994	0.989	0.969	0.939	0.842	0.722	0.588	0.386	0.252	0.14	0.095	0.051	0.023	0.009	0.003	0.006	0.001	0	0	0.001	0	0	0	0	0	0	0	0	0	0	0	0	0	0	0	0	0	0	0	0	0	0	0	0	0	0	0	0	0	0	0	0	0	0	0	0	0	0	0	0	0	0	0	0	0	0	0	0	0	0	0	0	0	0	0	0	0	0	0	0	0	0	0	0	0	0	0	0	0	0	
