1	1	1	1	1	1	1	1	1	1	1	1	1	1	0.999	0.997	0.982	0.944	0.859	0.728	0.597	0.434	0.293	0.211	0.136	0.069	0.04	0.026	0.019	0.006	0.003	0.002	0	0	0	0	0	0	0	0	0	0	0	0	0	0	0	0	0	0	0	0	0	0	0	0	0	0	0	0	0	0	0	0	0	0	0	0	0	0	0	0	0	0	0	0	0	0	0	0	0	0	0	0	0	0	0	0	0	0	0	0	0	0	0	0	0	0	0	0	
1	1	1	1	1	1	1	1	1	1	1	1	1	1	1	1	1	1	1	1	1	1	1	1	1	1	0.999	1	0.998	0.998	0.997	0.99	0.988	0.98	0.973	0.968	0.949	0.928	0.913	0.891	0.868	0.836	0.784	0.75	0.677	0.636	0.588	0.537	0.464	0.435	0.388	0.315	0.311	0.241	0.223	0.206	0.17	0.151	0.127	0.101	0.075	0.075	0.078	0.046	0.058	0.046	0.032	0.034	0.021	0.034	0.025	0.022	0.01	0.017	0.015	0.008	0.017	0.012	0.009	0.008	0.01	0.007	0.01	0.003	0.009	0.004	0.008	0.004	0.003	0.004	0.004	0.003	0.002	0.003	0.001	0.005	0.003	0.003	0.005	0.005	
1	1	1	1	1	1	1	1	1	1	1	1	1	1	1	1	1	1	1	1	1	1	0.998	0.997	0.994	0.954	0.927	0.863	0.758	0.683	0.521	0.402	0.269	0.209	0.135	0.073	0.047	0.029	0.019	0.008	0.004	0.003	0.001	0.001	0	0	0	0	0	0	0	0	0	0	0	0	0	0	0	0	0	0	0	0	0	0	0	0	0	0	0	0	0	0	0	0	0	0	0	0	0	0	0	0	0	0	0	0	0	0	0	0	0	0	0	0	0	0	0	0	
1	1	1	1	1	1	1	1	1	1	1	1	1	1	0.997	0.995	0.987	0.978	0.935	0.893	0.814	0.736	0.628	0.489	0.382	0.293	0.202	0.135	0.083	0.053	0.038	0.016	0.014	0.005	0.01	0.003	0	0	0	0.001	0	0	0	0	0	0	0	0	0	0	0	0	0	0	0	0	0	0	0	0	0	0	0	0	0	0	0	0	0	0	0	0	0	0	0	0	0	0	0	0	0	0	0	0	0	0	0	0	0	0	0	0	0	0	0	0	0	0	0	0	
1	1	1	1	1	1	0.999	0.995	0.983	0.961	0.88	0.752	0.584	0.384	0.243	0.125	0.077	0.045	0.023	0.008	0.002	0.002	0	0.002	0	0	0	0.001	0	0	0	0	0	0	0	0	0	0	0	0	0	0	0	0	0	0	0	0	0	0	0	0	0	0	0	0	0	0	0	0	0	0	0	0	0	0	0	0	0	0	0	0	0	0	0	0	0	0	0	0	0	0	0	0	0	0	0	0	0	0	0	0	0	0	0	0	0	0	0	0	
1	1	1	1	1	1	1	1	1	1	1	1	1	1	1	1	1	1	1	1	1	0.998	0.998	0.997	0.985	0.961	0.934	0.916	0.853	0.784	0.754	0.654	0.585	0.5	0.432	0.368	0.349	0.234	0.211	0.156	0.127	0.098	0.073	0.051	0.044	0.035	0.013	0.015	0.017	0.012	0.006	0.005	0.004	0.002	0.001	0.003	0.001	0	0.001	0	0	0	0	0.002	0	0	0	0	0	0	0	0	0	0	0	0	0	0	0	0	0	0	0	0	0	0	0	0	0	0	0	0	0	0	0	0	0	0	0	0	
1	1	1	1	1	1	1	1	1	1	1	0.994	0.986	0.978	0.973	0.95	0.921	0.889	0.843	0.791	0.746	0.687	0.653	0.597	0.534	0.494	0.415	0.384	0.339	0.268	0.263	0.184	0.156	0.14	0.114	0.102	0.087	0.081	0.044	0.056	0.034	0.04	0.033	0.027	0.022	0.018	0.016	0.014	0.015	0.008	0.003	0.004	0.001	0.005	0.002	0.005	0.003	0.003	0.002	0.001	0	0.002	0.003	0.002	0	0	0.001	0	0	0.001	0.003	0.001	0.002	0	0	0	0	0.001	0	0.002	0	0	0	0	0	0	0.001	0	0.001	0	0	0	0	0	0.001	0	0	0	0	0	
1	1	1	1	1	1	1	1	1	1	1	1	1	1	1	1	1	1	1	1	1	1	1	1	1	1	1	1	1	1	1	1	1	1	1	1	1	1	1	1	1	1	1	1	1	1	1	1	1	1	1	1	1	1	1	1	1	1	1	1	1	1	1	1	1	1	1	1	1	1	1	1	1	1	1	1	1	1	1	0.998	0.998	1	0.999	0.999	0.999	0.998	0.999	1	0.998	0.995	1	0.998	1	0.999	0.999	0.999	1	0.998	0.997	0.995	
1	1	1	1	1	1	1	1	1	1	1	1	1	1	1	1	1	1	1	1	0.997	0.996	0.995	0.987	0.983	0.943	0.922	0.838	0.795	0.711	0.644	0.573	0.426	0.326	0.267	0.189	0.112	0.086	0.046	0.035	0.014	0.017	0.008	0.002	0.003	0	0.002	0	0	0	0	0	0	0	0	0	0	0	0	0	0	0	0	0	0	0	0	0	0	0	0	0	0	0	0	0	0	0	0	0	0	0	0	0	0	0	0	0	0	0	0	0	0	0	0	0	0	0	0	0	
1	1	1	1	1	1	0.997	0.962	0.899	0.686	0.505	0.314	0.121	0.066	0.028	0.013	0.001	0.002	0	0.001	0	0	0	0	0	0	0	0	0	0	0	0	0	0	0	0	0	0	0	0	0	0	0	0	0	0	0	0	0	0	0	0	0	0	0	0	0	0	0	0	0	0	0	0	0	0	0	0	0	0	0	0	0	0	0	0	0	0	0	0	0	0	0	0	0	0	0	0	0	0	0	0	0	0	0	0	0	0	0	0	
1	1	1	1	1	1	1	1	1	1	1	1	1	1	1	1	1	1	1	1	0.999	0.997	0.986	0.951	0.879	0.798	0.683	0.552	0.404	0.301	0.199	0.104	0.072	0.04	0.021	0.015	0.006	0.001	0.001	0.002	0.002	0	0	0	0	0	0	0	0	0	0	0	0	0	0	0	0	0	0	0	0	0	0	0	0	0	0	0	0	0	0	0	0	0	0	0	0	0	0	0	0	0	0	0	0	0	0	0	0	0	0	0	0	0	0	0	0	0	0	0	
1	1	1	1	1	1	1	1	1	1	1	1	1	1	1	0.999	0.998	0.979	0.939	0.851	0.759	0.611	0.483	0.32	0.244	0.144	0.079	0.048	0.032	0.02	0.009	0.006	0.004	0.001	0	0.001	0	0	0	0	0	0	0	0	0	0	0	0	0	0	0	0	0	0	0	0	0	0	0	0	0	0	0	0	0	0	0	0	0	0	0	0	0	0	0	0	0	0	0	0	0	0	0	0	0	0	0	0	0	0	0	0	0	0	0	0	0	0	0	0	
1	1	1	1	1	1	1	1	1	1	1	1	1	1	1	1	1	1	1	1	1	1	1	1	1	1	1	1	1	1	1	1	1	0.997	0.995	0.989	0.964	0.944	0.909	0.848	0.804	0.724	0.641	0.528	0.437	0.374	0.312	0.247	0.179	0.112	0.107	0.068	0.046	0.046	0.029	0.022	0.012	0.014	0.001	0.009	0.006	0.006	0.001	0.001	0	0	0.001	0	0	0.001	0	0	0	0	0	0	0	0	0	0	0	0	0	0	0	0	0	0	0	0	0	0	0	0	0	0	0	0	0	0	
1	1	1	1	1	1	1	1	1	1	1	0.998	0.99	0.996	0.979	0.976	0.97	0.962	0.962	0.946	0.945	0.938	0.943	0.937	0.931	0.946	0.92	0.904	0.901	0.88	0.832	0.804	0.806	0.765	0.702	0.688	0.574	0.535	0.488	0.475	0.444	0.348	0.32	0.268	0.251	0.203	0.157	0.14	0.105	0.082	0.058	0.053	0.027	0.022	0.019	0.01	0.002	0.006	0.003	0.001	0.002	0.001	0	0	0	0	0	0	0	0	0	0	0	0	0	0	0	0	0	0	0	0	0	0	0	0	0	0	0	0	0	0	0	0	0	0	0	0	0	0	
1	1	1	1	0.99	0.897	0.748	0.558	0.418	0.293	0.217	0.124	0.126	0.09	0.065	0.051	0.041	0.041	0.023	0.018	0.016	0.014	0.013	0.008	0.011	0.008	0.005	0.003	0.002	0.003	0	0.005	0.003	0	0	0	0	0	0	0	0	0	0	0	0	0	0	0	0	0	0	0	0	0	0	0	0	0	0	0	0	0	0	0	0	0	0	0	0	0	0	0	0	0	0	0	0	0	0	0	0	0	0	0	0	0	0	0	0	0	0	0	0	0	0	0	0	0	0	0	
1	1	1	1	1	1	1	1	1	1	1	1	1	1	1	1	0.999	0.995	0.988	0.977	0.957	0.928	0.854	0.744	0.665	0.555	0.424	0.356	0.273	0.178	0.141	0.1	0.07	0.044	0.025	0.018	0.006	0.002	0.004	0.001	0	0.001	0	0	0	0	0	0	0	0	0	0	0	0	0	0	0	0	0	0	0	0	0	0	0	0	0	0	0	0	0	0	0	0	0	0	0	0	0	0	0	0	0	0	0	0	0	0	0	0	0	0	0	0	0	0	0	0	0	0	
1	1	1	1	1	1	1	1	1	1	1	1	1	1	1	1	1	0.999	1	0.999	0.994	0.985	0.979	0.968	0.932	0.908	0.882	0.803	0.722	0.688	0.62	0.548	0.486	0.441	0.364	0.315	0.269	0.216	0.219	0.183	0.142	0.134	0.113	0.099	0.093	0.059	0.058	0.043	0.04	0.026	0.025	0.019	0.015	0.015	0.012	0.009	0.007	0.006	0.005	0.004	0.001	0.001	0.001	0.004	0	0.001	0.003	0.002	0	0	0.001	0.001	0	0	0	0	0	0	0	0	0	0	0	0	0	0	0	0	0	0	0	0	0	0	0	0	0	0	0	0	
1	1	1	1	1	1	1	1	0.999	0.998	0.994	0.998	0.994	0.993	0.989	0.975	0.979	0.96	0.946	0.922	0.879	0.85	0.795	0.702	0.626	0.561	0.515	0.41	0.357	0.27	0.241	0.194	0.155	0.122	0.097	0.08	0.054	0.045	0.044	0.036	0.025	0.02	0.013	0.013	0.012	0.005	0.004	0.006	0.007	0.008	0.003	0.002	0.004	0.001	0.001	0.002	0.004	0	0.003	0.001	0.001	0.002	0.001	0	0.001	0.001	0	0	0	0	0	0.001	0	0	0.001	0	0	0	0	0	0.001	0	0	0	0	0	0	0	0	0	0	0.001	0	0.001	0	0	0	0	0	0	
1	1	1	1	0.996	0.98	0.956	0.917	0.9	0.866	0.865	0.809	0.805	0.801	0.814	0.725	0.75	0.764	0.738	0.722	0.72	0.715	0.683	0.709	0.686	0.691	0.684	0.693	0.696	0.648	0.667	0.677	0.648	0.654	0.656	0.63	0.658	0.607	0.603	0.61	0.561	0.598	0.537	0.537	0.534	0.482	0.497	0.446	0.446	0.436	0.385	0.353	0.374	0.339	0.317	0.302	0.288	0.261	0.275	0.216	0.226	0.203	0.194	0.178	0.166	0.182	0.178	0.171	0.122	0.14	0.136	0.126	0.129	0.141	0.099	0.107	0.093	0.101	0.083	0.112	0.091	0.099	0.093	0.08	0.079	0.079	0.078	0.062	0.076	0.065	0.073	0.071	0.071	0.059	0.06	0.082	0.068	0.063	0.06	0.069	
1	1	1	1	1	1	1	1	1	1	1	1	1	0.998	0.997	0.99	0.984	0.962	0.941	0.889	0.837	0.765	0.68	0.62	0.489	0.41	0.359	0.302	0.247	0.184	0.142	0.123	0.088	0.074	0.066	0.064	0.044	0.024	0.035	0.027	0.029	0.024	0.025	0.017	0.015	0.011	0.016	0.019	0.008	0.011	0.01	0.012	0.014	0.01	0.012	0.017	0.013	0.014	0.011	0.017	0.009	0.005	0.011	0.023	0.013	0.011	0.013	0.015	0.009	0.011	0.021	0.014	0.015	0.021	0.019	0.02	0.015	0.017	0.027	0.022	0.022	0.026	0.02	0.028	0.02	0.026	0.021	0.023	0.026	0.025	0.022	0.029	0.029	0.036	0.018	0.016	0.033	0.025	0.02	0.014	
1	1	1	1	1	1	1	1	1	1	1	0.999	1	1	0.998	0.998	0.997	0.997	0.991	0.997	0.989	0.989	0.985	0.992	0.98	0.978	0.968	0.956	0.916	0.83	0.773	0.67	0.557	0.464	0.38	0.301	0.189	0.142	0.117	0.08	0.049	0.046	0.031	0.018	0.02	0.009	0.006	0.002	0	0.003	0.002	0.001	0	0	0	0.001	0	0	0	0	0	0	0	0	0	0	0	0	0	0	0	0	0	0	0	0	0	0	0	0	0	0	0	0	0	0	0	0	0	0	0	0	0	0	0	0	0	0	0	0	
1	1	1	1	1	1	1	1	1	1	0.997	0.99	0.977	0.942	0.873	0.827	0.75	0.658	0.577	0.491	0.419	0.366	0.331	0.237	0.202	0.17	0.154	0.126	0.116	0.101	0.084	0.069	0.055	0.059	0.048	0.031	0.026	0.026	0.028	0.035	0.024	0.025	0.007	0.004	0.012	0.014	0.007	0.004	0.006	0.005	0.009	0.004	0.004	0.003	0.003	0.002	0.003	0.001	0.001	0.004	0	0	0.002	0.002	0.003	0	0.002	0.003	0.002	0.001	0.001	0	0.001	0.001	0.001	0	0	0	0	0.001	0	0	0	0	0	0	0	0	0	0	0	0	0	0	0	0	0	0	0	0	
1	1	1	1	1	1	1	1	1	1	1	1	1	1	1	1	1	1	1	1	1	0.997	0.99	0.963	0.912	0.808	0.697	0.512	0.391	0.254	0.158	0.117	0.072	0.022	0.019	0.012	0.009	0.001	0.001	0	0	0	0	0	0	0	0	0	0	0	0	0	0	0	0	0	0	0	0	0	0	0	0	0	0	0	0	0	0	0	0	0	0	0	0	0	0	0	0	0	0	0	0	0	0	0	0	0	0	0	0	0	0	0	0	0	0	0	0	0	
1	1	1	1	1	1	1	1	1	1	1	1	1	1	1	1	0.999	0.988	0.955	0.91	0.796	0.665	0.571	0.432	0.326	0.217	0.166	0.091	0.069	0.056	0.043	0.018	0.017	0.008	0.008	0.004	0.005	0.001	0.002	0.001	0	0.002	0	0	0	0	0	0	0	0	0	0	0	0	0	0	0	0	0	0	0	0	0	0	0	0	0	0	0	0	0	0	0	0	0	0	0	0	0	0	0	0	0	0	0	0	0	0	0	0	0	0	0	0	0	0	0	0	0	0	
1	1	1	1	1	1	1	1	1	1	1	1	1	1	1	1	1	1	1	1	1	0.999	0.998	1	1	0.999	1	0.998	0.999	1	1	1	1	0.997	1	1	1	0.999	0.998	1	1	0.999	1	1	0.999	0.998	1	0.999	0.999	1	0.999	0.997	0.996	0.998	1	0.997	0.993	0.996	0.995	0.989	0.99	0.994	0.993	0.988	0.989	0.989	0.993	0.982	0.984	0.987	0.983	0.985	0.985	0.982	0.977	0.979	0.983	0.977	0.98	0.974	0.983	0.971	0.972	0.978	0.971	0.979	0.968	0.964	0.977	0.964	0.962	0.974	0.964	0.958	0.969	0.975	0.958	0.966	0.973	0.953	
1	1	1	1	1	0.998	1	0.995	0.998	0.999	0.997	1	1	1	1	0.999	0.999	0.999	0.996	0.999	1	0.997	0.999	0.996	0.997	0.993	0.988	0.993	0.989	0.984	0.986	0.968	0.957	0.947	0.928	0.905	0.91	0.9	0.903	0.898	0.894	0.856	0.838	0.856	0.837	0.826	0.832	0.809	0.795	0.787	0.802	0.819	0.819	0.784	0.805	0.805	0.796	0.806	0.797	0.825	0.832	0.814	0.799	0.825	0.807	0.812	0.842	0.833	0.835	0.832	0.831	0.834	0.845	0.837	0.83	0.855	0.849	0.838	0.857	0.877	0.858	0.835	0.852	0.866	0.864	0.87	0.848	0.849	0.899	0.866	0.889	0.868	0.877	0.868	0.868	0.885	0.875	0.88	0.894	0.893	
1	1	1	1	1	1	1	1	1	1	1	1	1	1	1	1	1	1	1	1	1	1	0.999	0.999	0.999	0.99	0.978	0.942	0.891	0.817	0.706	0.568	0.452	0.382	0.282	0.188	0.125	0.093	0.052	0.033	0.029	0.012	0.008	0.003	0.001	0.001	0.001	0.001	0.001	0.001	0	0	0	0	0	0	0	0	0	0	0	0	0	0	0	0	0	0	0	0	0	0	0	0	0	0	0	0	0	0	0	0	0	0	0	0	0	0	0	0	0	0	0	0	0	0	0	0	0	0	
1	1	1	1	1	1	1	1	1	1	1	1	1	1	1	0.999	0.997	0.996	0.99	0.988	0.968	0.974	0.938	0.916	0.886	0.858	0.842	0.819	0.766	0.722	0.7	0.653	0.641	0.591	0.558	0.523	0.493	0.44	0.442	0.42	0.373	0.384	0.347	0.351	0.297	0.302	0.27	0.299	0.253	0.237	0.233	0.237	0.222	0.201	0.174	0.178	0.17	0.167	0.154	0.129	0.159	0.128	0.128	0.124	0.081	0.104	0.1	0.073	0.068	0.078	0.061	0.038	0.054	0.047	0.033	0.038	0.037	0.031	0.024	0.024	0.017	0.01	0.014	0.009	0.01	0.006	0.011	0.008	0.003	0.008	0.005	0.003	0.001	0.001	0.003	0	0.003	0.001	0	0.001	
1	1	1	1	1	1	1	1	1	1	1	1	0.998	0.992	0.984	0.962	0.939	0.936	0.891	0.821	0.794	0.723	0.674	0.622	0.525	0.471	0.374	0.326	0.272	0.208	0.189	0.148	0.125	0.109	0.079	0.069	0.061	0.055	0.051	0.032	0.031	0.018	0.029	0.014	0.013	0.016	0.018	0.012	0.011	0.011	0.008	0.009	0.01	0.008	0.007	0.007	0.005	0.002	0.005	0.005	0.004	0.006	0.004	0.002	0.004	0.002	0.001	0.005	0.004	0.001	0.002	0.003	0.003	0.002	0.001	0	0	0.005	0	0.001	0.001	0	0.002	0.003	0.001	0.001	0	0	0	0	0.001	0.001	0.001	0.002	0.001	0	0	0.001	0	0	
1	1	1	1	1	1	1	1	1	1	1	1	1	1	1	0.998	0.998	0.981	0.951	0.901	0.797	0.666	0.574	0.44	0.362	0.282	0.2	0.13	0.119	0.084	0.051	0.045	0.033	0.027	0.027	0.017	0.009	0.015	0.015	0.008	0.009	0.003	0.005	0.007	0.003	0.003	0.006	0	0.001	0.004	0.002	0.004	0.003	0.002	0.005	0.003	0.007	0.003	0.005	0.007	0.006	0.002	0.008	0.003	0.008	0.011	0.007	0.007	0.007	0.008	0.01	0.01	0.009	0.014	0.015	0.016	0.013	0.02	0.005	0.01	0.015	0.012	0.016	0.013	0.012	0.015	0.016	0.014	0.019	0.014	0.027	0.02	0.03	0.012	0.017	0.018	0.024	0.022	0.027	0.017	
1	1	1	1	1	1	1	0.998	0.989	0.978	0.946	0.895	0.811	0.729	0.663	0.543	0.503	0.423	0.391	0.301	0.228	0.193	0.128	0.083	0.036	0.022	0.013	0.007	0.005	0.002	0	0	0	0	0	0	0	0	0	0	0	0	0	0	0	0	0	0	0	0	0	0	0	0	0	0	0	0	0	0	0	0	0	0	0	0	0	0	0	0	0	0	0	0	0	0	0	0	0	0	0	0	0	0	0	0	0	0	0	0	0	0	0	0	0	0	0	0	0	0	
1	1	1	1	1	1	0.997	0.996	0.982	0.935	0.893	0.795	0.718	0.588	0.491	0.376	0.292	0.213	0.131	0.066	0.058	0.022	0.02	0.008	0.005	0.006	0.001	0.002	0.002	0	0	0.001	0	0	0	0	0	0	0	0	0	0	0	0	0	0	0	0	0	0	0	0	0	0	0	0	0	0	0	0	0	0	0	0	0	0	0	0	0	0	0	0	0	0	0	0	0	0	0	0	0	0	0	0	0	0	0	0	0	0	0	0	0	0	0	0	0	0	0	0	
1	1	1	1	1	1	1	1	1	1	1	1	1	1	1	1	1	1	1	1	1	1	1	1	1	1	1	1	1	1	1	1	1	1	1	1	1	1	1	1	1	1	1	1	1	1	1	1	1	1	1	1	0.999	1	1	1	1	1	1	1	0.999	0.999	1	1	0.999	1	0.999	1	0.999	1	0.999	0.999	1	0.999	1	0.999	0.999	1	0.998	1	0.999	0.997	0.998	0.999	1	1	0.997	0.998	0.999	0.997	0.998	0.994	0.996	0.998	0.998	0.994	0.998	0.994	0.993	0.998	
1	1	1	1	1	1	1	1	1	1	1	1	0.999	1	1	0.997	0.988	0.969	0.908	0.868	0.775	0.672	0.584	0.45	0.355	0.273	0.229	0.168	0.117	0.088	0.07	0.055	0.031	0.032	0.023	0.02	0.017	0.009	0.01	0.001	0.005	0.006	0.002	0.004	0	0.002	0.004	0.001	0.001	0	0.001	0.001	0	0.001	0	0	0.002	0	0	0	0.001	0	0	0.001	0	0	0	0	0	0	0	0	0	0	0	0	0	0	0	0	0	0	0	0	0	0	0	0	0	0	0	0	0	0	0	0	0	0	0	0	
1	1	1	1	1	1	1	1	1	0.999	0.999	1	0.998	0.999	0.999	0.998	0.999	0.999	0.997	0.994	0.995	0.991	0.988	0.973	0.98	0.954	0.94	0.912	0.898	0.85	0.799	0.745	0.653	0.583	0.555	0.476	0.392	0.315	0.284	0.203	0.134	0.104	0.086	0.051	0.036	0.036	0.018	0.01	0.004	0.004	0.001	0	0.001	0	0	0	0	0	0	0	0	0	0	0	0	0	0	0	0	0	0	0	0	0	0	0	0	0	0	0	0	0	0	0	0	0	0	0	0	0	0	0	0	0	0	0	0	0	0	0	
1	1	1	1	1	1	1	1	1	1	1	1	1	1	1	1	1	1	1	1	1	1	1	1	1	1	0.999	0.995	0.987	0.983	0.957	0.908	0.883	0.794	0.679	0.583	0.477	0.374	0.321	0.213	0.143	0.102	0.082	0.052	0.03	0.028	0.016	0.006	0.009	0.004	0.004	0.002	0.001	0	0.001	0	0	0	0	0	0	0	0	0	0	0	0	0	0	0	0	0	0	0	0	0	0	0	0	0	0	0	0	0	0	0	0	0	0	0	0	0	0	0	0	0	0	0	0	0	
1	1	1	1	1	1	1	1	1	1	1	1	1	1	1	1	1	0.999	0.999	0.998	0.999	0.991	0.989	0.989	0.979	0.974	0.948	0.952	0.939	0.892	0.863	0.85	0.8	0.789	0.756	0.685	0.66	0.599	0.579	0.507	0.503	0.455	0.393	0.385	0.33	0.305	0.303	0.263	0.218	0.21	0.181	0.137	0.137	0.118	0.109	0.105	0.081	0.071	0.064	0.043	0.027	0.024	0.022	0.017	0.018	0.011	0.011	0.004	0.003	0.003	0.002	0.005	0	0.002	0	0	0	0	0.001	0	0.001	0	0	0	0	0	0	0	0	0	0	0	0	0	0	0	0	0	0	0	
1	1	1	1	1	1	1	1	1	1	1	1	1	1	1	1	1	1	1	1	1	1	1	1	0.999	0.999	0.995	0.994	0.984	0.981	0.965	0.941	0.924	0.899	0.876	0.833	0.798	0.752	0.703	0.632	0.591	0.494	0.449	0.387	0.329	0.286	0.233	0.173	0.141	0.113	0.081	0.062	0.047	0.034	0.024	0.011	0.01	0.016	0.005	0.005	0.001	0	0.002	0.001	0.001	0	0	0	0	0.001	0	0	0	0	0	0	0	0	0	0	0	0	0	0	0	0	0	0	0	0	0	0	0	0	0	0	0	0	0	0	
1	1	1	1	1	1	1	1	1	1	1	1	1	1	1	1	1	1	1	1	1	0.998	0.999	0.995	0.979	0.958	0.908	0.825	0.659	0.583	0.425	0.287	0.168	0.145	0.088	0.065	0.028	0.015	0.005	0.004	0.003	0	0	0	0	0	0	0	0	0	0	0	0	0	0	0	0	0	0	0	0	0	0	0	0	0	0	0	0	0	0	0	0	0	0	0	0	0	0	0	0	0	0	0	0	0	0	0	0	0	0	0	0	0	0	0	0	0	0	0	
1	1	1	1	1	1	1	1	1	1	1	0.98	0.896	0.737	0.533	0.4	0.241	0.152	0.123	0.067	0.044	0.038	0.025	0.018	0.012	0.015	0.008	0.008	0.007	0.007	0.011	0.002	0.003	0.004	0.01	0.005	0.004	0.003	0.007	0.001	0.003	0.004	0.007	0.002	0.003	0.001	0.004	0.002	0.004	0.005	0	0	0.001	0	0.002	0.002	0.001	0.001	0.003	0.006	0.002	0.002	0.004	0	0.002	0	0	0	0.001	0.001	0	0	0.003	0.002	0.001	0.001	0.001	0	0.001	0.002	0.001	0.001	0	0	0.001	0	0	0	0.001	0.003	0.001	0	0.001	0	0	0.001	0	0	0.001	0	
1	1	1	1	1	1	1	1	1	1	0.999	0.999	0.998	0.998	0.985	0.987	0.977	0.977	0.964	0.952	0.936	0.923	0.912	0.839	0.787	0.675	0.548	0.444	0.341	0.242	0.155	0.118	0.071	0.039	0.025	0.017	0.008	0.004	0.005	0.002	0.002	0.001	0	0	0	0	0	0	0	0	0	0	0	0	0	0	0	0	0	0	0	0	0	0	0	0	0	0	0	0	0	0	0	0	0	0	0	0	0	0	0	0	0	0	0	0	0	0	0	0	0	0	0	0	0	0	0	0	0	0	
1	1	1	1	1	1	1	1	1	1	1	1	1	1	0.999	0.999	0.998	0.986	0.979	0.979	0.953	0.948	0.922	0.898	0.877	0.825	0.737	0.66	0.603	0.493	0.453	0.339	0.29	0.218	0.166	0.116	0.093	0.068	0.051	0.038	0.028	0.019	0.021	0.01	0.005	0.008	0.003	0.005	0.003	0.006	0.001	0.001	0	0.001	0	0	0	0	0	0	0	0	0	0	0	0	0	0	0	0	0	0	0	0	0	0	0	0	0	0	0	0	0	0	0	0	0	0	0	0	0	0	0	0	0	0	0	0	0	0	
1	1	1	1	1	1	1	1	1	1	1	1	1	1	0.999	1	1	0.999	0.998	1	0.998	0.996	0.982	0.959	0.931	0.844	0.752	0.641	0.503	0.366	0.276	0.193	0.124	0.078	0.027	0.026	0.01	0.006	0.002	0.002	0.001	0.003	0	0	0.001	0.002	0	0	0	0	0	0	0	0	0	0	0	0	0	0	0	0	0	0	0	0	0	0	0	0	0	0	0	0	0	0	0	0	0	0	0	0	0	0	0	0	0	0	0	0	0	0	0	0	0	0	0	0	0	0	
1	1	1	1	1	1	1	1	1	1	1	1	1	1	1	1	1	1	1	1	1	1	1	1	0.999	1	1	1	0.999	1	1	1	1	1	1	1	1	1	1	1	1	0.999	0.998	0.996	0.992	0.993	0.983	0.973	0.962	0.957	0.948	0.938	0.921	0.888	0.867	0.865	0.816	0.802	0.775	0.727	0.706	0.681	0.627	0.599	0.532	0.537	0.462	0.462	0.429	0.396	0.366	0.339	0.308	0.288	0.269	0.231	0.201	0.201	0.183	0.159	0.139	0.131	0.118	0.112	0.076	0.077	0.075	0.049	0.062	0.06	0.052	0.036	0.042	0.033	0.023	0.02	0.023	0.022	0.022	0.022	
1	1	1	1	1	1	1	1	1	1	1	1	1	1	0.998	0.996	0.985	0.964	0.917	0.877	0.755	0.674	0.569	0.474	0.385	0.292	0.235	0.185	0.137	0.087	0.07	0.049	0.032	0.021	0.018	0.015	0.011	0.003	0.004	0.006	0.002	0.001	0	0.001	0	0	0	0	0	0	0	0	0	0	0	0	0	0	0	0	0	0	0	0	0	0	0	0	0	0	0	0	0	0	0	0	0	0	0	0	0	0	0	0	0	0	0	0	0	0	0	0	0	0	0	0	0	0	0	0	
1	1	1	1	1	1	1	1	1	1	1	0.999	0.999	0.996	0.989	0.986	0.964	0.937	0.922	0.865	0.849	0.818	0.762	0.691	0.67	0.597	0.562	0.499	0.44	0.39	0.356	0.274	0.198	0.157	0.11	0.093	0.057	0.04	0.03	0.013	0.007	0.003	0.002	0	0.003	0	0	0	0	0	0	0	0	0	0	0	0	0	0	0	0	0	0	0	0	0	0	0	0	0	0	0	0	0	0	0	0	0	0	0	0	0	0	0	0	0	0	0	0	0	0	0	0	0	0	0	0	0	0	0	
1	1	1	1	1	1	1	1	1	1	1	1	1	1	1	1	1	1	1	1	1	0.997	0.995	0.987	0.991	0.98	0.956	0.931	0.931	0.9	0.887	0.834	0.807	0.804	0.781	0.743	0.723	0.71	0.696	0.634	0.649	0.619	0.564	0.56	0.578	0.522	0.528	0.502	0.494	0.49	0.474	0.43	0.457	0.427	0.394	0.398	0.375	0.388	0.362	0.327	0.344	0.318	0.31	0.273	0.261	0.263	0.262	0.262	0.248	0.214	0.208	0.216	0.193	0.197	0.209	0.181	0.17	0.183	0.179	0.154	0.154	0.167	0.117	0.118	0.124	0.122	0.115	0.109	0.11	0.097	0.1	0.085	0.107	0.099	0.084	0.088	0.08	0.077	0.07	0.073	
1	1	1	1	1	1	1	1	1	0.999	0.998	0.995	0.988	0.984	0.978	0.973	0.97	0.964	0.935	0.926	0.883	0.841	0.762	0.697	0.646	0.546	0.46	0.403	0.365	0.302	0.249	0.228	0.206	0.191	0.155	0.143	0.114	0.117	0.09	0.091	0.077	0.069	0.071	0.069	0.056	0.058	0.045	0.049	0.065	0.057	0.033	0.033	0.032	0.046	0.027	0.028	0.02	0.025	0.013	0.018	0.017	0.013	0.012	0.01	0.011	0.009	0.008	0.001	0.004	0.004	0.003	0.001	0.006	0.002	0.004	0.003	0.006	0.001	0.001	0.001	0	0.003	0.001	0.002	0.001	0	0	0.001	0	0	0	0.001	0	0	0	0	0	0	0	0	
1	1	1	1	1	1	1	1	1	1	1	1	1	1	1	1	1	1	1	1	1	1	1	1	1	1	1	1	1	1	1	1	1	1	0.998	1	0.998	0.999	0.999	0.996	0.994	0.992	0.991	0.975	0.978	0.972	0.963	0.948	0.916	0.922	0.889	0.877	0.855	0.833	0.819	0.782	0.783	0.749	0.708	0.704	0.705	0.625	0.652	0.597	0.558	0.544	0.544	0.544	0.51	0.51	0.475	0.488	0.451	0.461	0.423	0.432	0.424	0.442	0.422	0.424	0.45	0.424	0.423	0.438	0.425	0.443	0.442	0.451	0.492	0.451	0.453	0.481	0.516	0.498	0.512	0.537	0.502	0.539	0.519	0.521	
1	1	1	1	1	1	1	1	1	1	1	1	1	1	1	1	1	0.999	1	0.998	1	0.998	0.997	0.999	0.997	0.996	0.995	0.994	0.988	0.984	0.982	0.985	0.961	0.955	0.925	0.912	0.889	0.854	0.782	0.716	0.659	0.581	0.543	0.483	0.427	0.358	0.289	0.219	0.22	0.168	0.153	0.112	0.069	0.077	0.071	0.053	0.034	0.035	0.028	0.017	0.013	0.022	0.007	0.007	0.005	0.004	0.001	0.002	0.003	0.007	0.001	0.002	0.001	0	0.002	0.001	0.001	0.001	0.003	0	0.001	0.001	0.001	0.001	0	0	0	0	0	0	0	0	0	0	0	0	0	0	0	0	
1	1	1	1	1	1	1	1	1	1	1	1	1	0.999	0.999	0.997	0.996	0.987	0.984	0.976	0.981	0.971	0.956	0.953	0.934	0.921	0.903	0.882	0.867	0.84	0.833	0.791	0.759	0.732	0.695	0.619	0.53	0.479	0.413	0.328	0.241	0.18	0.116	0.09	0.052	0.039	0.018	0.009	0.013	0.007	0.001	0.001	0	0	0	0	0	0	0	0	0	0	0	0	0	0	0	0	0	0	0	0	0	0	0	0	0	0	0	0	0	0	0	0	0	0	0	0	0	0	0	0	0	0	0	0	0	0	0	0	
1	1	1	1	1	0.999	0.991	0.982	0.958	0.916	0.881	0.837	0.825	0.773	0.798	0.759	0.732	0.682	0.646	0.6	0.579	0.544	0.471	0.438	0.382	0.366	0.34	0.284	0.266	0.229	0.199	0.162	0.156	0.117	0.104	0.107	0.075	0.083	0.076	0.051	0.06	0.052	0.055	0.039	0.043	0.031	0.041	0.047	0.025	0.036	0.056	0.039	0.027	0.044	0.039	0.038	0.042	0.038	0.051	0.043	0.042	0.029	0.054	0.047	0.054	0.049	0.047	0.049	0.043	0.05	0.064	0.052	0.048	0.052	0.067	0.061	0.07	0.06	0.079	0.054	0.069	0.075	0.079	0.085	0.072	0.077	0.076	0.093	0.075	0.095	0.084	0.107	0.092	0.103	0.109	0.098	0.11	0.101	0.089	0.096	
1	1	1	1	1	1	1	1	1	1	1	1	1	1	1	1	1	1	1	1	0.998	0.999	0.995	0.991	0.988	0.985	0.981	0.966	0.95	0.939	0.939	0.925	0.895	0.881	0.852	0.817	0.812	0.785	0.754	0.737	0.692	0.641	0.625	0.594	0.569	0.555	0.513	0.483	0.433	0.433	0.374	0.382	0.337	0.362	0.318	0.293	0.282	0.293	0.274	0.265	0.238	0.216	0.232	0.193	0.223	0.204	0.201	0.173	0.17	0.167	0.145	0.154	0.15	0.146	0.159	0.134	0.148	0.138	0.148	0.122	0.143	0.122	0.126	0.113	0.117	0.119	0.1	0.123	0.133	0.106	0.099	0.132	0.123	0.104	0.115	0.103	0.106	0.115	0.101	0.11	
1	1	1	1	1	0.999	0.992	0.989	0.973	0.978	0.949	0.961	0.942	0.921	0.926	0.903	0.909	0.92	0.919	0.926	0.931	0.939	0.926	0.944	0.954	0.945	0.961	0.963	0.976	0.976	0.979	0.98	0.978	0.981	0.987	0.978	0.984	0.984	0.98	0.988	0.978	0.987	0.978	0.963	0.963	0.965	0.955	0.953	0.939	0.937	0.928	0.932	0.923	0.916	0.905	0.901	0.888	0.886	0.885	0.882	0.871	0.878	0.863	0.869	0.852	0.851	0.847	0.826	0.826	0.825	0.844	0.817	0.831	0.836	0.828	0.8	0.821	0.811	0.806	0.818	0.839	0.817	0.821	0.833	0.852	0.809	0.828	0.846	0.831	0.84	0.839	0.821	0.86	0.847	0.835	0.871	0.832	0.852	0.856	0.855	
1	1	1	1	1	1	1	1	1	1	1	1	0.992	0.989	0.938	0.873	0.73	0.566	0.428	0.257	0.158	0.087	0.038	0.017	0.009	0.003	0	0	0.002	0	0	0	0	0	0	0	0	0	0	0	0	0	0	0	0	0	0	0	0	0	0	0	0	0	0	0	0	0	0	0	0	0	0	0	0	0	0	0	0	0	0	0	0	0	0	0	0	0	0	0	0	0	0	0	0	0	0	0	0	0	0	0	0	0	0	0	0	0	0	0	
1	1	0.997	0.968	0.912	0.828	0.763	0.696	0.601	0.563	0.486	0.424	0.401	0.343	0.312	0.257	0.209	0.205	0.185	0.143	0.145	0.131	0.1	0.11	0.1	0.101	0.094	0.102	0.094	0.075	0.088	0.1	0.09	0.079	0.082	0.09	0.063	0.075	0.073	0.078	0.051	0.06	0.043	0.039	0.03	0.039	0.044	0.03	0.026	0.015	0.021	0.019	0.014	0.011	0.013	0.011	0.007	0.013	0.007	0.005	0.006	0.006	0.003	0.003	0.001	0.004	0.003	0.001	0.001	0	0.001	0.001	0	0	0	0	0.001	0.001	0.001	0	0.001	0	0	0.001	0	0	0.001	0	0	0	0	0	0	0	0	0	0	0	0	0	
1	1	1	1	1	1	1	1	1	1	1	1	1	1	1	1	1	1	1	1	1	1	1	1	0.999	0.995	0.976	0.948	0.875	0.799	0.688	0.57	0.407	0.354	0.218	0.169	0.105	0.078	0.057	0.029	0.018	0.012	0.011	0.004	0.004	0.004	0.001	0	0	0	0	0	0	0	0	0	0	0	0	0	0	0	0	0	0	0	0	0	0	0	0	0	0	0	0	0	0	0	0	0	0	0	0	0	0	0	0	0	0	0	0	0	0	0	0	0	0	0	0	0	
1	1	1	1	1	1	0.997	0.987	0.978	0.957	0.965	0.944	0.929	0.889	0.856	0.822	0.794	0.766	0.711	0.633	0.546	0.432	0.357	0.268	0.194	0.152	0.124	0.083	0.042	0.048	0.032	0.018	0.012	0.005	0.009	0.006	0.009	0.006	0.004	0.004	0.001	0.006	0	0.002	0.002	0	0.001	0	0.001	0.002	0.001	0	0.001	0	0	0	0.002	0	0	0	0	0	0	0	0	0	0	0	0.001	0.001	0	0	0	0.001	0	0	0	0	0.001	0.002	0.001	0	0.001	0	0	0	0	0.001	0	0	0	0	0	0.001	0.001	0	0	0.001	0	0.001	
1	1	1	1	1	1	1	1	1	1	1	1	1	1	1	1	1	1	1	1	1	1	1	1	1	1	1	1	1	1	0.999	0.996	0.996	0.994	0.987	0.973	0.952	0.937	0.914	0.875	0.856	0.813	0.772	0.726	0.689	0.65	0.607	0.542	0.497	0.46	0.405	0.385	0.353	0.322	0.288	0.241	0.232	0.212	0.187	0.176	0.154	0.14	0.153	0.141	0.115	0.1	0.083	0.075	0.067	0.069	0.059	0.057	0.054	0.048	0.04	0.024	0.033	0.027	0.03	0.013	0.023	0.013	0.018	0.017	0.017	0.013	0.01	0.007	0.007	0.011	0.007	0.002	0.006	0.008	0.002	0.007	0.004	0.002	0.006	0.003	
1	0.905	0.743	0.483	0.27	0.144	0.065	0.039	0.027	0.019	0.006	0.004	0.002	0.002	0.001	0	0	0	0	0.001	0	0	0	0	0	0	0	0	0	0	0	0	0	0	0	0	0	0	0	0	0	0	0	0	0	0	0	0	0	0	0	0	0	0	0	0	0	0	0	0	0	0	0	0	0	0	0	0	0	0	0	0	0	0	0	0	0	0	0	0	0	0	0	0	0	0	0	0	0	0	0	0	0	0	0	0	0	0	0	0	
1	1	1	1	1	1	1	1	1	1	1	1	1	1	1	1	1	1	1	1	1	1	1	1	1	1	1	1	1	1	1	1	1	1	1	1	1	1	1	1	1	0.999	0.998	1	0.999	0.999	1	0.999	0.999	1	1	0.999	1	0.997	0.998	0.99	0.997	0.998	0.994	0.992	0.996	0.994	0.99	0.998	0.991	0.993	0.986	0.976	0.985	0.988	0.981	0.972	0.977	0.983	0.976	0.978	0.978	0.97	0.975	0.982	0.954	0.954	0.971	0.959	0.962	0.951	0.951	0.958	0.963	0.962	0.96	0.953	0.956	0.959	0.955	0.953	0.959	0.966	0.948	0.957	
1	1	1	1	1	1	1	1	1	1	1	1	1	1	1	1	1	1	1	1	1	0.999	0.999	0.998	0.977	0.956	0.932	0.868	0.79	0.701	0.583	0.461	0.383	0.286	0.198	0.149	0.081	0.062	0.045	0.036	0.014	0.016	0.008	0.007	0.003	0.003	0.002	0	0	0	0.002	0.001	0	0	0	0	0	0	0	0	0.001	0	0	0	0	0	0	0	0	0	0	0	0	0	0	0	0	0	0	0	0	0	0	0	0	0	0	0	0	0	0	0	0	0	0	0	0	0	0	0	
1	1	1	1	1	1	1	1	1	1	1	1	0.999	0.999	1	1	0.999	0.997	0.998	0.997	0.997	0.994	0.98	0.959	0.926	0.9	0.807	0.754	0.621	0.535	0.414	0.336	0.223	0.171	0.101	0.074	0.044	0.034	0.014	0.012	0.006	0.003	0.006	0.003	0.001	0	0.001	0	0	0	0	0	0	0	0	0	0	0	0	0	0	0	0	0	0	0	0	0	0	0	0	0	0	0	0	0	0	0	0	0	0	0	0	0	0	0	0	0	0	0	0	0	0	0	0	0	0	0	0	0	
1	1	1	1	1	0.999	0.996	0.996	0.974	0.961	0.948	0.89	0.868	0.814	0.723	0.618	0.545	0.455	0.374	0.315	0.25	0.214	0.174	0.15	0.122	0.104	0.089	0.073	0.057	0.042	0.062	0.026	0.034	0.037	0.034	0.038	0.019	0.041	0.023	0.015	0.02	0.022	0.017	0.018	0.017	0.021	0.018	0.014	0.016	0.019	0.011	0.015	0.007	0.014	0.013	0.016	0.012	0.014	0.009	0.011	0.011	0.013	0.007	0.006	0.012	0.008	0.007	0.009	0.006	0.004	0.004	0.005	0.011	0.005	0.008	0.007	0.004	0.006	0.006	0.001	0.002	0.003	0.006	0.004	0.006	0.003	0.002	0.004	0.002	0.001	0.007	0.003	0.004	0.003	0.002	0.002	0	0.006	0.002	0.004	
1	1	1	1	1	1	1	1	1	1	1	1	1	1	1	1	1	1	1	1	1	1	1	1	1	1	1	0.999	0.999	0.997	0.992	0.977	0.955	0.907	0.865	0.773	0.678	0.58	0.456	0.366	0.296	0.193	0.117	0.091	0.063	0.038	0.03	0.013	0.013	0.006	0.003	0.002	0.001	0.001	0.001	0.002	0	0	0.001	0	0	0	0	0	0	0	0	0	0	0	0	0	0	0	0	0	0	0	0	0	0	0	0	0	0	0	0	0	0	0	0	0	0	0	0	0	0	0	0	0	
1	1	1	1	1	1	1	1	1	1	1	1	1	1	0.999	0.994	0.989	0.987	0.977	0.955	0.923	0.879	0.852	0.786	0.737	0.672	0.6	0.539	0.489	0.421	0.372	0.318	0.282	0.256	0.224	0.205	0.168	0.146	0.129	0.117	0.11	0.071	0.075	0.075	0.064	0.04	0.044	0.034	0.05	0.023	0.03	0.027	0.021	0.02	0.013	0.013	0.014	0.012	0.009	0.016	0.013	0.004	0.008	0.005	0.005	0.009	0.007	0.011	0.004	0.005	0.003	0.001	0.003	0.002	0.001	0.002	0	0	0.001	0	0	0.001	0	0	0.004	0	0.001	0.002	0	0	0	0	0.002	0.001	0	0	0	0	0	0	
1	1	1	1	1	1	1	1	1	1	1	1	1	1	1	0.987	0.956	0.882	0.711	0.53	0.288	0.162	0.077	0.034	0.012	0.006	0.002	0.001	0	0	0	0	0	0	0	0	0	0	0	0	0	0	0	0	0	0	0	0	0	0	0	0	0	0	0	0	0	0	0	0	0	0	0	0	0	0	0	0	0	0	0	0	0	0	0	0	0	0	0	0	0	0	0	0	0	0	0	0	0	0	0	0	0	0	0	0	0	0	0	0	
1	1	1	1	1	1	1	1	1	1	1	1	1	1	1	1	1	1	1	1	1	0.996	0.994	0.986	0.961	0.913	0.884	0.824	0.762	0.673	0.58	0.471	0.345	0.291	0.209	0.147	0.095	0.064	0.04	0.016	0.016	0.007	0.002	0.001	0.001	0	0	0	0	0	0	0	0	0	0	0	0	0	0	0	0	0	0	0	0	0	0	0	0	0	0	0	0	0	0	0	0	0	0	0	0	0	0	0	0	0	0	0	0	0	0	0	0	0	0	0	0	0	0	0	
1	1	1	1	1	1	1	1	1	1	1	1	1	1	1	1	1	1	1	1	1	1	1	1	1	1	1	1	1	1	0.999	1	0.998	0.999	0.998	0.993	0.996	0.996	0.99	0.987	0.983	0.973	0.974	0.958	0.952	0.947	0.924	0.912	0.886	0.879	0.874	0.845	0.805	0.769	0.739	0.713	0.669	0.652	0.614	0.576	0.539	0.496	0.443	0.427	0.407	0.354	0.345	0.301	0.289	0.24	0.205	0.196	0.179	0.153	0.147	0.126	0.119	0.11	0.114	0.086	0.073	0.06	0.044	0.042	0.041	0.037	0.031	0.02	0.023	0.025	0.013	0.012	0.014	0.01	0.01	0.012	0.009	0.005	0.004	0.001	
1	1	1	1	1	1	0.999	0.997	0.99	0.983	0.984	0.96	0.921	0.913	0.878	0.856	0.831	0.793	0.784	0.76	0.72	0.717	0.7	0.655	0.589	0.594	0.557	0.54	0.511	0.44	0.423	0.381	0.379	0.31	0.292	0.271	0.234	0.223	0.177	0.171	0.146	0.123	0.119	0.097	0.08	0.056	0.065	0.058	0.061	0.033	0.028	0.032	0.031	0.021	0.021	0.015	0.013	0.005	0.007	0.009	0.002	0.004	0.006	0.008	0.005	0.005	0.002	0.001	0.001	0.004	0.003	0.003	0	0	0	0.001	0.001	0.001	0.002	0	0.001	0	0.002	0	0	0	0	0	0	0	0	0	0.001	0.001	0	0	0	0	0	0	
1	1	1	1	1	1	1	1	1	1	1	1	1	1	1	1	1	1	1	1	1	1	1	1	1	1	1	1	1	1	1	1	1	1	1	1	0.999	0.999	1	1	1	0.999	1	0.999	1	0.998	0.997	0.999	0.999	1	0.999	1	1	0.999	0.998	0.998	0.998	0.998	0.996	0.995	0.998	0.997	0.996	0.995	0.993	0.991	0.99	0.995	0.988	0.998	0.992	0.986	0.987	0.989	0.984	0.986	0.977	0.976	0.98	0.982	0.966	0.97	0.966	0.973	0.965	0.957	0.946	0.943	0.946	0.941	0.928	0.921	0.937	0.92	0.929	0.905	0.893	0.88	0.862	0.866	
1	1	1	1	1	1	1	1	0.997	0.978	0.958	0.914	0.819	0.736	0.611	0.515	0.423	0.343	0.279	0.232	0.162	0.149	0.123	0.109	0.091	0.077	0.074	0.06	0.058	0.04	0.033	0.02	0.023	0.017	0.009	0.006	0.004	0.004	0.002	0	0.001	0.001	0	0	0	0	0	0	0	0	0	0	0	0	0	0	0	0	0	0	0	0	0	0	0	0	0	0	0	0	0	0	0	0	0	0	0	0	0	0	0	0	0	0	0	0	0	0	0	0	0	0	0	0	0	0	0	0	0	0	
1	1	1	1	1	1	1	1	1	1	0.997	0.999	0.986	0.986	0.968	0.942	0.927	0.905	0.853	0.849	0.813	0.743	0.725	0.684	0.653	0.642	0.567	0.552	0.484	0.443	0.432	0.396	0.347	0.33	0.29	0.272	0.239	0.22	0.193	0.163	0.142	0.133	0.115	0.09	0.09	0.079	0.062	0.049	0.041	0.041	0.04	0.036	0.027	0.026	0.011	0.016	0.01	0.008	0.01	0.007	0.005	0.004	0.001	0.006	0.003	0.004	0.004	0.001	0.001	0.002	0.002	0.002	0	0.004	0.001	0.001	0.001	0.001	0	0	0.003	0	0.003	0	0	0	0	0	0.001	0	0	0	0	0	0	0	0	0	0	0	
1	1	1	1	1	1	1	1	1	1	1	1	1	0.998	0.997	0.996	0.999	0.991	0.988	0.976	0.983	0.966	0.96	0.954	0.946	0.93	0.914	0.898	0.897	0.893	0.868	0.847	0.838	0.83	0.797	0.813	0.783	0.769	0.748	0.736	0.734	0.711	0.696	0.677	0.648	0.631	0.649	0.634	0.593	0.568	0.538	0.511	0.542	0.502	0.478	0.456	0.461	0.439	0.417	0.352	0.359	0.34	0.346	0.288	0.269	0.271	0.223	0.242	0.195	0.183	0.177	0.16	0.139	0.127	0.126	0.126	0.113	0.094	0.093	0.103	0.095	0.08	0.068	0.068	0.071	0.066	0.064	0.057	0.053	0.057	0.05	0.04	0.049	0.041	0.043	0.045	0.035	0.038	0.038	0.041	
1	1	1	0.987	0.957	0.904	0.877	0.865	0.846	0.842	0.834	0.834	0.841	0.838	0.821	0.796	0.754	0.737	0.686	0.644	0.597	0.526	0.481	0.421	0.408	0.369	0.322	0.295	0.227	0.219	0.173	0.144	0.123	0.103	0.087	0.088	0.073	0.057	0.039	0.037	0.026	0.027	0.029	0.016	0.024	0.009	0.011	0.01	0.01	0.004	0.004	0.003	0.003	0.002	0.004	0.004	0.001	0.001	0.001	0.001	0.003	0.002	0.002	0	0	0.001	0.003	0.001	0	0	0.001	0.001	0.001	0.001	0	0	0.003	0.001	0	0.001	0.001	0.003	0.004	0.001	0.002	0.001	0	0	0.002	0.001	0.001	0.002	0.003	0.003	0.001	0.001	0.001	0.003	0.003	0.001	
1	1	1	1	1	0.998	0.996	0.99	0.982	0.958	0.963	0.932	0.886	0.893	0.847	0.793	0.798	0.787	0.741	0.736	0.718	0.7	0.71	0.678	0.622	0.609	0.568	0.562	0.519	0.491	0.471	0.433	0.442	0.413	0.353	0.352	0.375	0.314	0.32	0.279	0.296	0.314	0.291	0.264	0.24	0.254	0.241	0.242	0.238	0.231	0.238	0.209	0.197	0.217	0.194	0.189	0.219	0.19	0.192	0.177	0.178	0.179	0.178	0.174	0.156	0.179	0.18	0.168	0.155	0.162	0.154	0.165	0.156	0.156	0.144	0.136	0.135	0.162	0.167	0.149	0.143	0.137	0.139	0.148	0.162	0.134	0.137	0.147	0.131	0.153	0.138	0.136	0.142	0.138	0.133	0.108	0.125	0.141	0.121	0.097	
0.998	0.913	0.835	0.762	0.772	0.768	0.785	0.819	0.83	0.814	0.799	0.783	0.742	0.707	0.686	0.652	0.614	0.596	0.566	0.523	0.457	0.448	0.457	0.41	0.379	0.335	0.288	0.241	0.179	0.127	0.113	0.075	0.034	0.03	0.011	0.011	0	0.001	0.001	0	0	0	0	0	0	0	0	0	0	0	0	0	0	0	0	0	0	0	0	0	0	0	0	0	0	0	0	0	0	0	0	0	0	0	0	0	0	0	0	0	0	0	0	0	0	0	0	0	0	0	0	0	0	0	0	0	0	0	0	0	
1	1	1	1	1	1	1	1	1	1	1	0.999	0.997	0.994	0.979	0.963	0.914	0.851	0.802	0.752	0.675	0.639	0.571	0.545	0.458	0.447	0.457	0.371	0.378	0.325	0.334	0.294	0.26	0.264	0.252	0.218	0.221	0.212	0.196	0.161	0.168	0.133	0.141	0.122	0.125	0.096	0.102	0.094	0.086	0.075	0.072	0.049	0.06	0.058	0.05	0.052	0.042	0.046	0.035	0.035	0.037	0.026	0.029	0.02	0.025	0.028	0.029	0.032	0.018	0.025	0.02	0.014	0.025	0.018	0.015	0.02	0.017	0.01	0.014	0.022	0.009	0.008	0.012	0.01	0.007	0.011	0.008	0.01	0.006	0.007	0.013	0.01	0.007	0.012	0.007	0.005	0.009	0.002	0.007	0.01	
1	1	1	1	1	1	1	1	1	1	1	1	1	1	1	1	1	1	1	1	1	1	1	1	1	1	1	1	1	1	1	1	1	0.998	0.999	1	1	0.999	0.995	0.999	0.998	0.998	0.998	0.993	0.997	1	0.996	0.992	0.994	0.99	0.993	0.989	0.995	0.992	0.992	0.989	0.989	0.985	0.985	0.988	0.985	0.99	0.978	0.978	0.986	0.983	0.984	0.974	0.983	0.977	0.983	0.979	0.969	0.982	0.978	0.979	0.98	0.978	0.987	0.976	0.969	0.983	0.974	0.978	0.973	0.972	0.978	0.973	0.971	0.968	0.969	0.971	0.968	0.977	0.981	0.971	0.975	0.976	0.98	0.978	
1	1	1	1	1	1	1	1	1	1	0.999	0.991	0.981	0.907	0.755	0.525	0.324	0.172	0.084	0.029	0.007	0.006	0.004	0	0	0	0	0	0	0	0	0	0	0	0	0	0	0	0	0	0	0	0	0	0	0	0	0	0	0	0	0	0	0	0	0	0	0	0	0	0	0	0	0	0	0	0	0	0	0	0	0	0	0	0	0	0	0	0	0	0	0	0	0	0	0	0	0	0	0	0	0	0	0	0	0	0	0	0	0	
1	1	1	1	1	1	1	1	1	1	1	1	1	1	1	1	1	1	1	1	1	1	1	1	0.999	0.999	0.993	0.985	0.954	0.879	0.783	0.684	0.548	0.431	0.312	0.209	0.127	0.075	0.045	0.023	0.021	0.006	0.003	0.003	0.002	0	0	0	0	0	0	0	0	0	0	0	0	0	0	0	0	0	0	0	0	0	0	0	0	0	0	0	0	0	0	0	0	0	0	0	0	0	0	0	0	0	0	0	0	0	0	0	0	0	0	0	0	0	0	0	
1	1	1	1	1	1	1	1	1	1	1	1	1	1	1	1	1	1	1	1	1	1	1	1	1	1	1	1	1	1	0.999	1	0.999	0.999	0.999	0.998	0.999	0.999	1	0.999	0.999	0.998	0.999	1	0.998	0.997	0.998	0.997	0.999	1	0.999	0.998	0.994	0.998	0.998	0.997	0.997	0.996	0.999	0.997	0.998	1	0.996	0.997	0.999	0.994	0.998	0.999	0.996	0.996	0.995	0.999	1	0.997	0.997	0.997	0.999	0.998	0.999	0.997	0.996	0.999	0.999	0.998	0.999	0.998	0.996	0.999	0.998	0.999	0.999	1	1	0.997	0.999	0.998	0.999	0.999	0.999	1	
1	1	1	1	1	1	1	1	1	1	1	1	1	1	1	1	1	1	1	1	1	1	1	1	1	1	1	1	1	1	1	0.998	1	0.999	0.988	0.981	0.945	0.905	0.85	0.758	0.667	0.557	0.405	0.341	0.264	0.187	0.127	0.082	0.051	0.035	0.02	0.01	0.008	0.004	0.001	0.003	0.001	0	0	0	0.002	0	0	0	0.001	0	0	0	0	0	0	0	0	0	0	0	0	0	0	0	0	0	0	0	0	0	0	0	0	0	0	0	0	0	0	0	0	0	0	0	
1	1	1	1	1	1	1	1	0.995	0.97	0.906	0.793	0.66	0.488	0.359	0.251	0.168	0.107	0.06	0.052	0.028	0.009	0.009	0.003	0.002	0.002	0.001	0.002	0	0	0	0	0	0	0	0	0	0	0	0	0	0	0	0	0	0	0	0	0	0	0	0	0	0	0	0	0	0	0	0	0	0	0	0	0	0	0	0	0	0	0	0	0	0	0	0	0	0	0	0	0	0	0	0	0	0	0	0	0	0	0	0	0	0	0	0	0	0	0	0	
1	1	1	1	1	1	1	1	1	1	1	1	1	1	1	1	0.997	0.998	0.996	0.992	0.988	0.986	0.974	0.967	0.946	0.927	0.923	0.88	0.863	0.814	0.777	0.715	0.673	0.631	0.551	0.496	0.434	0.389	0.31	0.287	0.238	0.177	0.141	0.127	0.117	0.078	0.067	0.049	0.03	0.032	0.022	0.016	0.013	0.009	0.016	0.002	0.002	0.008	0.001	0.001	0.004	0.001	0.001	0	0	0	0.001	0	0	0	0	0	0	0	0	0	0	0	0	0	0	0	0	0	0	0	0	0	0	0	0	0	0	0	0	0	0	0	0	0	
1	1	1	1	1	1	1	1	1	1	1	1	1	1	1	1	1	1	1	1	1	1	1	1	1	0.999	0.997	1	0.999	1	0.998	0.995	0.997	0.994	0.987	0.995	0.994	0.992	0.986	0.989	0.982	0.981	0.98	0.98	0.977	0.974	0.971	0.967	0.966	0.969	0.968	0.957	0.954	0.95	0.956	0.958	0.936	0.941	0.936	0.932	0.934	0.931	0.933	0.923	0.904	0.924	0.913	0.923	0.932	0.913	0.908	0.925	0.896	0.915	0.903	0.901	0.893	0.902	0.894	0.881	0.884	0.898	0.909	0.884	0.885	0.896	0.875	0.881	0.88	0.876	0.871	0.879	0.885	0.876	0.85	0.865	0.864	0.861	0.872	0.866	
1	1	1	1	1	1	1	1	1	1	1	1	1	1	1	1	1	0.999	1	0.998	1	0.994	0.993	0.988	0.959	0.964	0.934	0.908	0.855	0.819	0.782	0.672	0.619	0.547	0.487	0.393	0.361	0.293	0.253	0.184	0.16	0.133	0.104	0.068	0.058	0.034	0.036	0.021	0.016	0.015	0.018	0.006	0.005	0.004	0.002	0.002	0.001	0.001	0.001	0.001	0.002	0	0	0	0	0	0	0	0	0	0	0	0	0	0	0	0	0	0	0	0	0	0	0	0	0	0	0	0	0	0	0	0	0	0	0	0	0	0	0	
1	1	1	1	1	1	1	1	1	1	0.999	1	0.972	0.879	0.635	0.354	0.145	0.044	0.006	0.001	0.001	0	0	0	0	0	0	0	0	0	0	0	0	0	0	0	0	0	0	0	0	0	0	0	0	0	0	0	0	0	0	0	0	0	0	0	0	0	0	0	0	0	0	0	0	0	0	0	0	0	0	0	0	0	0	0	0	0	0	0	0	0	0	0	0	0	0	0	0	0	0	0	0	0	0	0	0	0	0	0	
1	1	1	1	1	1	1	1	1	1	1	1	1	1	1	1	1	1	1	1	1	1	1	1	1	1	1	1	1	1	1	1	1	1	0.999	1	1	1	1	1	1	0.999	1	1	1	1	1	1	1	1	0.999	1	1	1	1	1	1	1	1	0.999	1	0.999	0.999	1	1	0.997	1	1	0.998	1	0.999	1	0.998	0.998	1	0.999	0.998	0.996	0.999	0.998	0.998	0.999	0.999	0.998	0.995	0.998	0.998	0.999	0.999	0.997	0.998	0.993	1	0.998	0.998	0.997	0.998	0.996	0.998	0.998	
1	1	1	1	1	1	1	1	1	1	1	1	1	1	0.998	0.999	0.993	0.978	0.955	0.909	0.844	0.727	0.643	0.54	0.427	0.35	0.275	0.23	0.194	0.154	0.126	0.11	0.111	0.099	0.09	0.091	0.078	0.09	0.093	0.104	0.097	0.101	0.098	0.103	0.106	0.1	0.095	0.08	0.086	0.07	0.067	0.067	0.047	0.043	0.039	0.045	0.035	0.031	0.026	0.024	0.029	0.014	0.025	0.028	0.017	0.015	0.016	0.015	0.014	0.014	0.011	0.012	0.016	0.006	0.017	0.014	0.011	0.013	0.012	0.013	0.016	0.019	0.01	0.015	0.015	0.009	0.015	0.014	0.005	0.017	0.016	0.018	0.018	0.018	0.019	0.027	0.02	0.014	0.022	0.013	
1	1	1	1	1	1	1	1	1	1	1	1	1	1	0.995	0.992	0.984	0.979	0.953	0.935	0.929	0.866	0.807	0.72	0.604	0.424	0.292	0.207	0.117	0.077	0.05	0.023	0.011	0.004	0.002	0	0	0	0	0	0	0	0	0	0	0	0	0	0	0	0	0	0	0	0	0	0	0	0	0	0	0	0	0	0	0	0	0	0	0	0	0	0	0	0	0	0	0	0	0	0	0	0	0	0	0	0	0	0	0	0	0	0	0	0	0	0	0	0	0	
1	1	1	1	1	1	1	1	0.997	0.978	0.977	0.961	0.951	0.938	0.931	0.913	0.93	0.905	0.904	0.84	0.772	0.709	0.605	0.551	0.461	0.398	0.305	0.231	0.184	0.15	0.138	0.098	0.076	0.05	0.044	0.025	0.022	0.023	0.01	0.008	0.006	0.007	0.004	0.001	0.002	0.002	0	0.003	0	0	0	0	0	0	0	0	0	0	0	0	0	0	0	0	0	0	0	0	0	0	0	0	0	0	0	0	0	0	0	0	0	0	0	0	0	0	0	0	0	0	0	0	0	0	0	0	0	0	0	0	
1	1	1	1	1	1	1	1	1	1	1	1	1	1	1	1	1	1	1	1	1	1	1	1	1	1	1	1	1	1	1	1	1	1	1	1	1	1	1	1	1	1	1	1	1	1	1	1	1	1	1	1	1	1	1	1	1	1	1	1	1	1	1	1	1	1	1	1	1	0.999	1	1	1	0.999	1	1	1	1	1	1	1	0.999	1	1	1	1	1	0.999	1	1	0.999	1	1	1	0.999	1	0.999	0.998	1	0.998	
1	1	1	1	1	1	1	1	1	1	1	1	1	1	1	1	1	1	1	1	0.999	0.998	0.999	0.996	0.993	0.991	0.983	0.976	0.944	0.911	0.886	0.837	0.791	0.726	0.705	0.589	0.527	0.469	0.388	0.319	0.26	0.232	0.17	0.146	0.1	0.074	0.048	0.031	0.029	0.024	0.017	0.008	0.004	0.006	0.004	0.001	0.001	0.002	0.001	0	0	0	0	0	0	0	0	0	0	0	0	0	0	0	0	0	0	0	0	0	0	0	0	0	0	0	0	0	0	0	0	0	0	0	0	0	0	0	0	0	
1	1	1	1	0.999	0.995	0.987	0.984	0.964	0.964	0.936	0.924	0.907	0.878	0.845	0.803	0.764	0.742	0.702	0.647	0.609	0.591	0.541	0.463	0.441	0.386	0.306	0.288	0.274	0.225	0.196	0.176	0.12	0.132	0.104	0.062	0.076	0.063	0.047	0.037	0.022	0.025	0.016	0.008	0.015	0.008	0.007	0.001	0.003	0.002	0.002	0.003	0.001	0.001	0	0.001	0	0	0	0	0	0	0	0	0	0	0	0	0	0	0	0	0	0	0	0	0	0	0	0	0	0	0	0	0	0	0	0	0	0	0	0	0	0	0	0	0	0	0	0	
1	1	1	1	1	1	0.999	0.997	0.998	0.991	0.981	0.967	0.951	0.92	0.887	0.873	0.855	0.842	0.819	0.812	0.814	0.813	0.793	0.804	0.806	0.81	0.82	0.819	0.827	0.813	0.826	0.778	0.744	0.666	0.634	0.542	0.481	0.388	0.323	0.267	0.184	0.158	0.129	0.091	0.066	0.057	0.04	0.021	0.029	0.021	0.014	0.009	0.008	0.005	0.003	0.001	0	0.001	0	0	0	0	0.001	0	0.001	0	0	0	0	0.001	0	0	0	0	0	0	0	0	0	0	0	0	0	0	0	0	0	0	0	0	0	0	0	0	0	0	0	0	0	0	
1	1	1	1	1	1	1	1	1	1	1	1	1	1	1	1	1	1	1	1	1	1	1	1	1	0.999	0.999	0.996	0.994	0.994	0.978	0.988	0.975	0.965	0.971	0.96	0.961	0.94	0.921	0.912	0.91	0.877	0.864	0.865	0.831	0.828	0.803	0.803	0.775	0.79	0.755	0.757	0.736	0.744	0.696	0.699	0.681	0.666	0.63	0.634	0.63	0.635	0.563	0.564	0.566	0.548	0.542	0.525	0.535	0.501	0.485	0.468	0.458	0.457	0.443	0.444	0.368	0.343	0.37	0.33	0.325	0.313	0.312	0.298	0.287	0.253	0.246	0.236	0.215	0.208	0.207	0.185	0.193	0.161	0.159	0.148	0.147	0.101	0.114	0.108	
1	1	1	1	1	1	1	1	1	1	1	1	1	1	1	1	1	1	1	1	1	1	1	1	1	1	1	1	1	1	1	1	1	1	1	1	1	1	1	1	1	1	1	1	1	1	1	1	1	1	1	1	1	1	1	1	1	1	1	1	0.999	1	1	1	1	1	1	1	1	1	1	1	0.998	0.999	1	1	0.999	0.999	1	0.998	0.998	0.999	0.999	1	0.997	0.996	0.997	0.999	0.997	0.997	0.998	0.997	0.997	0.999	0.999	0.997	0.994	0.996	0.997	0.997	
1	1	1	1	1	1	1	1	1	1	1	0.999	0.992	0.987	0.937	0.85	0.714	0.575	0.415	0.26	0.153	0.074	0.038	0.02	0.01	0.003	0.004	0	0	0.001	0	0	0	0	0	0	0	0	0	0	0	0	0	0	0	0	0	0	0	0	0	0	0	0	0	0	0	0	0	0	0	0	0	0	0	0	0	0	0	0	0	0	0	0	0	0	0	0	0	0	0	0	0	0	0	0	0	0	0	0	0	0	0	0	0	0	0	0	0	0	
1	0.976	0.765	0.441	0.246	0.153	0.105	0.076	0.071	0.075	0.105	0.081	0.093	0.097	0.072	0.067	0.043	0.038	0.013	0.02	0.007	0.003	0.004	0.001	0.001	0	0.001	0.001	0	0	0	0	0	0	0	0	0	0	0	0	0	0	0	0	0	0	0	0	0	0	0	0	0	0	0	0	0	0	0	0	0	0	0	0	0	0	0	0	0	0	0	0	0	0	0	0	0	0	0	0	0	0	0	0	0	0	0	0	0	0	0	0	0	0	0	0	0	0	0	0	
